5.038168861685359268e+00
7.985389797519476751e+00
5.933437349516110793e+00
2.241076559044767436e+00
1.783442086503054469e+00
1.352643734880978332e+00
1.010503983291461738e+00
3.980743374403686308e-01
5.593656833518618754e-01
2.858630584873915748e-01
2.298428321963787990e-01
2.247020594327282239e-01
1.467652145201823466e-01
1.337961032112824911e-01
1.068244155130372713e-01
9.162167255153126633e-02
8.024332299750193409e-02
6.881094625223933836e-02
6.131026073553248051e-02
6.920137762521681724e-02
5.730578952988871905e-02
4.226780287319371887e-02
5.900336374600502476e-02
4.015044434006781460e-02
3.432257956282906003e-02
3.769764332674299667e-02
3.177221363117869318e-02
2.920201757006854471e-02
2.941337254980157592e-02
2.728190614259488542e-02
2.614307667037346281e-02
2.542611486090736589e-02
2.458854241020244635e-02
2.397223649325796666e-02
2.312732853940550545e-02
2.262195574595922756e-02
2.193520067401803428e-02
2.166803227382457786e-02
2.127346750890522428e-02
2.089217678872361955e-02
2.053806568060779353e-02
2.007979880036844106e-02
1.964634420923762337e-02
1.919449888598653842e-02
1.880222501082407308e-02
1.831795153456530420e-02
1.789728914986871491e-02
1.737996139120185496e-02
1.757208196370816863e-02
1.727175736591146649e-02
1.679204388228228845e-02
1.646566188621764737e-02
1.630213865039590107e-02
1.603781507536662307e-02
1.566593207732229140e-02
1.519898566999409312e-02
1.464717801134329117e-02
1.422645564621687932e-02
1.416304904346233663e-02
1.360993239739260660e-02
1.312096943640366983e-02
1.279705228878902888e-02
1.222937992589846062e-02
1.182497028735706238e-02
1.157566805099668333e-02
1.108365434002813420e-02
1.059924471000532435e-02
1.013591029267814185e-02
1.002361672490814822e-02
9.821170680715578249e-03
9.555465184882800875e-03
9.303603499224565032e-03
9.095621440707317776e-03
8.839792550663260612e-03
8.593328753980243595e-03
8.741012312394158545e-03
8.531879536283371035e-03
8.393918663725113277e-03
8.245695163556797380e-03
8.095442870522297912e-03
7.988362613183672828e-03
7.841878746163242347e-03
7.683933909269714639e-03
7.592047710619764626e-03
7.466804686722577737e-03
7.463080491357074360e-03
7.347619045994349500e-03
7.328788022358120706e-03
7.242522455957712928e-03
7.143474240162884722e-03
7.040421136432598558e-03
6.953961591946244448e-03
6.889770113523834352e-03
6.787806614771014872e-03
6.669367957071429751e-03
6.554006711981735095e-03
6.439204812263557218e-03
6.366634732763569796e-03
6.348972187773572334e-03
6.274429011186584415e-03
6.208031567453505331e-03
6.127075548942753289e-03
6.063649330236190772e-03
5.966445684715675560e-03
5.869407174153604828e-03
5.759479935751831564e-03
5.653008654395797264e-03
5.535908852003487701e-03
5.463267172346535430e-03
5.444984389795381671e-03
5.432887606224278201e-03
5.384345939473734501e-03
5.356270681781021177e-03
5.307099179982409203e-03
5.251018702383971823e-03
5.195007567265551990e-03
5.137262662455436939e-03
5.073207343515620180e-03
5.028649538412635275e-03
4.992193630874569403e-03
4.968805315778282612e-03
4.959279234993317804e-03
4.914225577439560073e-03
4.865466566491842733e-03
4.813539833840384252e-03
4.757510716176072824e-03
4.705371108231755882e-03
4.675636900813628059e-03
4.664733469146212230e-03
4.632011500657205912e-03
4.606624924781844987e-03
4.562432459187821393e-03
4.520427857050265431e-03
4.486849475939013246e-03
4.456836585652848744e-03
4.426304767515320225e-03
4.397174495425730176e-03
4.379872295444051100e-03
4.366643150398683872e-03
4.337215720939697865e-03
4.303652921217403400e-03
4.268048430762414434e-03
4.234016641911125985e-03
4.200809655509002774e-03
4.171036627968295780e-03
4.177848258684588138e-03
4.155941220189892163e-03
4.131110522689088529e-03
4.104620409195206161e-03
4.074474943106766965e-03
4.039324779745671196e-03
4.001574998928473723e-03
3.972756144379648025e-03
3.984010625267877040e-03
3.964015560579716747e-03
3.947554277497637536e-03
3.929713378052587976e-03
3.909257046062663415e-03
3.885104928600838486e-03
3.861577993765846241e-03
3.841224643277189182e-03
3.816594918283791431e-03
3.788159738435438809e-03
3.762542569335693404e-03
3.732484764681058814e-03
3.737264220780116102e-03
3.720637027122513599e-03
3.706164997093952182e-03
3.686618520202274499e-03
3.669225799261190569e-03
3.648433552277619441e-03
3.626710528921743212e-03
3.604650393880122570e-03
3.588849335259203070e-03
3.568562008336975157e-03
3.544755972387121038e-03
3.525914416533475898e-03
3.507109338703466323e-03
3.480075484270043346e-03
3.481691550954073896e-03
3.475599491538549236e-03
3.459487070025945785e-03
3.446483975111104027e-03
3.435478029211324388e-03
3.420220944647628207e-03
3.401108814889921943e-03
3.380347281849226376e-03
3.359371959003011870e-03
3.349161087813867527e-03
3.345544773561871018e-03
3.330087404662009868e-03
3.320651696903620300e-03
3.308809509162991078e-03
3.291005134371673135e-03
3.274053306927376603e-03
3.255391684065381003e-03
3.235624741930906781e-03
3.217859531960386328e-03
3.204712117143069302e-03
3.210110547648415292e-03
3.190139171948566318e-03
3.173825949599766352e-03
3.155332246158158369e-03
3.135797655211334037e-03
3.126547420924739428e-03
3.119941790162324667e-03
3.106487504996544805e-03
3.093489859449058410e-03
3.082971674055174846e-03
3.070121003800982407e-03
3.058698252376193180e-03
3.045368563556382236e-03
3.031901796400816428e-03
3.017883761681640353e-03
3.003209764880559671e-03
2.990296776373801545e-03
2.983352092192341747e-03
2.975284138721773133e-03
2.962481307194037451e-03
2.946156057353619372e-03
2.929776889664452173e-03
2.910940027584305381e-03
2.891322508110612602e-03
2.871865752787429102e-03
2.855307280579050516e-03
2.861190175841959484e-03
2.847540062040274361e-03
2.837441474137763781e-03
2.829129700445709786e-03
2.822555069495448921e-03
2.810901596871471717e-03
2.798201188613623144e-03
2.783171863736890253e-03
2.767297770706684829e-03
2.751772732823026205e-03
2.737862581528903352e-03
2.726152023634386898e-03
2.722021135177082884e-03
2.713677291521695515e-03
2.700259883572006785e-03
2.691059353238250268e-03
2.679483112154031153e-03
2.666922879288604557e-03
2.654249783318499058e-03
2.640923138046215833e-03
2.630007774824669881e-03
2.623790825752341481e-03
2.613651422970712096e-03
2.601817184564245589e-03
2.586069929846396363e-03
2.570750120547686535e-03
2.556089969723743683e-03
2.541228986029797285e-03
2.526503317522243563e-03
2.510692889908098732e-03
2.509192505704397561e-03
2.506814492224563196e-03
2.495155843416548176e-03
2.487649467893444238e-03
2.476405692181355301e-03
2.462896914042240343e-03
2.451214043482215395e-03
2.438578896398366832e-03
2.424503510418748661e-03
2.409199022500078946e-03
2.399071266253208733e-03
2.400690030044551945e-03
2.393479733030401575e-03
2.387595070533930428e-03
2.376175175595168516e-03
2.365594984391745578e-03
2.357322232604408194e-03
2.346092616239452405e-03
2.335278523725098972e-03
2.323478157000748688e-03
2.311891583564863913e-03
2.298918744767961767e-03
2.283049449892358713e-03
2.275216571542245866e-03
2.279571037849962515e-03
2.266054999928714033e-03
2.254671428057451656e-03
2.242123526525704492e-03
2.227436855006282093e-03
2.210094479068077863e-03
2.189965194850092105e-03
2.168160055005066179e-03
2.145142664821089295e-03
2.141751076970849297e-03
2.149025577145781407e-03
2.123036272539597247e-03
2.112677139290834380e-03
2.102108000270324663e-03
2.093136453109484176e-03
2.079836520578136859e-03
2.063639132675822076e-03
2.044764200974449886e-03
2.025492523773292797e-03
2.004034031602185302e-03
1.987110921269439907e-03
1.971756362230396575e-03
1.949151368914789437e-03
1.929218153076779456e-03
1.912911757899277620e-03
1.928605304202215187e-03
1.903108106132634725e-03
1.883462341777629445e-03
1.864725614880763946e-03
1.843417321420835883e-03
1.817328167183968708e-03
1.820590191711670813e-03
1.811705518679787965e-03
1.797444026118753682e-03
1.778039421321631151e-03
1.756224842774009457e-03
1.739806652392168924e-03
1.716764532606848996e-03
1.691504870366908461e-03
1.663542291813398374e-03
1.631751967719188498e-03
1.613716676319784096e-03
1.624834740649222422e-03
1.609167822555658024e-03
1.597796558967234980e-03
1.584719093424315000e-03
1.568306306767580519e-03
1.549016023806982492e-03
1.528212191848083790e-03
1.506711102606724971e-03
1.480017026895484675e-03
1.452438328031928133e-03
1.422248993479628514e-03
1.398613008456999146e-03
1.388783683151894417e-03
1.399758592225311838e-03
1.378735761236916674e-03
1.369920835245575126e-03
1.356213334020402259e-03
1.347952810643149747e-03
1.338162061789767475e-03
1.325235389155928530e-03
1.314918546524273093e-03
1.301683600427130851e-03
1.288811192614327649e-03
1.272256854196948238e-03
1.256901431988250448e-03
1.240027783431333795e-03
1.231933471914855877e-03
1.233337943196455115e-03
1.222747969324264458e-03
1.218282720062689164e-03
1.209953685828181295e-03
1.200296981897941428e-03
1.189951647680930879e-03
1.181188494886014229e-03
1.171658509404369065e-03
1.161291933228277701e-03
1.149306865036002143e-03
1.140110203641495979e-03
1.139473079388545656e-03
1.134550439619770720e-03
1.128811564058051315e-03
1.121680659578489815e-03
1.113694849554290340e-03
1.106121898311781138e-03
1.098845308420004366e-03
1.090956994163845561e-03
1.086902481678368899e-03
1.079938502127222085e-03
1.078380947752224234e-03
1.074361783520170642e-03
1.069706958709306516e-03
1.064326488255276258e-03
1.059004476761968121e-03
1.052725535358192471e-03
1.045709821869168343e-03
1.037733232121914239e-03
1.029577716784791297e-03
1.028653716955300283e-03
1.026744028301243301e-03
1.022660106124605086e-03
1.017713548101801960e-03
1.012074699234613963e-03
1.006890857376465265e-03
1.000286751495026985e-03
9.955462073010278370e-04
9.900347490991645225e-04
9.853675868732368701e-04
9.786866991925661369e-04
9.725913287772624399e-04
9.689259409971617398e-04
9.694015573688352736e-04
9.651579631324962985e-04
9.622891492526928483e-04
9.581680922860572871e-04
9.548239024137222418e-04
9.507866744545268554e-04
9.470204617851486631e-04
9.447883438310342901e-04
9.413510004272295341e-04
9.383150304994428191e-04
9.344424709624916166e-04
9.310139306880745253e-04
9.271030343746385289e-04
9.225587249261084800e-04
9.181609339434628272e-04
9.142335916547467611e-04
9.123127933732929273e-04
9.110031416001198321e-04
9.086724840746960349e-04
9.065002722027151998e-04
9.041255987274539893e-04
9.016285339651407878e-04
8.982817637299625327e-04
8.944005975442050364e-04
8.902750537074541164e-04
8.866365470941502559e-04
8.827159247272160867e-04
8.798758608991196937e-04
8.763780465817947677e-04
8.738216555213506286e-04
8.714116156553733568e-04
8.692454382631284145e-04
8.664711184545252198e-04
8.625082111173871385e-04
8.582265149114769740e-04
8.534055553506332157e-04
8.485074463872255496e-04
8.432114696845084776e-04
8.377249223816820786e-04
8.335764821826303472e-04
8.332924283384220403e-04
8.324606276208137545e-04
8.302947045433680664e-04
8.268057081855496003e-04
8.249680074929679769e-04
8.226952756264091981e-04
8.201581219828243171e-04
8.174892458095052569e-04
8.143333799825364138e-04
8.111598711453899728e-04
8.088216475121796575e-04
8.067366346786097528e-04
8.051172301449655271e-04
8.033500333420591326e-04
8.013802364065709428e-04
7.991389610354389644e-04
7.969992104723201860e-04
7.944769640473163834e-04
7.916239394079973343e-04
7.887206369464477580e-04
7.851840325883810727e-04
7.811305867998500274e-04
7.773345732844730294e-04
7.741128110875151623e-04
7.729703232212537922e-04
7.736086642700745579e-04
7.702933646578894074e-04
7.686386217665050176e-04
7.663995884234069697e-04
7.646263441819219162e-04
7.628577414162217426e-04
7.616331174669900778e-04
7.599598574642278150e-04
7.577801894430747243e-04
7.554323355337006505e-04
7.527180172469246852e-04
7.498176781856547230e-04
7.468216724380145020e-04
7.448285835480266369e-04
7.436324001238737427e-04
7.429635833026559813e-04
7.417640628306352343e-04
7.393554360327403213e-04
7.381776912171997057e-04
7.359300460506141509e-04
7.338902766403142350e-04
7.316392952748148725e-04
7.300798292430188841e-04
7.291397720334402829e-04
7.279850350053158154e-04
7.260550459024781890e-04
7.241032898840971165e-04
7.218236481616804867e-04
7.196088706111650277e-04
7.184460211892050932e-04
7.175585890183577191e-04
7.166093512668271449e-04
7.154134735705868550e-04
7.139936608104138814e-04
7.122677998431671108e-04
7.104707873476671454e-04
7.082126403164814253e-04
7.059134158375978242e-04
7.036670863762394370e-04
7.020379432310025003e-04
7.010568011905764793e-04
6.994116678621800989e-04
7.008507106165453573e-04
6.977195774591720247e-04
6.965698823500621195e-04
6.949264757979322022e-04
6.936665535663748229e-04
6.921104993819977890e-04
6.906090337456794424e-04
6.892735790590525649e-04
6.878445905106007679e-04
6.864243022895377341e-04
6.850061428765101502e-04
6.839111561739789598e-04
6.827081095690512840e-04
6.812813646133462952e-04
6.792729302990354765e-04
6.771799396059644070e-04
6.748527008182227723e-04
6.723114311808731048e-04
6.700303629019939986e-04
6.695155995469442931e-04
6.691095744688519168e-04
6.680385427646374098e-04
6.671539974872761278e-04
6.657025870132201543e-04
6.645070596954544707e-04
6.630290555187058274e-04
6.613624856787602042e-04
6.596964972437077777e-04
6.583865572625025898e-04
6.570937050229197973e-04
6.564462840328383559e-04
6.558902246511383056e-04
6.547692633427900982e-04
6.534523323247203724e-04
6.519557428620120993e-04
6.502404137015692668e-04
6.482873229070685922e-04
6.463273788843875486e-04
6.452985320947514933e-04
6.447241411860573680e-04
6.440482193387857789e-04
6.432323302102752310e-04
6.423701877688173852e-04
6.412043291072056081e-04
6.399483159295850029e-04
6.384701620790061722e-04
6.367853904523537809e-04
6.354318357286487147e-04
6.350971621646436327e-04
6.342040329492876953e-04
6.335304780687354108e-04
6.323269819033652600e-04
6.309966895448727939e-04
6.294408211593041733e-04
6.277126744490729758e-04
6.259631563184812680e-04
6.246211220465806412e-04
6.236812829327215840e-04
6.227482483362900166e-04
6.226952989406280437e-04
6.222026589958062513e-04
6.210426283371366964e-04
6.201171934020773381e-04
6.190566923361757925e-04
6.180408031643358589e-04
6.168420240688371340e-04
6.157296570934757407e-04
6.141955307646813347e-04
6.131891490944188722e-04
6.119983253998667648e-04
6.110898438701252433e-04
6.105464200482995339e-04
6.094660871336975237e-04
6.087150743611195996e-04
6.078614593369412178e-04
6.071944859131885117e-04
6.063691579384281180e-04
6.054182125813509967e-04
6.046307968776436139e-04
6.038505263785121351e-04
6.029591841035209735e-04
6.022946931765584336e-04
6.015544479017619246e-04
6.005899930726689168e-04
5.996314156394760625e-04
5.985185025062081171e-04
5.972605397922049232e-04
5.962454480131976339e-04
5.954400198605719861e-04
5.946740915292312484e-04
5.939818485824711544e-04
5.932602795126176633e-04
5.924932225932306659e-04
5.917377391812435068e-04
5.908097933003073629e-04
5.896824026777180029e-04
5.883949031850547453e-04
5.871484707141984239e-04
5.856749122898811206e-04
5.840951637974819500e-04
5.827580724565381174e-04
5.825032819693643643e-04
5.821332923005476763e-04
5.814272033061716229e-04
5.810204577258673174e-04
5.800754708633099228e-04
5.793811328666084639e-04
5.785237128873533738e-04
5.774783342093535270e-04
5.764530011965986927e-04
5.753960951454995974e-04
5.742534318223986318e-04
5.731975824191492663e-04
5.722239125036562542e-04
5.724505916501722779e-04
5.711341715932585338e-04
5.705189104870788536e-04
5.700103654018081212e-04
5.694271858000510798e-04
5.684819333967459833e-04
5.674884058935331923e-04
5.665928354523983284e-04
5.658091417540060111e-04
5.657359486750476339e-04
5.646412517330370341e-04
5.641277624434707597e-04
5.633930442891876920e-04
5.624697980763755049e-04
5.613553495467332819e-04
5.604282999844632362e-04
5.601152909482739637e-04
5.597819514134224099e-04
5.594011847509167742e-04
5.586256278362123663e-04
5.576683585320488723e-04
5.567204953420925619e-04
5.557910760107274755e-04
5.548316365721822152e-04
5.542774209207373308e-04
5.538998479196389655e-04
5.531824303220709898e-04
5.525544647970221821e-04
5.519391967138464810e-04
5.511236847196896273e-04
5.501131691922726830e-04
5.489805102636802865e-04
5.479348360335752977e-04
5.475169729234004344e-04
5.474179734888258127e-04
5.470321418580453062e-04
5.464585012510772034e-04
5.460932004404956807e-04
5.455006079647120804e-04
5.449918501120304534e-04
5.444063840315943852e-04
5.437051331987340650e-04
5.429289405594812414e-04
5.420159000064250386e-04
5.410018741435802673e-04
5.398547612500020389e-04
5.386812383873993944e-04
5.376631024880732228e-04
5.375497946850578976e-04
5.372731162979699562e-04
5.367182814159562323e-04
5.363007018023153430e-04
5.358267661543515388e-04
5.351239909234335648e-04
5.345438575415629957e-04
5.338272770959466215e-04
5.330918907092610905e-04
5.322406476706217915e-04
5.314549477935378782e-04
5.309110501941550521e-04
5.305325902475066958e-04
5.304404746723342858e-04
5.301532354861188904e-04
5.296717758927737543e-04
5.292071424727190238e-04
5.285182757963838426e-04
5.277629552364446110e-04
5.268850507659407620e-04
5.259366456249350927e-04
5.250432043165532536e-04
5.243553621481751668e-04
5.242308773994911559e-04
5.236685487010218215e-04
5.233779283916251872e-04
5.227813594086414602e-04
5.223453444541458846e-04
5.216938608883482870e-04
5.212442577071317020e-04
5.210162566914273508e-04
5.205304625848486324e-04
5.200282148828030276e-04
5.194285696873629857e-04
5.188546689710440496e-04
5.180082298623712479e-04
5.171409856399978135e-04
5.164343074717123389e-04
5.162993094232670764e-04
5.158152681033016922e-04
5.155309855885391052e-04
5.152289032910023882e-04
5.147423217184258788e-04
5.143543027910098915e-04
5.137888823155425076e-04
5.131520019154026330e-04
5.125014833952092281e-04
5.116566523687707474e-04
5.108005847656077372e-04
5.100021531170798473e-04
5.097475461920098708e-04
5.094243617136183337e-04
5.094101909467548981e-04
5.091101890396964496e-04
5.086981524642731137e-04
5.083505941489247990e-04
5.079183273836577247e-04
5.073476161068935907e-04
5.067869957001355785e-04
5.061629507969966869e-04
5.054167996388495617e-04
5.046973391310917217e-04
5.039790802166742257e-04
5.035499390625826311e-04
5.029121516450346359e-04
5.028730952910428868e-04
5.025171854474082571e-04
5.020979893212734095e-04
5.017527361016310954e-04
5.013608716431190758e-04
5.010010937321740911e-04
5.004936566125503224e-04
4.998903710765546966e-04
4.991962009195318080e-04
4.984146967232734506e-04
4.975851385631296529e-04
4.968153530997707285e-04
4.959885099525417236e-04
4.960602191367916025e-04
4.957312434623041509e-04
4.952643673403878512e-04
4.947616561127757924e-04
4.943096537679657213e-04
4.938582821440254964e-04
4.934098133527947206e-04
4.931716539725317658e-04
4.928402235627998146e-04
4.924610364013700097e-04
4.920789225948698185e-04
4.915752488710143546e-04
4.911735028311346079e-04
4.905408896089857905e-04
4.898434675606649956e-04
4.890735837491915882e-04
4.883050181032335063e-04
4.879661334112321450e-04
4.885074661043765617e-04
4.875280431211826077e-04
4.874398094239687615e-04
4.868397876017116922e-04
4.864318557101210937e-04
4.861130718256649217e-04
4.858803302784717843e-04
4.855104437499244792e-04
4.850818702843220920e-04
4.845462000063187769e-04
4.839609583383691865e-04
4.833206664931902555e-04
4.827365828071974074e-04
4.822411510637061470e-04
4.822402041419760464e-04
4.818492623996644027e-04
4.817037410241861782e-04
4.813757844551398756e-04
4.809960067532661598e-04
4.806523201877502607e-04
4.802184456781104401e-04
4.796674465228963763e-04
4.791327128550836164e-04
4.786278287700807986e-04
4.783300059205899827e-04
4.780536211569894360e-04
4.776362827023530422e-04
4.773282872351537471e-04
4.771281784149932858e-04
4.767219684665149285e-04
4.763519712491390235e-04
4.759522917583220640e-04
4.754504808284873061e-04
4.748757183093230833e-04
4.743047634777460757e-04
4.736349357299620062e-04
4.731564126974069232e-04
4.732339782596128430e-04
4.727756003983964042e-04
4.724054702959575741e-04
4.720157188640163818e-04
4.714971069310944880e-04
4.710100772607195827e-04
4.705759358699137780e-04
4.704808488553517405e-04
4.702949583780061940e-04
4.700174802060630474e-04
4.697844626171470642e-04
4.694289340340422004e-04
4.689924797907125834e-04
4.684795711872085321e-04
4.679805062148758459e-04
4.674324297103568085e-04
4.670082974336597719e-04
4.668218160491222871e-04
4.665272183743042088e-04
4.662394385252926501e-04
4.658797117986039345e-04
4.655496966825747461e-04
4.652108866909650904e-04
4.650793338718414390e-04
4.648433737877795857e-04
4.644526332726692393e-04
4.640838287364014523e-04
4.636810434817589593e-04
4.633440813087916503e-04
4.629419006407232669e-04
4.628522552343134811e-04
4.623931257457828347e-04
4.620514790570420262e-04
4.616555070537334705e-04
4.612397958194372656e-04
4.608480219313261430e-04
4.604078495777436304e-04
4.599766283196307149e-04
4.597392933675548826e-04
4.596039638826548957e-04
4.592525973270602103e-04
4.590174366748465506e-04
4.589790531614248450e-04
4.586688220337154778e-04
4.583760704313028021e-04
4.580215235062737290e-04
4.576261536916464176e-04
4.571907505245342905e-04
4.566903156117297778e-04
4.561138038182626178e-04
4.555353886053292527e-04
4.551959104638299606e-04
4.552037964228640172e-04
4.548488819299778790e-04
4.545796353709723463e-04
4.543600862665858413e-04
4.542242767237140728e-04
4.539567343654478350e-04
4.536956629777905039e-04
4.533714731889936780e-04
4.529583764160715394e-04
4.525000676232195183e-04
4.520124019699420410e-04
4.515667402872568757e-04
4.513185165286229652e-04
4.514177882798802994e-04
4.510852453243103404e-04
4.508893055597781082e-04
4.506362811511880782e-04
4.503774945472958165e-04
4.500088686053510078e-04
4.496595129001009568e-04
4.492591125182224710e-04
4.489248306168714124e-04
4.486242621832559063e-04
4.482386707969760711e-04
4.479428956822206136e-04
4.476939000118178237e-04
4.475018680316403784e-04
4.473238221501458275e-04
4.470620016122817293e-04
4.468628434755052801e-04
4.465700279888445067e-04
4.461602291782062763e-04
4.457056426213118656e-04
4.452070924471580372e-04
4.446398384155685079e-04
4.439823819749166953e-04
4.433305778971249824e-04
4.429062428801758418e-04
4.435745563334027048e-04
4.427761536412048787e-04
4.426799018418824442e-04
4.422542940049748231e-04
4.420139530258400461e-04
4.417360393112162564e-04
4.414168186284584002e-04
4.413408051619119418e-04
4.411418918151952429e-04
4.408723529080662987e-04
4.405220339332680283e-04
4.401025323074625895e-04
4.396361044958472814e-04
4.391000373773142908e-04
4.385901727706258634e-04
4.382253103789919709e-04
4.381102522661421846e-04
4.379762106442430108e-04
4.376295598443619302e-04
4.374602987691674221e-04
4.372638980619466035e-04
4.369415537099249056e-04
4.366945983855326425e-04
4.363787674875607703e-04
4.360531892040269515e-04
4.356199522329109487e-04
4.351390088311278006e-04
4.346528994760792295e-04
4.343254464488807394e-04
4.341842941430647793e-04
4.337863151483472212e-04
4.333691735172192196e-04
4.331953605473495600e-04
4.334531966272161217e-04
4.328474672541070267e-04
4.327174496830232917e-04
4.323279080779354744e-04
4.319682281701305439e-04
4.317562445267869391e-04
4.314173411780501330e-04
4.312773004401986368e-04
4.310696433759641740e-04
4.307896691607456929e-04
4.306968047389012739e-04
4.304342522016564154e-04
4.302349287852369128e-04
4.299380984254702370e-04
4.295878577470628218e-04
4.292260690506199852e-04
4.289132188053031451e-04
4.285251480458482799e-04
4.280758106991023422e-04
4.276092206676639020e-04
4.272206621416037731e-04
4.269984863477166502e-04
4.269464543531936739e-04
4.265961562944363297e-04
4.268321274135219892e-04
4.262755629976517475e-04
4.261467610765770544e-04
4.259031820090254097e-04
4.257461934567161542e-04
4.255856718735567075e-04
4.253766275375960395e-04
4.250649494912403601e-04
4.247910143740375429e-04
4.244605259111716928e-04
4.241263393297225624e-04
4.237584034774130918e-04
4.233814279274491902e-04
4.232894277979223907e-04
4.231326886322783710e-04
4.229488760899830337e-04
4.227322245961381733e-04
4.225054050472615676e-04
4.222917640062455154e-04
4.220632660557340583e-04
4.218210338485237141e-04
4.215598713568632439e-04
4.213108917595717205e-04
4.209794689748307399e-04
4.205778336831307715e-04
4.203528531258252229e-04
4.198782263555251920e-04
4.199600222137923672e-04
4.198185804429852052e-04
4.195484660740698567e-04
4.192796607556336340e-04
4.189370547149566634e-04
4.185619707803638848e-04
4.181937937448532909e-04
4.178773353749739238e-04
4.179495140687483233e-04
4.177263246926760576e-04
4.175782022494541556e-04
4.173454528082822532e-04
4.171401456610373572e-04
4.169382382521785095e-04
4.166673362596726811e-04
4.163364625428622539e-04
4.159486312695899555e-04
4.154964981220151060e-04
4.150292067950559329e-04
4.147150412145537046e-04
4.147591187745048842e-04
4.144505694576434930e-04
4.142266669158248802e-04
4.141109585420680705e-04
4.140684381049870421e-04
4.138381687085432607e-04
4.136826179577723158e-04
4.134536075476455885e-04
4.132256932875144487e-04
4.129625733702185536e-04
4.126795419298230085e-04
4.124152614833656821e-04
4.122220654190705629e-04
4.119177765572352708e-04
4.116963597632885738e-04
4.115829372710891549e-04
4.114502282264604618e-04
4.112571539809271805e-04
4.110430645722131784e-04
4.108614379943696638e-04
4.106263714438527623e-04
4.104177429234720335e-04
4.101553787513176276e-04
4.098198576856367198e-04
4.094439309882873875e-04
4.090355880815998860e-04
4.086600414536152061e-04
4.085904760523024668e-04
4.085255066178842230e-04
4.084057216923553217e-04
4.081745452676629701e-04
4.080490304585292628e-04
4.078680710429846245e-04
4.076761810255903422e-04
4.074627210880693920e-04
4.072048385245257882e-04
4.068865595784108640e-04
4.065650705510031986e-04
4.062338250299829014e-04
4.059926763083063802e-04
4.058276962424263857e-04
4.056957540624513397e-04
4.054633987590137685e-04
4.052504933699226726e-04
4.050528891446921560e-04
4.048245492608504780e-04
4.046677153986723155e-04
4.045956182693472296e-04
4.043376365411388107e-04
4.041004008141117830e-04
4.038354560525597692e-04
4.035254395643392560e-04
4.031700733699878237e-04
4.028127873863563161e-04
4.025916074090120800e-04
4.024934452405035069e-04
4.023869312663589694e-04
4.021433030277896440e-04
4.019880074179198897e-04
4.017959037132501051e-04
4.016139426747874510e-04
4.015832622211284444e-04
4.013344678285880873e-04
4.011774536500820835e-04
4.009974499982549637e-04
4.008155629878665076e-04
4.006006368888558153e-04
4.003629381371830360e-04
4.000666729625558266e-04
3.997036674602211042e-04
3.993675426896475876e-04
3.990261900740528218e-04
3.987295742488914502e-04
3.988052409402592408e-04
3.986644473140495875e-04
3.985198875641345040e-04
3.983359582176667127e-04
3.982200640245156346e-04
3.980072345490946371e-04
3.977839570048358610e-04
3.975416243119332671e-04
3.972813621324117650e-04
3.969725387408906507e-04
3.966299023790420542e-04
3.964310084067296171e-04
3.961921518058941533e-04
3.963424406244526630e-04
3.958558589358420724e-04
3.956972219897867175e-04
3.954461887144158200e-04
3.951576341359445857e-04
3.951572284737486394e-04
3.949994856616180624e-04
3.948268682240381054e-04
3.946420839939476007e-04
3.944844977998377680e-04
3.943222024115197928e-04
3.941201111586305596e-04
3.938846291166676135e-04
3.935915248995694947e-04
3.932561048367139394e-04
3.930439985363053286e-04
3.928840053262214801e-04
3.927700645143047281e-04
3.926971932214681337e-04
3.924690635618232303e-04
3.924388649673622742e-04
3.922595394246576107e-04
3.920728675102960574e-04
3.918615763982475665e-04
3.916151502961798497e-04
3.913426501598067241e-04
3.910710825537683428e-04
3.910242789716683728e-04
3.909607587253279915e-04
3.907867474238866257e-04
3.906223007363169544e-04
3.904943939170993708e-04
3.903106854921385791e-04
3.900914539305614498e-04
3.898576907290468400e-04
3.896386617953939702e-04
3.893776847593554422e-04
3.892078795037261707e-04
3.890802055640578362e-04
3.889303437231207174e-04
3.888893863042160561e-04
3.887378148460732675e-04
3.885862992814359605e-04
3.884087660608582745e-04
3.882264609439603888e-04
3.880290260021653404e-04
3.878075800722692395e-04
3.875632974872047945e-04
3.873334387026001395e-04
3.871232111609760338e-04
3.869980636515191110e-04
3.867993551180621344e-04
3.866826357011831630e-04
3.865645141060337258e-04
3.864389716262965797e-04
3.863412313973206363e-04
3.861778429655735641e-04
3.859956117363942132e-04
3.858247497256728719e-04
3.855832243570164698e-04
3.853065831582795598e-04
3.850225367227883932e-04
3.847853966224055555e-04
3.845892827871696170e-04
3.845789242035782540e-04
3.844926100462220386e-04
3.844440456134801771e-04
3.843221946801655270e-04
3.841891877574919582e-04
3.840511714650089660e-04
3.838531085569336508e-04
3.836239883225054693e-04
3.833698116362594982e-04
3.830746749234560568e-04
3.827343761117047946e-04
3.823747519915748536e-04
3.819603715115425400e-04
3.815434043287997462e-04
3.813279547084033605e-04
3.815166533155244389e-04
3.811213448995269060e-04
3.811938860545743780e-04
3.808926077759455363e-04
3.807433190641203494e-04
3.806823699537805806e-04
3.805119630868796041e-04
3.803320815078065705e-04
3.801398603795818568e-04
3.799043406538868536e-04
3.796362906212471557e-04
3.793539910933203395e-04
3.791245771309829211e-04
3.791180850090311301e-04
3.790172204361959827e-04
3.789995465519432243e-04
3.787440750862841729e-04
3.786616452749313869e-04
3.784867840264648795e-04
3.783026242425874285e-04
3.780683190574168928e-04
3.778022062201938608e-04
3.775100444863386129e-04
3.771718042795656743e-04
3.768061896972312139e-04
3.768721240915644363e-04
3.771539356863431568e-04
3.765532882558588097e-04
3.764902856834961690e-04
3.763062612420257046e-04
3.762133961784538375e-04
3.760712031955216182e-04
3.759103263070187563e-04
3.757294510029580092e-04
3.755280189067570465e-04
3.752940727751557766e-04
3.750537977719275409e-04
3.747626077046265847e-04
3.745291018102677545e-04
3.745345879814385918e-04
3.744466710406260733e-04
3.743130677582643642e-04
3.742485448734638245e-04
3.741351906140445629e-04
3.739946287001885326e-04
3.738179886140792474e-04
3.736339353522866234e-04
3.733982760469686411e-04
3.731741255552100431e-04
3.729987539524388203e-04
3.728624685758104860e-04
3.726281186275192227e-04
3.724824673602311793e-04
3.723724259357307962e-04
3.723163629697924916e-04
3.722217761332836721e-04
3.721181073857256411e-04
3.719681532740441460e-04
3.718009001846355843e-04
3.716112560315065327e-04
3.714114235926397906e-04
3.712277536813929726e-04
3.710772115507763387e-04
3.710344338240770430e-04
3.709383189533380976e-04
3.708850987479596763e-04
3.707378805209844653e-04
3.705945269953406186e-04
3.704190496558447355e-04
3.702502478283551421e-04
3.700787885455046394e-04
3.698901093439299582e-04
3.696992658856339568e-04
3.694816790182239808e-04
3.692046426942636778e-04
3.691090764111710164e-04
3.689641274914249149e-04
3.688105304807338990e-04
3.687039973710346755e-04
3.686327084437210355e-04
3.685490491374051074e-04
3.683929800716714354e-04
3.682184124206145498e-04
3.680133646813579080e-04
3.677743819416512319e-04
3.675300055449937445e-04
3.674699272038197870e-04
3.674071997167724043e-04
3.672340766885440525e-04
3.671207814916225762e-04
3.670255128403628313e-04
3.668635710400057958e-04
3.666978286863325294e-04
3.665353773698378794e-04
3.663502059535862581e-04
3.662071528077095865e-04
3.660881367000634688e-04
3.659261406130788854e-04
3.657788039111659149e-04
3.656525251721906219e-04
3.654842796399473330e-04
3.652808834979659751e-04
3.650567195956842511e-04
3.647783404546862626e-04
3.645664581733998062e-04
3.644865004857893338e-04
3.645579811472477567e-04
3.642993700600548139e-04
3.642147569072819342e-04
3.641091756523852081e-04
3.640844007307087946e-04
3.639838603231181535e-04
3.638402482126453560e-04
3.636833210794659195e-04
3.635034302237412276e-04
3.632955179108879741e-04
3.630452641326160522e-04
3.627641716680757625e-04
3.624438435475953809e-04
3.622369658569580446e-04
3.623603873096431722e-04
3.620856229599701760e-04
3.621553648617102531e-04
3.619170084380826549e-04
3.618967802850338029e-04
3.617580534896957471e-04
3.615995815112976026e-04
3.614302814160010578e-04
3.612289374394780993e-04
3.609924402344564490e-04
3.607393965884293633e-04
3.606263165761250822e-04
3.606156921719974010e-04
3.605524156026686396e-04
3.604221136367951228e-04
3.603393091573289624e-04
3.601823522894751677e-04
3.600385283297170770e-04
3.598982651683699978e-04
3.597521271114099061e-04
3.595809919852679319e-04
3.593487510433754969e-04
3.590914893203960728e-04
3.587926770536723257e-04
3.585030204960888006e-04
3.584999535041517448e-04
3.583992342068527187e-04
3.582410762688506382e-04
3.580285303048236353e-04
3.579345882325742686e-04
3.578244075147564451e-04
3.577373478959836755e-04
3.575946021536562341e-04
3.574891719920836666e-04
3.573257282913229449e-04
3.571648472132720690e-04
3.570962627147328868e-04
3.569486433781123404e-04
3.567952485989774785e-04
3.566098646676846480e-04
3.564370947455636381e-04
3.562307738629441264e-04
3.560515448859437890e-04
3.560526081709295635e-04
3.559911705259279600e-04
3.557898564005103131e-04
3.556614939831493705e-04
3.554861056320685400e-04
3.553890895835482705e-04
3.552602488472558816e-04
3.551425001042089356e-04
3.550521790867432800e-04
3.549380326960413588e-04
3.548047652979341958e-04
3.546392981484193280e-04
3.545233978657644030e-04
3.543687987454325673e-04
3.542675687260603474e-04
3.541455775304265226e-04
3.540235895893955025e-04
3.539435685632809380e-04
3.539154293971633904e-04
3.538105210001599274e-04
3.537527583186693978e-04
3.536112589720390577e-04
3.534887301614036167e-04
3.533396660815170767e-04
3.531620366268572184e-04
3.529711589979988413e-04
3.527514418527513793e-04
3.526137015072475212e-04
3.524798146468331706e-04
3.524609436298976601e-04
3.523502664339733261e-04
3.523503337473700447e-04
3.522030927148489163e-04
3.521265431147835301e-04
3.520109553827909313e-04
3.518797907101434488e-04
3.517202531080220905e-04
3.515416272616833778e-04
3.513346853082541222e-04
3.511239834731054226e-04
3.509476471349263745e-04
3.507618369420554259e-04
3.508480189604666730e-04
3.506303044338133861e-04
3.505136735771221352e-04
3.503586105082103332e-04
3.502049094099937720e-04
3.500229885863694675e-04
3.498985604941974039e-04
3.498792882245542924e-04
3.497240199170557852e-04
3.495659761047213883e-04
3.493694075906320713e-04
3.491542617727124050e-04
3.489430809353941793e-04
3.487686223131629751e-04
3.488167127950217395e-04
3.486308495549888045e-04
3.486089805246053914e-04
3.484995410014556007e-04
3.483791385851113835e-04
3.482357370268520541e-04
3.480962703357473815e-04
3.479302610923004331e-04
3.477272064725113292e-04
3.474923334894057135e-04
3.472172127885774276e-04
3.468991999664688530e-04
3.465595811017076872e-04
3.465078060031016849e-04
3.466068992236946461e-04
3.464229542833630352e-04
3.463101852747092128e-04
3.462099863176911949e-04
3.460776205184499642e-04
3.459604048465127874e-04
3.458950850549742748e-04
3.457668455964848240e-04
3.456684587338885875e-04
3.455168070343176052e-04
3.453499162257315722e-04
3.451437922700131703e-04
3.449096117215796550e-04
3.446484759782973825e-04
3.444235852251097520e-04
3.441726950222095006e-04
3.440925877055264412e-04
3.441185030758152461e-04
3.440207117167772043e-04
3.438964355541536725e-04
3.438431735967174396e-04
3.436915860645404575e-04
3.435980776855017751e-04
3.434767601792349922e-04
3.433266289138137942e-04
3.431657550919239223e-04
3.429968892652754918e-04
3.429067669977354789e-04
3.428478059479789469e-04
3.427838280141133165e-04
3.426488024196843308e-04
3.425039218826348157e-04
3.423187025569500463e-04
3.421465653475467042e-04
3.420009059699778220e-04
3.419565826377527450e-04
3.418384989779566798e-04
3.417312858640271229e-04
3.416478513668660478e-04
3.415634771392100553e-04
3.414111907141395910e-04
3.412516955659631061e-04
3.410544114952477387e-04
3.408622448514523630e-04
3.406310097638462920e-04
3.405261890385062151e-04
3.405033193842802830e-04
3.404185006662970958e-04
3.403579431459184679e-04
3.402449270984757518e-04
3.401503768701737412e-04
3.400247006271782586e-04
3.398505951013585389e-04
3.396649345348157364e-04
3.394597269636591549e-04
3.393015451844520768e-04
3.392222403152684706e-04
3.391235824022048985e-04
3.390118804040916545e-04
3.389162319528407023e-04
3.387612304877176479e-04
3.386679343593489134e-04
3.385696750654588181e-04
3.385002793424684697e-04
3.383988953833972626e-04
3.382962130291309851e-04
3.381658376113046692e-04
3.380059395545253814e-04
3.378270482803148213e-04
3.376426764026656800e-04
3.374468184941607752e-04
3.373013080335898208e-04
3.370846349688802913e-04
3.370380259137267386e-04
3.370555850953999770e-04
3.368778569236400861e-04
3.368355947091877215e-04
3.367177754151466922e-04
3.366271131934045610e-04
3.365129014674643352e-04
3.363504007031939500e-04
3.361976211293268390e-04
3.360918061674769632e-04
3.360367287670093647e-04
3.359262401865834133e-04
3.358494276764921373e-04
3.357732101855838750e-04
3.356572789853772281e-04
3.355100894778704980e-04
3.353924791038079539e-04
3.353073327965580184e-04
3.352922057252256472e-04
3.351869331805881541e-04
3.350855631762434815e-04
3.349376105289691725e-04
3.347872159500638392e-04
3.346360384462010017e-04
3.344440730416075236e-04
3.343128923756869290e-04
3.344038798652897745e-04
3.341633856021701001e-04
3.341614619975080951e-04
3.340406071488042890e-04
3.339108646097301448e-04
3.337522801759792448e-04
3.335969376598534302e-04
3.334465233710399664e-04
3.332654494932116556e-04
3.331579747847504720e-04
3.331876326452701893e-04
3.331230415875363138e-04
3.330297552437602574e-04
3.329512077499638834e-04
3.328068082241673322e-04
3.326619296830274396e-04
3.324936425081903178e-04
3.323062680165918704e-04
3.321646062434205631e-04
3.321078077255978835e-04
3.320572671305663335e-04
3.319701048212269018e-04
3.318796223300721714e-04
3.317621735569366032e-04
3.316318998325408192e-04
3.314869437403868135e-04
3.313793978654570784e-04
3.313135272560009214e-04
3.312753086952895608e-04
3.312135030427190404e-04
3.311204945529584959e-04
3.309940350389610811e-04
3.308495057829770000e-04
3.306954883500980353e-04
3.305053236494679379e-04
3.303108756904181821e-04
3.301154821080670297e-04
3.298829238152586494e-04
3.297442376957415407e-04
3.296613662689495505e-04
3.296809720557148933e-04
3.295566434357249485e-04
3.295571752050143041e-04
3.294391740075817824e-04
3.293729896746659799e-04
3.292653418089182184e-04
3.291402140493440145e-04
3.289991180169383024e-04
3.288491436430824905e-04
3.287630498882027096e-04
3.286554576282986625e-04
3.286263498756705303e-04
3.285299895708030521e-04
3.284357404548386337e-04
3.283157546568023027e-04
3.281815760516369274e-04
3.280361554093992453e-04
3.278639119486102295e-04
3.277087205770683512e-04
3.275347644108820167e-04
3.273834157132685433e-04
3.273517705163425467e-04
3.272363826560866764e-04
3.273085302737568209e-04
3.271054985621283284e-04
3.270938829951229089e-04
3.269674665134697294e-04
3.268783777015621481e-04
3.267638039798962638e-04
3.266238921683307017e-04
3.264742504276760921e-04
3.262931194910317217e-04
3.260976305587250448e-04
3.258830311994613191e-04
3.256727712837049213e-04
3.255644732171482218e-04
3.256155781260630460e-04
3.254547999385372088e-04
3.254341538011984902e-04
3.253244544812872304e-04
3.252782070812664395e-04
3.252004065661502565e-04
3.251535290813843985e-04
3.250582983819506888e-04
3.249420059205494716e-04
3.248196364151405930e-04
3.247172777455172065e-04
3.245934300929139479e-04
3.244684777558049806e-04
3.243422746721075743e-04
3.242176242260858226e-04
3.241438154130932107e-04
3.240641613283402737e-04
3.240030283111917779e-04
3.239323093533089484e-04
3.238610991984667100e-04
3.237453054446951558e-04
3.236206612105212263e-04
3.234889096272128305e-04
3.234106899462652084e-04
3.232865595860012287e-04
3.231971009761524095e-04
3.230564697843040195e-04
3.228914549591111924e-04
3.227266053485501628e-04
3.225985291822629545e-04
3.226630914457105388e-04
3.225329469232549712e-04
3.225044848834394853e-04
3.223917059734354154e-04
3.223059986306729447e-04
3.221811162086999410e-04
3.220835158956430176e-04
3.219749288198109848e-04
3.218481321713133488e-04
3.217137029266180638e-04
3.216000894690775025e-04
3.216097517926128535e-04
3.214757204126916269e-04
3.214247807708721133e-04
3.213718880578770015e-04
3.213246022706518095e-04
3.212283635033457048e-04
3.211158184150621924e-04
3.209906602694417160e-04
3.208476239428176865e-04
3.206915751420472789e-04
3.205258452471366039e-04
3.203973352428398790e-04
3.203757840875657843e-04
3.202356187881308554e-04
3.202838465765502182e-04
3.201329581005759174e-04
3.200086814736562493e-04
3.199079330172816243e-04
3.198130067344750744e-04
3.197887173860262835e-04
3.197290525079521839e-04
3.196497076398842189e-04
3.195834825877908749e-04
3.194668286926624721e-04
3.193402180505033688e-04
3.192007924771026644e-04
3.190557498052604699e-04
3.189285923863786182e-04
3.188649299189732340e-04
3.187826179388682452e-04
3.186637037936767202e-04
3.185236232572915605e-04
3.184734917215604403e-04
3.183854533701474358e-04
3.183225308076727787e-04
3.182644606855446309e-04
3.182111409530521745e-04
3.181371940207521759e-04
3.180729641405569694e-04
3.179824901002484359e-04
3.179062818416010711e-04
3.178147536936308114e-04
3.176907103866774096e-04
3.175546999697430859e-04
3.174313724549767627e-04
3.173226041526184854e-04
3.172570303629515076e-04
3.171935494932140161e-04
3.171372545597471925e-04
3.170897562326946287e-04
3.170285531672621736e-04
3.169259502207321961e-04
3.168278884950256479e-04
3.167439187465666988e-04
3.166703757135160328e-04
3.165689103727725370e-04
3.164705430046543268e-04
3.163621368732769720e-04
3.163313570500002336e-04
3.162014567342795240e-04
3.162003779425546818e-04
3.161064787607822924e-04
3.160107356367844304e-04
3.159315361580169990e-04
3.158143213259757918e-04
3.156891544371228861e-04
3.155783936732691744e-04
3.155111190710852215e-04
3.154438622551872760e-04
3.154484406740219781e-04
3.153404839165174257e-04
3.152680365300010879e-04
3.151772267408225504e-04
3.150337032976722605e-04
3.148742407207239880e-04
3.147284118889596386e-04
3.146052397659956056e-04
3.145398540126945653e-04
3.145840202234061970e-04
3.143949091908482176e-04
3.143024598485793814e-04
3.141790623098045482e-04
3.140246599757646182e-04
3.138671535749675305e-04
3.136938148351863919e-04
3.135836152519719104e-04
3.135444065101048393e-04
3.135357447121733159e-04
3.134421242917426274e-04
3.133715707614326425e-04
3.133108851270876931e-04
3.132716636262461354e-04
3.131813089936199114e-04
3.130913532681396097e-04
3.129812546273377598e-04
3.128744392525356979e-04
3.128019023157036296e-04
3.126919804875743017e-04
3.126235875777150447e-04
3.125710800411917595e-04
3.124851315559820241e-04
3.123640622395144656e-04
3.122196255388504007e-04
3.120542474341536556e-04
3.119119799025756967e-04
3.119191006137206628e-04
3.118816984218857730e-04
3.118186514481136084e-04
3.117155459645921728e-04
3.116417331905264464e-04
3.115430810486613891e-04
3.114289689877721150e-04
3.113313577217292232e-04
3.112279237151026378e-04
3.111365337885146345e-04
3.110977149168389242e-04
3.110475246862847679e-04
3.109733564824471099e-04
3.108905959813774490e-04
3.108227082654460073e-04
3.107351278826125116e-04
3.106326076949233843e-04
3.105271633365920851e-04
3.104026899823611094e-04
3.102817715627759969e-04
3.101813016062902125e-04
3.101256177592789692e-04
3.100849991993714851e-04
3.100167862791788995e-04
3.099568234255079121e-04
3.098683602034559654e-04
3.097791684278198578e-04
3.096986821297840965e-04
3.096317805966624943e-04
3.095561873497109425e-04
3.094750119481013903e-04
3.093869616899075402e-04
3.092991792947731144e-04
3.091862135503001957e-04
3.090486558488092072e-04
3.089309077160722408e-04
3.088193494749748367e-04
3.087562521913397341e-04
3.086826044507049935e-04
3.087985824474174384e-04
3.085469290415927715e-04
3.084789822954955916e-04
3.083647258888621385e-04
3.082516387399882561e-04
3.081509522749236113e-04
3.080044973640129447e-04
3.078466551482215551e-04
3.077373744110269062e-04
3.078403818922085373e-04
3.077136433701900629e-04
3.076550653624541046e-04
3.075956462596644608e-04
3.074963330208321951e-04
3.074073821428459515e-04
3.073113804922886086e-04
3.072350761969066895e-04
3.071327671195201955e-04
3.070375948454336741e-04
3.069314611387760692e-04
3.067975005818175172e-04
3.066361959915446587e-04
3.064454012091659039e-04
3.062491257032576189e-04
3.060350224059972708e-04
3.058427185538456191e-04
3.064497736012052097e-04
3.059294160690392253e-04
3.059495893343547757e-04
3.057302956420299427e-04
3.057087265701290070e-04
3.056207206035880760e-04
3.055509958884294213e-04
3.054770859665839654e-04
3.053945752053586148e-04
3.053040685049519310e-04
3.052212817489192227e-04
3.051315693384152694e-04
3.050284929675939317e-04
3.049032764996603847e-04
3.047712258604179467e-04
3.046361217412629058e-04
3.045794241248509339e-04
3.045618489830076610e-04
3.046299892678952493e-04
3.044592057978444573e-04
3.044425060118967547e-04
3.043804471156769304e-04
3.043384497961511433e-04
3.042636530623833973e-04
3.041822989412647097e-04
3.040962288148695144e-04
3.039900007347761941e-04
3.038765110261575498e-04
3.037551935366722107e-04
3.036551870858850382e-04
3.035919241528823947e-04
3.035798428738754060e-04
3.034896821275150027e-04
3.034239040174599965e-04
3.033897069130744016e-04
3.033374175557318930e-04
3.032908513040066768e-04
3.032139051641037576e-04
3.031317064014892189e-04
3.030251338732950516e-04
3.029093328403512780e-04
3.027985025041219822e-04
3.027170182935564843e-04
3.026124664399435903e-04
3.025617996659630778e-04
3.025636470696089911e-04
3.024727374507474136e-04
3.023965208947776927e-04
3.022984677535919340e-04
3.022289952495995648e-04
3.021713777134235309e-04
3.021099450826681071e-04
3.020103348922142917e-04
3.019437883609088816e-04
3.018648161379265497e-04
3.017657590023874788e-04
3.016677291287040113e-04
3.015790074706106716e-04
3.015798007821888843e-04
3.015032528248106779e-04
3.014566817118862906e-04
3.014008815188730958e-04
3.013392175858837954e-04
3.012702141704475651e-04
3.011815540748338403e-04
3.010741931284348187e-04
3.009640652069964597e-04
3.008429382772243661e-04
3.007327876662534627e-04
3.006799209282000037e-04
3.007316393930296698e-04
3.006419056211484769e-04
3.005864410293676873e-04
3.004976209080118476e-04
3.004173303201277843e-04
3.003187295677079978e-04
3.002134990166414517e-04
3.000929990387663860e-04
3.000139881483593232e-04
3.001588641415683283e-04
2.999270412721665282e-04
2.999159917260963088e-04
2.997916781151644880e-04
2.997277669838929130e-04
2.996976768343441867e-04
2.996290223409674418e-04
2.995666330375717145e-04
2.994906783839608976e-04
2.994068685470188652e-04
2.993182444959884740e-04
2.992387425195879263e-04
2.991392294650752743e-04
2.990426878219252984e-04
2.989330410645741915e-04
2.988330821124896355e-04
2.987494723118372733e-04
2.987292005324291145e-04
2.986731824485364811e-04
2.987252302440919776e-04
2.986166059275311064e-04
2.985703439487473682e-04
2.985047040621666408e-04
2.984301256828281591e-04
2.983467882932805382e-04
2.982468251579418702e-04
2.981318231894168960e-04
2.980033155510906006e-04
2.978708929410111097e-04
2.977813983695057863e-04
2.978073088357059001e-04
2.977780948010083054e-04
2.977310862979646775e-04
2.976486728610432705e-04
2.975771936926800460e-04
2.974948216994999814e-04
2.973944658753723837e-04
2.973375968105968761e-04
2.972837705225935575e-04
2.972074770332681546e-04
2.971532347078124632e-04
2.971099501063035188e-04
2.970398314998635102e-04
2.969768139826724001e-04
2.969191781190394096e-04
2.968222977170198451e-04
2.967214194205574826e-04
2.965960554745466593e-04
2.964941134193316090e-04
2.963939802807844361e-04
2.963001182495523405e-04
2.962804745228534136e-04
2.962261333801994288e-04
2.961959232961542863e-04
2.961374170891849407e-04
2.960983762642393938e-04
2.960282772492969176e-04
2.959595595987425513e-04
2.958822723256274590e-04
2.957951265008429051e-04
2.956876202031246325e-04
2.955677016380522893e-04
2.954360809961726546e-04
2.953011834997745495e-04
2.951762527449597480e-04
2.951876710335179003e-04
2.951849105783101667e-04
2.950719462923469933e-04
2.950144106334089134e-04
2.949389289729943014e-04
2.948696973950692230e-04
2.947920810879101961e-04
2.947351660966083804e-04
2.946769042720000079e-04
2.946344810666781363e-04
2.945589709748127000e-04
2.944763662287418898e-04
2.944209393792861533e-04
2.943479176057948749e-04
2.942895149801461876e-04
2.941986352395997641e-04
2.940942760111395150e-04
2.939667731286280637e-04
2.938629810869688671e-04
2.938546971750376669e-04
2.938237724491116957e-04
2.937450255318537992e-04
2.936902166583281481e-04
2.936314781159300746e-04
2.935705610020822960e-04
2.935131623072071913e-04
2.934592680744716755e-04
2.933808556433348713e-04
2.932935414176240300e-04
2.931859663768904083e-04
2.930658506971068472e-04
2.929722275355459734e-04
2.929783507530069335e-04
2.928777350320409647e-04
2.928360901955519139e-04
2.927332637605183541e-04
2.926817068313884349e-04
2.926438710948802389e-04
2.925984524833115407e-04
2.925387474020288946e-04
2.924677311067955233e-04
2.924410399367764887e-04
2.923701559465032907e-04
2.923270955247222417e-04
2.922714233623931917e-04
2.922017149806391094e-04
2.921230645013436463e-04
2.920331266522140264e-04
2.919329161862727453e-04
2.918230538619411398e-04
2.917309399707046524e-04
2.916129635131561003e-04
2.915257389918815209e-04
2.915748186780464267e-04
2.915023403610746263e-04
2.914415370791059918e-04
2.913848874275519083e-04
2.913063579387345525e-04
2.912158909223862085e-04
2.911549572251610177e-04
2.911094666870181935e-04
2.910496519740453196e-04
2.909761939594540485e-04
2.908888328113753063e-04
2.907821170246379272e-04
2.906647357238256063e-04
2.905498225075187177e-04
2.904907561707530399e-04
2.905118237541328015e-04
2.904656733182113038e-04
2.904489689976674869e-04
2.903769266205397516e-04
2.903180060282546855e-04
2.902602614059120287e-04
2.901741358563075714e-04
2.900882364020209835e-04
2.899808479849284902e-04
2.898645838098350309e-04
2.897641717793588844e-04
2.897626014047092308e-04
2.896558801270869782e-04
2.896029258254708902e-04
2.895087320258774759e-04
2.894221526368616544e-04
2.893444142056683806e-04
2.894082856540667573e-04
2.892374295585560117e-04
2.892121775352135354e-04
2.891121326382257669e-04
2.890300278341448900e-04
2.889584958239652395e-04
2.888825349791348477e-04
2.888026848674256331e-04
2.887691568290758483e-04
2.887519903907033274e-04
2.886907203806507775e-04
2.886091147012161909e-04
2.885209047634122032e-04
2.884583809979330269e-04
2.883523101891047823e-04
2.882412561250998146e-04
2.881229040223693100e-04
2.879937211218985284e-04
2.879691213536107611e-04
2.880421327027477886e-04
2.879201786780095570e-04
2.878753914733396839e-04
2.878146604785555341e-04
2.877405723496271987e-04
2.876632114978231749e-04
2.875727870234719369e-04
2.874660071899756133e-04
2.873420149013329898e-04
2.872481978133998139e-04
2.871742734746289679e-04
2.870957261060221662e-04
2.870911032181835184e-04
2.870150677140474249e-04
2.869371272151332512e-04
2.869399547167545989e-04
2.868929680750054840e-04
2.868507271943974242e-04
2.867995331199913117e-04
2.867367410798191477e-04
2.866675776382563443e-04
2.865907469069394332e-04
2.865060233019654573e-04
2.864355758525059022e-04
2.864007789401968175e-04
2.863418819856365042e-04
2.862770592844046799e-04
2.861989796546404903e-04
2.861635387998397368e-04
2.861073014319334131e-04
2.860407088027988359e-04
2.859735073844472497e-04
2.859493634790117775e-04
2.858883388092348294e-04
2.858195748021208674e-04
2.857451326707459807e-04
2.856810643561327051e-04
2.856262152932372640e-04
2.855453536665421830e-04
2.854594952176180036e-04
2.854072575942058943e-04
2.853901579206536082e-04
2.853650636138692614e-04
2.853183645304347088e-04
2.852406861934034493e-04
2.851576891423941045e-04
2.850516449907932836e-04
2.849947351079290124e-04
2.850083502569704602e-04
2.849267285627724651e-04
2.848864373589864120e-04
2.848507305186084534e-04
2.847878504927807441e-04
2.847115876436245082e-04
2.846391090000809847e-04
2.845559454112114774e-04
2.844674929883899642e-04
2.843887524407198134e-04
2.843916701350815901e-04
2.842662630304529196e-04
2.841837283652333878e-04
2.840850358583878210e-04
2.839823470808529966e-04
2.839362184533035017e-04
2.840067197499051340e-04
2.838828034070298720e-04
2.838536413618606823e-04
2.838061973978051327e-04
2.837501433080562708e-04
2.836771591105673607e-04
2.835985111532799449e-04
2.835193448578227256e-04
2.834305546320976701e-04
2.833617066136706652e-04
2.833369795131054718e-04
2.833223960162338799e-04
2.832748355448756641e-04
2.832245630403640042e-04
2.831658063045748553e-04
2.830887893324346167e-04
2.830241264432528875e-04
2.829450498454408130e-04
2.828715013191988501e-04
2.827732863731409647e-04
2.826950997433141021e-04
2.826675449897920740e-04
2.826318837957029475e-04
2.825904872332316692e-04
2.825451936005081151e-04
2.824929869664649000e-04
2.824324231544564573e-04
2.823907459417268834e-04
2.823271969547783014e-04
2.822500681008951518e-04
2.821562973230432340e-04
2.820530633461936247e-04
2.819537211975501820e-04
2.818459722871136369e-04
2.818818696103626625e-04
2.818194083479304952e-04
2.818009015705687627e-04
2.817341964724712775e-04
2.816955329990217011e-04
2.816695997682470737e-04
2.816236772714658491e-04
2.815673970467085906e-04
2.814953020310746712e-04
2.814145777515356995e-04
2.813191088680023762e-04
2.812341532770234499e-04
2.811626333183511609e-04
2.811196979656884767e-04
2.810732701887274677e-04
2.810552123242378341e-04
2.810210624301689498e-04
2.809680405512359641e-04
2.809260035147335076e-04
2.808685658031197783e-04
2.808006427745071720e-04
2.807173209861875971e-04
2.806166925668608734e-04
2.805018315607256093e-04
2.803671061491765332e-04
2.802524797650410488e-04
2.801458029490425778e-04
2.802187323184236680e-04
2.801154353635168276e-04
2.800845981989341237e-04
2.800438816538910634e-04
2.799802056628417773e-04
2.799082339311306420e-04
2.798197811012542594e-04
2.797419374316178087e-04
2.797107489118845101e-04
2.796541846420039462e-04
2.795817386130860496e-04
2.794922552179077342e-04
2.793922237032185987e-04
2.792774235777263636e-04
2.791621322718831249e-04
2.790715636407351441e-04
2.791157416329419346e-04
2.790643649704807952e-04
2.790420164314457384e-04
2.790093749089852973e-04
2.789642684980009400e-04
2.789210194370237762e-04
2.788608751745477103e-04
2.787873305446666289e-04
2.787057076778622425e-04
2.786189981262292997e-04
2.785479272791701981e-04
2.785024782086935346e-04
2.784561815059516041e-04
2.784158846440294818e-04
2.783948415379082107e-04
2.783418487969981656e-04
2.782752472350793886e-04
2.781962608461761247e-04
2.781153177279152696e-04
2.780296733729669821e-04
2.779343147201128982e-04
2.778269720468844509e-04
2.777765953760784399e-04
2.777869535129014753e-04
2.777340117790055266e-04
2.776582104145799285e-04
2.776042943123923626e-04
2.775588287356192609e-04
2.774897788024965721e-04
2.774319895737539614e-04
2.773977879221848275e-04
2.773294697034533649e-04
2.772768445327433999e-04
2.772309214211942274e-04
2.771727433781472961e-04
2.771223231679668681e-04
2.770594128161886949e-04
2.769963627729093709e-04
2.769396225798233875e-04
2.769147440002933517e-04
2.768354114414358410e-04
2.767580028639799903e-04
2.766868698928339810e-04
2.766275892226669614e-04
2.766084240568369187e-04
2.765577955935599199e-04
2.765441341019976682e-04
2.764967768676117885e-04
2.764330119404126624e-04
2.763579575952597846e-04
2.762919703579304158e-04
2.762625394834936229e-04
2.762320693451669859e-04
2.762068325702621134e-04
2.761466324914639970e-04
2.761023737208999503e-04
2.760611359289971418e-04
2.760261443712541717e-04
2.759725665748672969e-04
2.759185992172301935e-04
2.758432478892473860e-04
2.757813813738381166e-04
2.757174588021246860e-04
2.756480276007867015e-04
2.756092804239526238e-04
2.755460416329245325e-04
2.754729961493724297e-04
2.754159119836900550e-04
2.753718546478455529e-04
2.753503725160801551e-04
2.753118965225056819e-04
2.752637212659799762e-04
2.752179400088982123e-04
2.751636187632049884e-04
2.751041598218635620e-04
2.750396739861016098e-04
2.749890360015491871e-04
2.749389598288920012e-04
2.748873226565179038e-04
2.748437958945597684e-04
2.748285198213406676e-04
2.747678915176536259e-04
2.747260264666374604e-04
2.747071748538952628e-04
2.746546062873088129e-04
2.746029537382815855e-04
2.745332658483365992e-04
2.744484374332689680e-04
2.743545816638469532e-04
2.742589320096156316e-04
2.741454664799221797e-04
2.740434218272572251e-04
2.741126317240952020e-04
2.740211713896135992e-04
2.739944165099815671e-04
2.738977144191887350e-04
2.738294258919892745e-04
2.737672028191264666e-04
2.737290840778529234e-04
2.737140303207112623e-04
2.736759198747278467e-04
2.736571688326415105e-04
2.736090652381466064e-04
2.735658665741507898e-04
2.735174795656263361e-04
2.734562550836349250e-04
2.734035369823549283e-04
2.733524163599769128e-04
2.732969911591097228e-04
2.732499673999770054e-04
2.731874912632074534e-04
2.731424106248037803e-04
2.730824787792018437e-04
2.730037601733839993e-04
2.729336032637543234e-04
2.728574383342044301e-04
2.727719453057214985e-04
2.726871273902719693e-04
2.726236576155612306e-04
2.726634185970871972e-04
2.725764226341804335e-04
2.725742080009573151e-04
2.725030032342001286e-04
2.724746689556745258e-04
2.724256674988343309e-04
2.723672029285377190e-04
2.723011610558106360e-04
2.722214130250580648e-04
2.721612092927692440e-04
2.720903814636586805e-04
2.720914976866227290e-04
2.720189851780488509e-04
2.719963813187720658e-04
2.719365746554622330e-04
2.718795981251484668e-04
2.718396813575958432e-04
2.718002438184571705e-04
2.717359460648490735e-04
2.716666467084724698e-04
2.716020731278004927e-04
2.715596397461233114e-04
2.715510089711390199e-04
2.715145916987418044e-04
2.714847344601174577e-04
2.714207715636512129e-04
2.713520097165523647e-04
2.712743182657772361e-04
2.711935457373351277e-04
2.711776316543542515e-04
2.711826623922705573e-04
2.711077963939695205e-04
2.710628166849028925e-04
2.710183099236442429e-04
2.709490333499353729e-04
2.708873620447444278e-04
2.708302861630164132e-04
2.707720290142120556e-04
2.707147040910805476e-04
2.706827305133659525e-04
2.706763932265199442e-04
2.706273869731030393e-04
2.705960475003558715e-04
2.705461625745349784e-04
2.704935279126888920e-04
2.704293842770585606e-04
2.703601014887850205e-04
2.702764932219374255e-04
2.701920123255384214e-04
2.701438069872603596e-04
2.701441921974434470e-04
2.700999174955894758e-04
2.700605155182395057e-04
2.700376900114060210e-04
2.699963748487068109e-04
2.699449917213595364e-04
2.698841487415336499e-04
2.698248333937127070e-04
2.698116893913308687e-04
2.697534660798698116e-04
2.697076362878298231e-04
2.696729540445293475e-04
2.696236660535250812e-04
2.695670850601933344e-04
2.695040546818273713e-04
2.694364911298643842e-04
2.693637084854098277e-04
2.693531756435114618e-04
2.693179241401362522e-04
2.692750596028270407e-04
2.692278613963945645e-04
2.691763686145742340e-04
2.691210011292727690e-04
2.690601273216455249e-04
2.689959989799047208e-04
2.689332267973528249e-04
2.688721045087922147e-04
2.688292407195516025e-04
2.688110069980709986e-04
2.687577685457137253e-04
2.687245176004233213e-04
2.687003313243547511e-04
2.686502267358928625e-04
2.686046319341439345e-04
2.685394648102468087e-04
2.684638412778336727e-04
2.683786347748402736e-04
2.683047373342573147e-04
2.683007192537504334e-04
2.683179670978184527e-04
2.682696247091647312e-04
2.682413456570938853e-04
2.681979974373950690e-04
2.681633279136210347e-04
2.681178709030129087e-04
2.680670900134058884e-04
2.680085408747374400e-04
2.679408530375359393e-04
2.678667752185119556e-04
2.678061296350827693e-04
2.677793086396487222e-04
2.677381209107849145e-04
2.677768700241180762e-04
2.677036174207326450e-04
2.676853936712628884e-04
2.676355730695003363e-04
2.675849758445526978e-04
2.675272377879815136e-04
2.674582829254243941e-04
2.673935951557797406e-04
2.673466990745908159e-04
2.672945112438778045e-04
2.672443992253814636e-04
2.672051277326999196e-04
2.671846777549412625e-04
2.671465916639661998e-04
2.671158343675903791e-04
2.670833609337170409e-04
2.670574766403955701e-04
2.670191666272368151e-04
2.669814294724704015e-04
2.669219474365476063e-04
2.668584277610439514e-04
2.667846712081354036e-04
2.667021110129498725e-04
2.666334735936498179e-04
2.665776197978756670e-04
2.665797268149864207e-04
2.665572595508089080e-04
2.665358457673237791e-04
2.664954441223960340e-04
2.664632105289468011e-04
2.664108452597368972e-04
2.663550297280256173e-04
2.662932316348618107e-04
2.662244625054527368e-04
2.661642553893551122e-04
2.661183823082714415e-04
2.661150639178277728e-04
2.660710296270769903e-04
2.660441417544105128e-04
2.659845399015772554e-04
2.659269075140982541e-04
2.658609591288259278e-04
2.657886846169364757e-04
2.657178462794844279e-04
2.656810051166777313e-04
2.657150780495727452e-04
2.656522382817534970e-04
2.656023945032235821e-04
2.655585168364242923e-04
2.655088320543518162e-04
2.654463541633891735e-04
2.653763941481234834e-04
2.653026766344198013e-04
2.652972353424089768e-04
2.652577672248212430e-04
2.652109196231708984e-04
2.651650496318038071e-04
2.651324228791818757e-04
2.650923067712910165e-04
2.650318764342081846e-04
2.649582398595037662e-04
2.648782159044355184e-04
2.647871094137747502e-04
2.646811528339591477e-04
2.645644836573044292e-04
2.644452816598549783e-04
2.643176886042080754e-04
2.642900630756519391e-04
2.647606737958492539e-04
2.642587466307292103e-04
2.642861594310770340e-04
2.641521072348558432e-04
2.641494698551167630e-04
2.640906775094004977e-04
2.640370414703761847e-04
2.639853868542398323e-04
2.639101484098751679e-04
2.638331339393985733e-04
2.637537543929058714e-04
2.636614020770801760e-04
2.635786065883189517e-04
2.636469381448602748e-04
2.635145126281561358e-04
2.634923526942284139e-04
2.634786101721622951e-04
2.634214115042843806e-04
2.634325883646072191e-04
2.633485738668185942e-04
2.633096792015138612e-04
2.632370241670090928e-04
2.631682659835574297e-04
2.631010394507225423e-04
2.630850622725645254e-04
2.630377485559809631e-04
2.629763987196381413e-04
2.629241345878972425e-04
2.628968179513119729e-04
2.628466485989017025e-04
2.628163441486984432e-04
2.627944802594765067e-04
2.627513299969489618e-04
2.627098937765843948e-04
2.626764577247107718e-04
2.626517827215484675e-04
2.626108502741103241e-04
2.625479701367899855e-04
2.624806706935436116e-04
2.624063789647570035e-04
2.623265252136865156e-04
2.622679975639524512e-04
2.622354375501807517e-04
2.622129959562632647e-04
2.621740729644072491e-04
2.621456043251098431e-04
2.621387131136141422e-04
2.620936175240106314e-04
2.620602254684040329e-04
2.620112719112403592e-04
2.619542661454628794e-04
2.618859636351393528e-04
2.618228199665415391e-04
2.617685070190483329e-04
2.617321241988860192e-04
2.617197818029970077e-04
2.616770664646042013e-04
2.616307770787297060e-04
2.615927907522833671e-04
2.615551979987539065e-04
2.615204970589888071e-04
2.614771581492470387e-04
2.614634740556975021e-04
2.614304606861832616e-04
2.614030414803509509e-04
2.613579654789032446e-04
2.613125415116172119e-04
2.612572462109534629e-04
2.611990621779263725e-04
2.611629549491123036e-04
2.611212357043444523e-04
2.610898979245771336e-04
2.610479971830035250e-04
2.610165652562147017e-04
2.609882450536747558e-04
2.609504294327519725e-04
2.609262265831366139e-04
2.609013985243453207e-04
2.608495348073284776e-04
2.607961811479145276e-04
2.607326644929798564e-04
2.606628486043491093e-04
2.605843797800840738e-04
2.605474320860922451e-04
2.605279795205331329e-04
2.604808927505618981e-04
2.604414048929576853e-04
2.604144251897016885e-04
2.603913240915458173e-04
2.603466865130679144e-04
2.602993179192332799e-04
2.602528073857447830e-04
2.601840585955968004e-04
2.601377218149972248e-04
2.600912770636482291e-04
2.600738970890605225e-04
2.600591136696989636e-04
2.600022065037466200e-04
2.599650765952544670e-04
2.599244372107794351e-04
2.598657341323907491e-04
2.597978229485162238e-04
2.597157782491941362e-04
2.596809609787007291e-04
2.595931838935162657e-04
2.595545224990420817e-04
2.596322875994410990e-04
2.594946654579612837e-04
2.594597940092725264e-04
2.594163095467594791e-04
2.593772653761683400e-04
2.593590256459468680e-04
2.593386454920707808e-04
2.593013362435825950e-04
2.592574857724801174e-04
2.592120158011110547e-04
2.591674085747247601e-04
2.591203578575658451e-04
2.590603230761175926e-04
2.589879540245792989e-04
2.589059447112768467e-04
2.588288169496817410e-04
2.587647182052871036e-04
2.587465622507834941e-04
2.587197747865451706e-04
2.586763199916047211e-04
2.586377764806289102e-04
2.586207327073840106e-04
2.585793814438628159e-04
2.585289685364413172e-04
2.584933975795861627e-04
2.584766699483879407e-04
2.584534380870611618e-04
2.584188827214260156e-04
2.583758663241380021e-04
2.583217478517986585e-04
2.582598025072849581e-04
2.581910002353818723e-04
2.581436189311240833e-04
2.581346329956759277e-04
2.581071231802372105e-04
2.580737976380138464e-04
2.580256289464353484e-04
2.579779890534947035e-04
2.579326392253450699e-04
2.578742966130206623e-04
2.578043366738902507e-04
2.577310976616486548e-04
2.576702458695898155e-04
2.576179840399666688e-04
2.575808445971435631e-04
2.575512522276015041e-04
2.575222892816821508e-04
2.574693024680416316e-04
2.574187495276864792e-04
2.573916083460184062e-04
2.573725053615543768e-04
2.573570911171722884e-04
2.573230072447478273e-04
2.572861591972296341e-04
2.572426172124738127e-04
2.571912205430033861e-04
2.571422722633241080e-04
2.570959277514188110e-04
2.570672863751608190e-04
2.570336196580149941e-04
2.569768186851873111e-04
2.569145411373259351e-04
2.568763861316829549e-04
2.568353725604554847e-04
2.568079418430462176e-04
2.568321557840458976e-04
2.567769394450084485e-04
2.567513736903996374e-04
2.567133437522592897e-04
2.566702642022594834e-04
2.566205868666703786e-04
2.565667793976056008e-04
2.565064061769970253e-04
2.564318910924873944e-04
2.563391753443675656e-04
2.562815884864435710e-04
2.562469344771253592e-04
2.562628769381751731e-04
2.562294477718130253e-04
2.561891369958916101e-04
2.561585435006668177e-04
2.561400077721753973e-04
2.560931794571501383e-04
2.560520262703777942e-04
2.559988138897672247e-04
2.559515185790363508e-04
2.558873507966082312e-04
2.558185087410495004e-04
2.557616447534500855e-04
2.557038586732190912e-04
2.556922896694740805e-04
2.556745119298464469e-04
2.556367609022882834e-04
2.555846043918581735e-04
2.555380750757174310e-04
2.554845124604236467e-04
2.554231366649475986e-04
2.555942582109464864e-04
2.553684850596999920e-04
2.553871765525158113e-04
2.553001147203141116e-04
2.552640188676826450e-04
2.552528105960353102e-04
2.551780773479941141e-04
2.551139608173763531e-04
2.550418410124436733e-04
2.549830376905126250e-04
2.549382220918161471e-04
2.548643100507120380e-04
2.548202243981671517e-04
2.547659409928782403e-04
2.548203368303199323e-04
2.547490260182186362e-04
2.547289161672761765e-04
2.546832251410411870e-04
2.546499233908024271e-04
2.546053786529090825e-04
2.545575478090923412e-04
2.544943932218113607e-04
2.544285227975677803e-04
2.543595021122946765e-04
2.543188961701096516e-04
2.542901563479873519e-04
2.542424004036947477e-04
2.541982106086987966e-04
2.541753742625588088e-04
2.541822603438350725e-04
2.541341733737090963e-04
2.540984221237955185e-04
2.540678971893435621e-04
2.540255577990368401e-04
2.539721267777070258e-04
2.539231105804606154e-04
2.538651070641411182e-04
2.538391599847120627e-04
2.537974774458166567e-04
2.537655949587855602e-04
2.537334454518509340e-04
2.537191190764366056e-04
2.536710057126926525e-04
2.536534565848491988e-04
2.536419534531849816e-04
2.535919648963333027e-04
2.535525910112083848e-04
2.535023475656540595e-04
2.534421622848694522e-04
2.533765268135801537e-04
2.533013147113140221e-04
2.532854869065617395e-04
2.532899686878737505e-04
2.532648602917014899e-04
2.532189008555738269e-04
2.531815321284527930e-04
2.531316716384293610e-04
2.530733768761282677e-04
2.530349592919460804e-04
2.529915810616846527e-04
2.529518136599894396e-04
2.529182155444790006e-04
2.529035290791990863e-04
2.528605560919892849e-04
2.528400163944162591e-04
2.528058387512900911e-04
2.527704567300157672e-04
2.527411243541432596e-04
2.526980037562052387e-04
2.526590017577025121e-04
2.526291164512896206e-04
2.525893372527638595e-04
2.525562752447913948e-04
2.525152132477117293e-04
2.524677243865361409e-04
2.524187976303211346e-04
2.523707455008945486e-04
2.523646310099077758e-04
2.523450871350320563e-04
2.523199396794109238e-04
2.522812540241212154e-04
2.522461910638417468e-04
2.521992852603531965e-04
2.521432192355002795e-04
2.520846983700788017e-04
2.520697444155854910e-04
2.520433211410667818e-04
2.520126901244872596e-04
2.519626628995921499e-04
2.519272624036172155e-04
2.519202047227883504e-04
2.518938574042121317e-04
2.518682871976387532e-04
2.518364365630089072e-04
2.517925955991800330e-04
2.517388811478982929e-04
2.516795258800322700e-04
2.516126027203028823e-04
2.515641033734437762e-04
2.515265634921837580e-04
2.514690390753304694e-04
2.514398884686031618e-04
2.513995000699112848e-04
2.513859646880625795e-04
2.513626847383478740e-04
2.513355478887879324e-04
2.513072007261140457e-04
2.512643189077673933e-04
2.512123255679505349e-04
2.511644900758560998e-04
2.511036283730889388e-04
2.510435556837837113e-04
2.509950189346404816e-04
2.509609561915893908e-04
2.509418452443428556e-04
2.509186311318757504e-04
2.508841721381327330e-04
2.508514133344587425e-04
