1.666666666666667140e+01
3.239444444444444571e+01
5.174999999999997158e+00
2.659722222222222854e+01
1.675833333333333997e+01
1.738611111111110574e+01
2.160833333333333428e+01
2.388055555555555998e+01
2.150000000000000000e+01
1.771388888888888857e+01
3.272777777777777430e+01
2.929722222222221717e+01
3.650277777777777999e+01
3.158611111111110858e+01
3.562222222222222001e+01
3.983333333333333570e+01
5.201388888888888573e+01
4.936111111111111427e+01
6.146388888888888857e+01
5.822222222222222143e+01
8.085277777777777430e+01
6.123055555555555429e+01
7.160833333333333428e+01
8.419722222222222285e+01
7.644444444444444287e+01
8.343611111111110290e+01
8.534722222222222854e+01
8.481111111111111711e+01
8.608055555555554861e+01
8.796944444444444855e+01
8.722777777777777430e+01
8.842499999999999716e+01
8.814166666666666572e+01
8.870555555555554861e+01
8.855833333333333712e+01
8.841388888888889142e+01
8.782777777777778283e+01
8.928333333333333144e+01
8.842222222222221717e+01
8.981666666666666288e+01
9.005277777777777715e+01
9.033611111111110858e+01
9.115000000000000568e+01
9.128888888888889142e+01
9.246388888888888857e+01
9.197777777777777430e+01
9.313333333333333997e+01
9.649444444444444002e+01
9.383888888888888857e+01
9.462777777777777999e+01
9.424722222222222001e+01
9.622777777777777430e+01
9.497777777777777430e+01
9.517222222222221717e+01
9.577777777777777146e+01
9.586111111111111427e+01
9.528888888888889142e+01
9.865555555555555145e+01
9.763333333333333997e+01
9.683888888888888857e+01
9.895277777777778283e+01
9.870277777777778283e+01
9.834722222222222854e+01
9.893055555555555713e+01
9.890000000000000568e+01
9.892222222222221717e+01
9.880555555555555713e+01
9.883333333333332860e+01
9.884444444444444855e+01
9.882777777777778283e+01
9.878055555555555145e+01
9.865833333333333144e+01
9.872777777777777430e+01
9.873333333333333428e+01
9.871111111111110858e+01
9.874166666666666003e+01
9.874166666666666003e+01
9.871388888888888857e+01
9.868888888888888289e+01
9.871111111111110858e+01
9.876944444444444571e+01
9.876944444444444571e+01
9.883888888888888857e+01
9.882500000000000284e+01
9.878888888888889142e+01
9.888333333333333997e+01
9.888055555555555998e+01
9.890277777777777146e+01
9.895000000000000284e+01
9.896388888888888857e+01
9.898611111111111427e+01
9.896944444444444855e+01
9.905277777777777715e+01
9.903333333333333144e+01
9.905833333333333712e+01
9.908611111111110858e+01
9.910277777777777430e+01
9.907500000000000284e+01
9.912777777777777999e+01
9.918888888888888289e+01
9.916388888888889142e+01
9.921944444444444855e+01
9.921388888888888857e+01
9.926666666666666572e+01
9.926666666666666572e+01
9.930833333333333712e+01
9.933611111111110858e+01
9.939166666666666572e+01
9.941944444444445139e+01
9.936944444444444002e+01
9.942777777777777715e+01
9.935833333333333428e+01
9.941111111111111143e+01
9.943333333333333712e+01
9.945833333333332860e+01
9.944722222222222285e+01
9.944722222222222285e+01
9.947222222222222854e+01
9.946388888888888857e+01
9.949722222222222001e+01
9.947777777777777430e+01
9.951111111111110574e+01
9.948888888888889426e+01
9.949722222222222001e+01
9.950000000000000000e+01
9.951388888888888573e+01
9.951388888888888573e+01
9.951944444444444571e+01
9.952500000000000568e+01
9.954166666666667140e+01
9.951388888888888573e+01
9.950277777777777999e+01
9.954166666666667140e+01
9.953611111111111143e+01
9.953055555555555145e+01
9.951944444444444571e+01
9.953055555555555145e+01
9.954722222222221717e+01
9.952777777777777146e+01
9.954999999999999716e+01
9.955833333333333712e+01
9.955277777777777715e+01
9.954444444444445139e+01
9.954999999999999716e+01
9.955555555555555713e+01
9.955833333333333712e+01
9.956388888888888289e+01
9.956666666666666288e+01
9.959166666666666856e+01
9.958888888888888857e+01
9.958888888888888857e+01
9.958055555555554861e+01
9.959722222222222854e+01
9.959444444444444855e+01
9.960833333333333428e+01
9.960555555555555429e+01
9.961666666666666003e+01
9.961944444444444002e+01
9.961944444444444002e+01
9.962222222222222001e+01
9.962500000000000000e+01
9.962777777777777999e+01
9.963055555555555998e+01
9.962500000000000000e+01
9.962777777777777999e+01
9.962777777777777999e+01
9.962777777777777999e+01
9.962777777777777999e+01
9.962777777777777999e+01
9.963333333333333997e+01
9.963611111111110574e+01
9.964444444444444571e+01
9.963333333333333997e+01
9.963888888888888573e+01
9.964166666666666572e+01
9.963888888888888573e+01
9.965000000000000568e+01
9.966666666666667140e+01
9.966111111111111143e+01
9.965555555555555145e+01
9.965000000000000568e+01
9.965277777777777146e+01
9.965833333333333144e+01
9.965833333333333144e+01
9.966388888888889142e+01
9.967222222222221717e+01
9.967499999999999716e+01
9.966944444444445139e+01
9.967777777777777715e+01
9.966666666666667140e+01
9.968055555555555713e+01
9.967222222222221717e+01
9.966944444444445139e+01
9.967222222222221717e+01
9.968055555555555713e+01
9.968888888888888289e+01
9.968888888888888289e+01
9.970000000000000284e+01
9.967777777777777715e+01
9.969166666666666288e+01
9.968888888888888289e+01
9.970277777777778283e+01
9.970000000000000284e+01
9.969444444444444287e+01
9.969444444444444287e+01
9.969722222222222285e+01
9.967777777777777715e+01
9.969166666666666288e+01
9.969444444444444287e+01
9.970277777777778283e+01
9.970555555555554861e+01
9.971388888888888857e+01
9.971111111111110858e+01
9.971388888888888857e+01
9.970000000000000284e+01
9.971111111111110858e+01
9.970555555555554861e+01
9.971944444444444855e+01
9.971666666666666856e+01
9.972777777777777430e+01
9.972777777777777430e+01
9.972777777777777430e+01
9.973055555555555429e+01
9.973333333333333428e+01
9.973055555555555429e+01
9.974444444444444002e+01
9.972222222222222854e+01
9.972777777777777430e+01
9.972777777777777430e+01
9.973055555555555429e+01
9.973055555555555429e+01
9.973333333333333428e+01
9.973333333333333428e+01
9.973888888888889426e+01
9.973888888888889426e+01
9.973333333333333428e+01
9.973611111111111427e+01
9.973333333333333428e+01
9.974166666666666003e+01
9.974444444444444002e+01
9.974444444444444002e+01
9.975000000000000000e+01
9.975277777777777999e+01
9.976388888888888573e+01
9.974166666666666003e+01
9.975277777777777999e+01
9.974444444444444002e+01
9.974722222222222001e+01
9.974722222222222001e+01
9.975000000000000000e+01
9.975277777777777999e+01
9.974722222222222001e+01
9.975277777777777999e+01
9.975833333333333997e+01
9.977500000000000568e+01
9.976666666666666572e+01
9.976111111111110574e+01
9.976111111111110574e+01
9.975277777777777999e+01
9.976111111111110574e+01
9.976388888888888573e+01
9.975833333333333997e+01
9.976666666666666572e+01
9.977222222222222570e+01
9.977777777777777146e+01
9.977222222222222570e+01
9.977777777777777146e+01
9.977222222222222570e+01
9.977500000000000568e+01
9.977777777777777146e+01
9.977777777777777146e+01
9.977222222222222570e+01
9.977500000000000568e+01
9.977500000000000568e+01
9.977500000000000568e+01
9.977500000000000568e+01
9.977500000000000568e+01
9.979722222222221717e+01
9.976111111111110574e+01
9.978333333333333144e+01
9.977500000000000568e+01
9.977777777777777146e+01
9.977500000000000568e+01
9.977500000000000568e+01
9.977500000000000568e+01
9.977777777777777146e+01
9.978333333333333144e+01
9.977500000000000568e+01
9.979722222222221717e+01
9.978055555555555145e+01
9.978333333333333144e+01
9.978888888888889142e+01
9.978333333333333144e+01
9.978333333333333144e+01
9.978333333333333144e+01
9.978333333333333144e+01
9.979166666666667140e+01
9.979166666666667140e+01
9.979999999999999716e+01
9.979722222222221717e+01
9.981388888888888289e+01
9.980555555555555713e+01
9.983055555555554861e+01
9.980277777777777715e+01
9.981388888888888289e+01
9.981111111111111711e+01
9.981388888888888289e+01
9.981944444444444287e+01
9.983333333333332860e+01
9.981944444444444287e+01
9.983888888888888857e+01
9.983611111111110858e+01
9.983888888888888857e+01
9.984999999999999432e+01
9.984999999999999432e+01
9.985833333333333428e+01
9.986666666666666003e+01
9.988055555555555998e+01
9.988888888888888573e+01
9.988611111111110574e+01
9.990555555555555145e+01
9.988611111111110574e+01
9.989444444444444571e+01
9.989444444444444571e+01
9.990000000000000568e+01
9.990277777777777146e+01
9.990277777777777146e+01
9.991111111111111143e+01
9.991666666666667140e+01
9.993333333333333712e+01
9.994444444444444287e+01
9.995555555555554861e+01
9.995833333333332860e+01
9.994722222222222285e+01
9.995833333333332860e+01
9.996111111111110858e+01
9.996388888888888857e+01
9.995277777777778283e+01
9.995833333333332860e+01
9.996111111111110858e+01
9.996111111111110858e+01
9.996111111111110858e+01
9.996388888888888857e+01
9.997222222222222854e+01
9.997222222222222854e+01
9.998055555555555429e+01
9.997499999999999432e+01
9.997499999999999432e+01
9.997499999999999432e+01
9.997777777777777430e+01
9.997777777777777430e+01
9.998055555555555429e+01
9.998055555555555429e+01
9.998055555555555429e+01
9.998055555555555429e+01
9.998055555555555429e+01
9.998333333333333428e+01
9.998055555555555429e+01
9.998888888888889426e+01
9.998055555555555429e+01
9.998333333333333428e+01
9.998055555555555429e+01
9.998333333333333428e+01
9.998611111111111427e+01
9.998333333333333428e+01
9.998611111111111427e+01
9.998888888888889426e+01
9.999166666666666003e+01
9.998333333333333428e+01
9.998888888888889426e+01
9.998611111111111427e+01
9.998611111111111427e+01
9.998611111111111427e+01
9.998888888888889426e+01
9.998888888888889426e+01
9.998611111111111427e+01
9.998888888888889426e+01
9.998888888888889426e+01
9.998611111111111427e+01
9.998611111111111427e+01
9.998888888888889426e+01
9.998888888888889426e+01
9.998888888888889426e+01
9.998888888888889426e+01
9.999166666666666003e+01
9.999166666666666003e+01
9.998888888888889426e+01
9.998888888888889426e+01
9.998888888888889426e+01
9.998888888888889426e+01
9.999444444444444002e+01
9.998888888888889426e+01
9.998888888888889426e+01
9.998888888888889426e+01
9.998888888888889426e+01
9.998888888888889426e+01
9.998888888888889426e+01
9.998611111111111427e+01
9.998888888888889426e+01
9.998611111111111427e+01
9.998888888888889426e+01
9.998611111111111427e+01
9.998611111111111427e+01
9.998611111111111427e+01
9.998611111111111427e+01
9.998611111111111427e+01
9.999166666666666003e+01
9.998888888888889426e+01
9.998611111111111427e+01
9.998611111111111427e+01
9.998333333333333428e+01
9.998611111111111427e+01
9.998611111111111427e+01
9.998333333333333428e+01
9.998333333333333428e+01
9.998333333333333428e+01
9.998333333333333428e+01
9.998333333333333428e+01
9.998611111111111427e+01
9.998888888888889426e+01
9.998333333333333428e+01
9.998888888888889426e+01
9.998888888888889426e+01
9.998888888888889426e+01
9.998888888888889426e+01
9.999166666666666003e+01
9.999166666666666003e+01
9.999444444444444002e+01
9.998888888888889426e+01
9.999166666666666003e+01
9.999166666666666003e+01
9.999444444444444002e+01
9.999166666666666003e+01
9.999444444444444002e+01
9.998888888888889426e+01
9.999444444444444002e+01
9.999444444444444002e+01
9.999444444444444002e+01
9.999444444444444002e+01
9.999444444444444002e+01
9.999444444444444002e+01
9.999444444444444002e+01
9.999444444444444002e+01
9.999444444444444002e+01
9.999444444444444002e+01
9.999444444444444002e+01
9.999444444444444002e+01
9.999444444444444002e+01
9.999444444444444002e+01
9.999444444444444002e+01
9.999444444444444002e+01
9.999444444444444002e+01
9.999444444444444002e+01
9.999444444444444002e+01
9.999722222222222001e+01
9.999166666666666003e+01
9.999722222222222001e+01
9.999444444444444002e+01
9.999444444444444002e+01
9.999444444444444002e+01
9.999444444444444002e+01
9.999722222222222001e+01
9.999444444444444002e+01
9.999722222222222001e+01
9.999444444444444002e+01
9.999444444444444002e+01
9.999444444444444002e+01
9.999722222222222001e+01
9.999444444444444002e+01
9.999722222222222001e+01
9.999444444444444002e+01
9.999722222222222001e+01
9.999444444444444002e+01
9.999722222222222001e+01
9.999722222222222001e+01
9.999722222222222001e+01
9.999444444444444002e+01
9.999722222222222001e+01
9.999444444444444002e+01
9.999722222222222001e+01
9.999722222222222001e+01
9.999722222222222001e+01
9.999722222222222001e+01
9.999722222222222001e+01
9.999722222222222001e+01
9.999722222222222001e+01
9.999722222222222001e+01
9.999722222222222001e+01
9.999722222222222001e+01
9.999722222222222001e+01
9.999722222222222001e+01
9.999722222222222001e+01
9.999722222222222001e+01
9.999444444444444002e+01
9.999722222222222001e+01
9.999722222222222001e+01
9.999722222222222001e+01
9.999722222222222001e+01
9.999722222222222001e+01
9.999722222222222001e+01
9.999722222222222001e+01
9.999722222222222001e+01
9.999722222222222001e+01
9.999722222222222001e+01
9.999444444444444002e+01
9.999722222222222001e+01
9.999722222222222001e+01
9.999722222222222001e+01
9.999722222222222001e+01
9.999722222222222001e+01
9.999722222222222001e+01
9.999722222222222001e+01
9.999722222222222001e+01
9.999722222222222001e+01
9.999722222222222001e+01
9.999444444444444002e+01
9.999722222222222001e+01
9.999722222222222001e+01
9.999722222222222001e+01
9.999722222222222001e+01
9.999722222222222001e+01
9.999722222222222001e+01
9.999722222222222001e+01
9.999722222222222001e+01
9.999722222222222001e+01
9.999722222222222001e+01
9.999722222222222001e+01
9.999722222222222001e+01
9.999722222222222001e+01
9.999722222222222001e+01
9.999722222222222001e+01
9.999722222222222001e+01
9.999722222222222001e+01
9.999722222222222001e+01
9.999722222222222001e+01
9.999722222222222001e+01
9.999722222222222001e+01
9.999722222222222001e+01
9.999722222222222001e+01
9.999722222222222001e+01
9.999722222222222001e+01
9.999722222222222001e+01
9.999722222222222001e+01
9.999722222222222001e+01
9.999722222222222001e+01
9.999722222222222001e+01
9.999722222222222001e+01
9.999722222222222001e+01
9.999722222222222001e+01
9.999722222222222001e+01
9.999722222222222001e+01
9.999722222222222001e+01
9.999722222222222001e+01
9.999722222222222001e+01
9.999722222222222001e+01
9.999722222222222001e+01
9.999722222222222001e+01
9.999722222222222001e+01
9.999722222222222001e+01
9.999722222222222001e+01
9.999722222222222001e+01
9.999722222222222001e+01
9.999722222222222001e+01
9.999722222222222001e+01
9.999722222222222001e+01
9.999722222222222001e+01
9.999722222222222001e+01
9.999722222222222001e+01
9.999722222222222001e+01
9.999722222222222001e+01
9.999722222222222001e+01
9.999722222222222001e+01
9.999722222222222001e+01
9.999722222222222001e+01
9.999722222222222001e+01
9.999722222222222001e+01
9.999722222222222001e+01
9.999722222222222001e+01
9.999722222222222001e+01
9.999722222222222001e+01
9.999722222222222001e+01
9.999722222222222001e+01
9.999722222222222001e+01
9.999722222222222001e+01
9.999722222222222001e+01
9.999722222222222001e+01
9.999722222222222001e+01
9.999722222222222001e+01
9.999722222222222001e+01
9.999722222222222001e+01
9.999722222222222001e+01
9.999722222222222001e+01
9.999722222222222001e+01
9.999722222222222001e+01
9.999722222222222001e+01
9.999722222222222001e+01
9.999722222222222001e+01
9.999722222222222001e+01
9.999722222222222001e+01
9.999722222222222001e+01
9.999722222222222001e+01
9.999722222222222001e+01
9.999722222222222001e+01
9.999722222222222001e+01
9.999722222222222001e+01
9.999722222222222001e+01
9.999722222222222001e+01
9.999722222222222001e+01
9.999722222222222001e+01
9.999722222222222001e+01
9.999722222222222001e+01
9.999722222222222001e+01
9.999722222222222001e+01
9.999722222222222001e+01
9.999722222222222001e+01
9.999722222222222001e+01
9.999722222222222001e+01
9.999722222222222001e+01
9.999722222222222001e+01
9.999722222222222001e+01
9.999722222222222001e+01
9.999722222222222001e+01
9.999722222222222001e+01
9.999722222222222001e+01
9.999722222222222001e+01
9.999722222222222001e+01
9.999722222222222001e+01
9.999722222222222001e+01
9.999722222222222001e+01
9.999722222222222001e+01
9.999722222222222001e+01
9.999722222222222001e+01
9.999722222222222001e+01
9.999722222222222001e+01
9.999722222222222001e+01
9.999722222222222001e+01
9.999722222222222001e+01
9.999722222222222001e+01
9.999722222222222001e+01
9.999722222222222001e+01
9.999722222222222001e+01
9.999722222222222001e+01
9.999722222222222001e+01
9.999722222222222001e+01
9.999722222222222001e+01
9.999722222222222001e+01
9.999722222222222001e+01
9.999722222222222001e+01
9.999722222222222001e+01
9.999722222222222001e+01
9.999722222222222001e+01
9.999722222222222001e+01
9.999722222222222001e+01
9.999722222222222001e+01
9.999722222222222001e+01
9.999722222222222001e+01
9.999722222222222001e+01
9.999722222222222001e+01
9.999722222222222001e+01
9.999722222222222001e+01
9.999722222222222001e+01
9.999722222222222001e+01
9.999722222222222001e+01
9.999722222222222001e+01
9.999722222222222001e+01
9.999722222222222001e+01
9.999722222222222001e+01
9.999722222222222001e+01
9.999722222222222001e+01
9.999722222222222001e+01
9.999722222222222001e+01
9.999722222222222001e+01
9.999722222222222001e+01
9.999722222222222001e+01
9.999722222222222001e+01
9.999722222222222001e+01
9.999722222222222001e+01
9.999722222222222001e+01
9.999722222222222001e+01
9.999722222222222001e+01
9.999722222222222001e+01
9.999722222222222001e+01
9.999722222222222001e+01
9.999722222222222001e+01
9.999722222222222001e+01
9.999722222222222001e+01
9.999722222222222001e+01
9.999722222222222001e+01
9.999722222222222001e+01
9.999722222222222001e+01
9.999722222222222001e+01
9.999722222222222001e+01
9.999722222222222001e+01
9.999722222222222001e+01
9.999722222222222001e+01
9.999722222222222001e+01
9.999722222222222001e+01
9.999722222222222001e+01
9.999722222222222001e+01
9.999722222222222001e+01
9.999722222222222001e+01
9.999722222222222001e+01
9.999722222222222001e+01
9.999722222222222001e+01
9.999722222222222001e+01
9.999722222222222001e+01
9.999722222222222001e+01
9.999722222222222001e+01
9.999722222222222001e+01
9.999722222222222001e+01
9.999722222222222001e+01
9.999722222222222001e+01
9.999722222222222001e+01
9.999722222222222001e+01
9.999722222222222001e+01
9.999722222222222001e+01
9.999722222222222001e+01
9.999722222222222001e+01
9.999722222222222001e+01
9.999722222222222001e+01
9.999722222222222001e+01
9.999722222222222001e+01
9.999722222222222001e+01
9.999722222222222001e+01
9.999722222222222001e+01
9.999722222222222001e+01
9.999722222222222001e+01
9.999722222222222001e+01
9.999722222222222001e+01
9.999722222222222001e+01
9.999722222222222001e+01
9.999722222222222001e+01
9.999722222222222001e+01
9.999722222222222001e+01
9.999722222222222001e+01
9.999722222222222001e+01
9.999722222222222001e+01
9.999722222222222001e+01
9.999722222222222001e+01
9.999722222222222001e+01
9.999722222222222001e+01
9.999722222222222001e+01
9.999722222222222001e+01
9.999722222222222001e+01
9.999722222222222001e+01
9.999722222222222001e+01
9.999722222222222001e+01
9.999722222222222001e+01
9.999722222222222001e+01
9.999722222222222001e+01
9.999722222222222001e+01
9.999722222222222001e+01
9.999722222222222001e+01
9.999722222222222001e+01
9.999722222222222001e+01
9.999722222222222001e+01
9.999722222222222001e+01
9.999722222222222001e+01
9.999722222222222001e+01
9.999722222222222001e+01
9.999722222222222001e+01
9.999722222222222001e+01
9.999722222222222001e+01
9.999722222222222001e+01
9.999722222222222001e+01
9.999722222222222001e+01
9.999722222222222001e+01
9.999722222222222001e+01
9.999722222222222001e+01
9.999722222222222001e+01
9.999722222222222001e+01
9.999722222222222001e+01
9.999722222222222001e+01
9.999722222222222001e+01
9.999722222222222001e+01
9.999722222222222001e+01
9.999722222222222001e+01
9.999722222222222001e+01
9.999722222222222001e+01
9.999722222222222001e+01
9.999722222222222001e+01
9.999722222222222001e+01
9.999722222222222001e+01
9.999722222222222001e+01
9.999722222222222001e+01
9.999722222222222001e+01
9.999722222222222001e+01
9.999722222222222001e+01
9.999722222222222001e+01
9.999722222222222001e+01
9.999722222222222001e+01
9.999722222222222001e+01
9.999722222222222001e+01
9.999722222222222001e+01
9.999722222222222001e+01
9.999722222222222001e+01
9.999722222222222001e+01
9.999722222222222001e+01
9.999722222222222001e+01
9.999722222222222001e+01
9.999722222222222001e+01
9.999722222222222001e+01
9.999722222222222001e+01
9.999722222222222001e+01
9.999722222222222001e+01
9.999722222222222001e+01
9.999722222222222001e+01
9.999722222222222001e+01
9.999722222222222001e+01
9.999722222222222001e+01
9.999722222222222001e+01
9.999722222222222001e+01
9.999444444444444002e+01
9.999722222222222001e+01
9.999722222222222001e+01
9.999722222222222001e+01
9.999722222222222001e+01
9.999722222222222001e+01
9.999722222222222001e+01
9.999722222222222001e+01
9.999722222222222001e+01
9.999722222222222001e+01
9.999722222222222001e+01
9.999722222222222001e+01
9.999722222222222001e+01
9.999722222222222001e+01
9.999722222222222001e+01
9.999722222222222001e+01
9.999722222222222001e+01
9.999722222222222001e+01
9.999722222222222001e+01
9.999722222222222001e+01
9.999722222222222001e+01
9.999722222222222001e+01
9.999722222222222001e+01
9.999722222222222001e+01
9.999722222222222001e+01
9.999722222222222001e+01
9.999722222222222001e+01
9.999722222222222001e+01
9.999722222222222001e+01
9.999722222222222001e+01
9.999722222222222001e+01
9.999722222222222001e+01
9.999722222222222001e+01
9.999722222222222001e+01
9.999722222222222001e+01
9.999722222222222001e+01
9.999722222222222001e+01
9.999722222222222001e+01
9.999722222222222001e+01
9.999722222222222001e+01
9.999722222222222001e+01
9.999722222222222001e+01
9.999722222222222001e+01
9.999722222222222001e+01
9.999722222222222001e+01
9.999722222222222001e+01
9.999722222222222001e+01
9.999722222222222001e+01
9.999722222222222001e+01
9.999722222222222001e+01
9.999722222222222001e+01
9.999722222222222001e+01
9.999722222222222001e+01
9.999722222222222001e+01
9.999722222222222001e+01
9.999722222222222001e+01
9.999722222222222001e+01
9.999722222222222001e+01
9.999722222222222001e+01
9.999722222222222001e+01
9.999722222222222001e+01
9.999722222222222001e+01
9.999722222222222001e+01
9.999722222222222001e+01
9.999722222222222001e+01
9.999722222222222001e+01
9.999722222222222001e+01
9.999722222222222001e+01
9.999722222222222001e+01
9.999722222222222001e+01
9.999722222222222001e+01
9.999722222222222001e+01
9.999722222222222001e+01
9.999722222222222001e+01
9.999722222222222001e+01
9.999722222222222001e+01
9.999722222222222001e+01
9.999722222222222001e+01
9.999722222222222001e+01
9.999722222222222001e+01
9.999722222222222001e+01
9.999722222222222001e+01
9.999722222222222001e+01
9.999722222222222001e+01
9.999722222222222001e+01
9.999722222222222001e+01
9.999722222222222001e+01
9.999722222222222001e+01
9.999722222222222001e+01
9.999722222222222001e+01
9.999722222222222001e+01
9.999722222222222001e+01
9.999722222222222001e+01
9.999722222222222001e+01
9.999722222222222001e+01
9.999722222222222001e+01
9.999722222222222001e+01
9.999722222222222001e+01
9.999722222222222001e+01
9.999722222222222001e+01
9.999722222222222001e+01
9.999722222222222001e+01
9.999722222222222001e+01
9.999722222222222001e+01
9.999722222222222001e+01
9.999722222222222001e+01
9.999722222222222001e+01
9.999722222222222001e+01
9.999722222222222001e+01
9.999722222222222001e+01
9.999722222222222001e+01
9.999722222222222001e+01
9.999722222222222001e+01
9.999722222222222001e+01
9.999722222222222001e+01
9.999722222222222001e+01
9.999722222222222001e+01
9.999722222222222001e+01
9.999722222222222001e+01
9.999722222222222001e+01
9.999722222222222001e+01
9.999722222222222001e+01
9.999722222222222001e+01
9.999722222222222001e+01
9.999722222222222001e+01
9.999722222222222001e+01
9.999722222222222001e+01
9.999722222222222001e+01
9.999722222222222001e+01
9.999722222222222001e+01
9.999722222222222001e+01
9.999722222222222001e+01
9.999722222222222001e+01
9.999722222222222001e+01
9.999722222222222001e+01
9.999722222222222001e+01
9.999722222222222001e+01
9.999722222222222001e+01
9.999722222222222001e+01
9.999722222222222001e+01
9.999722222222222001e+01
9.999722222222222001e+01
9.999722222222222001e+01
9.999722222222222001e+01
9.999722222222222001e+01
9.999722222222222001e+01
9.999722222222222001e+01
9.999722222222222001e+01
9.999722222222222001e+01
9.999722222222222001e+01
9.999722222222222001e+01
9.999722222222222001e+01
9.999722222222222001e+01
9.999722222222222001e+01
9.999722222222222001e+01
9.999444444444444002e+01
9.999722222222222001e+01
9.999722222222222001e+01
9.999722222222222001e+01
9.999722222222222001e+01
9.999722222222222001e+01
9.999722222222222001e+01
9.999722222222222001e+01
9.999722222222222001e+01
9.999722222222222001e+01
9.999722222222222001e+01
9.999722222222222001e+01
9.999722222222222001e+01
9.999722222222222001e+01
9.999722222222222001e+01
9.999722222222222001e+01
9.999722222222222001e+01
9.999722222222222001e+01
9.999722222222222001e+01
9.999722222222222001e+01
9.999722222222222001e+01
9.999722222222222001e+01
9.999722222222222001e+01
9.999722222222222001e+01
9.999722222222222001e+01
9.999722222222222001e+01
9.999722222222222001e+01
9.999722222222222001e+01
9.999722222222222001e+01
9.999722222222222001e+01
9.999722222222222001e+01
9.999722222222222001e+01
9.999722222222222001e+01
9.999722222222222001e+01
9.999722222222222001e+01
9.999722222222222001e+01
9.999722222222222001e+01
9.999722222222222001e+01
9.999722222222222001e+01
9.999722222222222001e+01
9.999722222222222001e+01
9.999722222222222001e+01
9.999722222222222001e+01
9.999722222222222001e+01
9.999722222222222001e+01
9.999722222222222001e+01
9.999722222222222001e+01
9.999722222222222001e+01
9.999722222222222001e+01
9.999722222222222001e+01
9.999722222222222001e+01
9.999722222222222001e+01
9.999722222222222001e+01
9.999722222222222001e+01
9.999722222222222001e+01
9.999722222222222001e+01
9.999722222222222001e+01
9.999722222222222001e+01
9.999722222222222001e+01
9.999722222222222001e+01
9.999722222222222001e+01
9.999722222222222001e+01
9.999722222222222001e+01
9.999722222222222001e+01
9.999722222222222001e+01
9.999722222222222001e+01
9.999722222222222001e+01
9.999722222222222001e+01
9.999722222222222001e+01
9.999722222222222001e+01
9.999722222222222001e+01
9.999722222222222001e+01
9.999722222222222001e+01
9.999722222222222001e+01
9.999722222222222001e+01
9.999722222222222001e+01
9.999722222222222001e+01
9.999722222222222001e+01
9.999722222222222001e+01
9.999722222222222001e+01
9.999722222222222001e+01
9.999722222222222001e+01
9.999722222222222001e+01
9.999722222222222001e+01
9.999722222222222001e+01
9.999722222222222001e+01
9.999722222222222001e+01
9.999722222222222001e+01
9.999722222222222001e+01
9.999722222222222001e+01
9.999722222222222001e+01
9.999722222222222001e+01
9.999722222222222001e+01
9.999722222222222001e+01
9.999722222222222001e+01
9.999722222222222001e+01
9.999722222222222001e+01
9.999722222222222001e+01
9.999722222222222001e+01
9.999722222222222001e+01
9.999722222222222001e+01
9.999722222222222001e+01
9.999722222222222001e+01
9.999722222222222001e+01
9.999722222222222001e+01
9.999722222222222001e+01
9.999722222222222001e+01
9.999722222222222001e+01
9.999722222222222001e+01
9.999722222222222001e+01
9.999722222222222001e+01
9.999722222222222001e+01
9.999722222222222001e+01
9.999722222222222001e+01
9.999722222222222001e+01
9.999722222222222001e+01
9.999722222222222001e+01
9.999722222222222001e+01
9.999722222222222001e+01
9.999722222222222001e+01
9.999722222222222001e+01
9.999722222222222001e+01
9.999722222222222001e+01
9.999722222222222001e+01
9.999722222222222001e+01
9.999722222222222001e+01
9.999722222222222001e+01
9.999722222222222001e+01
9.999722222222222001e+01
9.999722222222222001e+01
9.999722222222222001e+01
9.999722222222222001e+01
9.999722222222222001e+01
9.999722222222222001e+01
9.999722222222222001e+01
9.999722222222222001e+01
9.999722222222222001e+01
9.999722222222222001e+01
9.999722222222222001e+01
9.999722222222222001e+01
9.999722222222222001e+01
9.999722222222222001e+01
9.999722222222222001e+01
9.999722222222222001e+01
9.999722222222222001e+01
9.999722222222222001e+01
9.999722222222222001e+01
9.999722222222222001e+01
9.999722222222222001e+01
9.999722222222222001e+01
9.999722222222222001e+01
9.999722222222222001e+01
9.999722222222222001e+01
9.999722222222222001e+01
9.999722222222222001e+01
9.999722222222222001e+01
9.999722222222222001e+01
9.999722222222222001e+01
9.999722222222222001e+01
9.999722222222222001e+01
9.999722222222222001e+01
9.999722222222222001e+01
9.999722222222222001e+01
9.999722222222222001e+01
9.999722222222222001e+01
9.999722222222222001e+01
9.999722222222222001e+01
9.999722222222222001e+01
9.999722222222222001e+01
9.999722222222222001e+01
9.999722222222222001e+01
9.999722222222222001e+01
9.999722222222222001e+01
9.999722222222222001e+01
9.999722222222222001e+01
9.999722222222222001e+01
9.999722222222222001e+01
9.999722222222222001e+01
9.999722222222222001e+01
9.999722222222222001e+01
9.999722222222222001e+01
9.999722222222222001e+01
9.999722222222222001e+01
9.999722222222222001e+01
9.999722222222222001e+01
9.999722222222222001e+01
9.999722222222222001e+01
9.999722222222222001e+01
9.999722222222222001e+01
9.999722222222222001e+01
9.999722222222222001e+01
9.999722222222222001e+01
9.999722222222222001e+01
9.999722222222222001e+01
9.999722222222222001e+01
9.999722222222222001e+01
9.999722222222222001e+01
9.999722222222222001e+01
9.999722222222222001e+01
9.999722222222222001e+01
9.999722222222222001e+01
9.999722222222222001e+01
9.999722222222222001e+01
9.999722222222222001e+01
9.999722222222222001e+01
9.999722222222222001e+01
9.999722222222222001e+01
9.999722222222222001e+01
9.999722222222222001e+01
9.999722222222222001e+01
9.999722222222222001e+01
9.999722222222222001e+01
9.999722222222222001e+01
9.999722222222222001e+01
9.999722222222222001e+01
9.999722222222222001e+01
9.999722222222222001e+01
9.999722222222222001e+01
9.999722222222222001e+01
9.999722222222222001e+01
9.999722222222222001e+01
9.999722222222222001e+01
9.999722222222222001e+01
9.999722222222222001e+01
9.999722222222222001e+01
9.999722222222222001e+01
9.999722222222222001e+01
9.999722222222222001e+01
9.999722222222222001e+01
9.999722222222222001e+01
9.999722222222222001e+01
9.999722222222222001e+01
9.999722222222222001e+01
9.999722222222222001e+01
9.999722222222222001e+01
9.999722222222222001e+01
9.999722222222222001e+01
9.999722222222222001e+01
9.999722222222222001e+01
9.999722222222222001e+01
9.999722222222222001e+01
9.999722222222222001e+01
9.999722222222222001e+01
9.999722222222222001e+01
9.999722222222222001e+01
9.999722222222222001e+01
9.999722222222222001e+01
9.999722222222222001e+01
9.999722222222222001e+01
9.999722222222222001e+01
9.999722222222222001e+01
9.999722222222222001e+01
9.999722222222222001e+01
9.999722222222222001e+01
9.999722222222222001e+01
9.999722222222222001e+01
9.999722222222222001e+01
9.999722222222222001e+01
9.999722222222222001e+01
9.999722222222222001e+01
9.999722222222222001e+01
9.999722222222222001e+01
9.999722222222222001e+01
9.999722222222222001e+01
9.999722222222222001e+01
9.999722222222222001e+01
9.999722222222222001e+01
9.999722222222222001e+01
9.999722222222222001e+01
9.999722222222222001e+01
9.999722222222222001e+01
9.999722222222222001e+01
9.999722222222222001e+01
9.999722222222222001e+01
9.999722222222222001e+01
9.999722222222222001e+01
9.999722222222222001e+01
9.999722222222222001e+01
9.999722222222222001e+01
9.999722222222222001e+01
9.999722222222222001e+01
9.999722222222222001e+01
9.999722222222222001e+01
9.999722222222222001e+01
9.999722222222222001e+01
9.999722222222222001e+01
9.999722222222222001e+01
9.999722222222222001e+01
9.999722222222222001e+01
9.999722222222222001e+01
9.999722222222222001e+01
9.999722222222222001e+01
9.999722222222222001e+01
9.999722222222222001e+01
9.999722222222222001e+01
9.999722222222222001e+01
9.999722222222222001e+01
9.999722222222222001e+01
9.999722222222222001e+01
9.999722222222222001e+01
9.999722222222222001e+01
9.999722222222222001e+01
9.999722222222222001e+01
9.999722222222222001e+01
9.999722222222222001e+01
9.999722222222222001e+01
9.999722222222222001e+01
9.999722222222222001e+01
9.999722222222222001e+01
9.999722222222222001e+01
9.999722222222222001e+01
9.999722222222222001e+01
9.999722222222222001e+01
9.999722222222222001e+01
9.999722222222222001e+01
9.999722222222222001e+01
9.999722222222222001e+01
9.999722222222222001e+01
9.999722222222222001e+01
9.999722222222222001e+01
9.999722222222222001e+01
9.999722222222222001e+01
9.999722222222222001e+01
9.999722222222222001e+01
9.999722222222222001e+01
9.999722222222222001e+01
9.999722222222222001e+01
9.999722222222222001e+01
9.999722222222222001e+01
9.999722222222222001e+01
9.999722222222222001e+01
9.999722222222222001e+01
9.999722222222222001e+01
9.999722222222222001e+01
9.999722222222222001e+01
9.999722222222222001e+01
9.999722222222222001e+01
9.999722222222222001e+01
9.999722222222222001e+01
9.999722222222222001e+01
9.999722222222222001e+01
9.999722222222222001e+01
9.999722222222222001e+01
9.999722222222222001e+01
9.999722222222222001e+01
9.999722222222222001e+01
9.999722222222222001e+01
9.999722222222222001e+01
9.999722222222222001e+01
9.999722222222222001e+01
9.999722222222222001e+01
9.999722222222222001e+01
9.999722222222222001e+01
9.999722222222222001e+01
9.999722222222222001e+01
9.999722222222222001e+01
9.999722222222222001e+01
9.999722222222222001e+01
9.999722222222222001e+01
9.999722222222222001e+01
9.999722222222222001e+01
9.999722222222222001e+01
9.999722222222222001e+01
9.999722222222222001e+01
9.999722222222222001e+01
9.999722222222222001e+01
9.999722222222222001e+01
9.999722222222222001e+01
9.999722222222222001e+01
9.999722222222222001e+01
9.999722222222222001e+01
9.999722222222222001e+01
9.999722222222222001e+01
9.999722222222222001e+01
9.999722222222222001e+01
9.999722222222222001e+01
9.999722222222222001e+01
9.999722222222222001e+01
9.999722222222222001e+01
9.999722222222222001e+01
9.999722222222222001e+01
9.999722222222222001e+01
9.999722222222222001e+01
9.999722222222222001e+01
9.999722222222222001e+01
9.999722222222222001e+01
9.999722222222222001e+01
9.999722222222222001e+01
9.999722222222222001e+01
9.999722222222222001e+01
9.999722222222222001e+01
9.999722222222222001e+01
9.999722222222222001e+01
9.999722222222222001e+01
9.999722222222222001e+01
9.999722222222222001e+01
9.999722222222222001e+01
9.999722222222222001e+01
9.999722222222222001e+01
9.999722222222222001e+01
9.999722222222222001e+01
9.999722222222222001e+01
9.999722222222222001e+01
9.999722222222222001e+01
9.999722222222222001e+01
9.999722222222222001e+01
9.999722222222222001e+01
9.999722222222222001e+01
9.999722222222222001e+01
9.999722222222222001e+01
9.999722222222222001e+01
9.999722222222222001e+01
9.999722222222222001e+01
9.999722222222222001e+01
9.999722222222222001e+01
9.999722222222222001e+01
9.999722222222222001e+01
9.999722222222222001e+01
9.999722222222222001e+01
9.999722222222222001e+01
9.999722222222222001e+01
9.999722222222222001e+01
9.999722222222222001e+01
9.999722222222222001e+01
9.999722222222222001e+01
9.999722222222222001e+01
9.999722222222222001e+01
9.999722222222222001e+01
9.999722222222222001e+01
9.999722222222222001e+01
9.999722222222222001e+01
9.999722222222222001e+01
9.999722222222222001e+01
9.999722222222222001e+01
9.999722222222222001e+01
9.999722222222222001e+01
9.999722222222222001e+01
9.999722222222222001e+01
9.999722222222222001e+01
9.999722222222222001e+01
9.999722222222222001e+01
9.999722222222222001e+01
9.999722222222222001e+01
9.999722222222222001e+01
9.999722222222222001e+01
9.999722222222222001e+01
9.999722222222222001e+01
9.999722222222222001e+01
9.999722222222222001e+01
9.999722222222222001e+01
9.999722222222222001e+01
9.999722222222222001e+01
9.999722222222222001e+01
9.999722222222222001e+01
9.999722222222222001e+01
9.999722222222222001e+01
9.999722222222222001e+01
9.999722222222222001e+01
9.999722222222222001e+01
9.999722222222222001e+01
9.999722222222222001e+01
9.999722222222222001e+01
9.999722222222222001e+01
9.999722222222222001e+01
9.999722222222222001e+01
9.999722222222222001e+01
9.999722222222222001e+01
9.999722222222222001e+01
9.999722222222222001e+01
9.999722222222222001e+01
9.999722222222222001e+01
9.999722222222222001e+01
9.999722222222222001e+01
9.999722222222222001e+01
9.999722222222222001e+01
9.999722222222222001e+01
9.999722222222222001e+01
9.999722222222222001e+01
9.999722222222222001e+01
9.999722222222222001e+01
9.999722222222222001e+01
9.999722222222222001e+01
9.999722222222222001e+01
9.999722222222222001e+01
9.999722222222222001e+01
9.999722222222222001e+01
9.999722222222222001e+01
9.999722222222222001e+01
9.999722222222222001e+01
9.999722222222222001e+01
9.999722222222222001e+01
9.999722222222222001e+01
9.999722222222222001e+01
9.999722222222222001e+01
9.999722222222222001e+01
9.999722222222222001e+01
9.999722222222222001e+01
9.999722222222222001e+01
9.999722222222222001e+01
9.999722222222222001e+01
9.999722222222222001e+01
9.999722222222222001e+01
9.999722222222222001e+01
9.999722222222222001e+01
9.999722222222222001e+01
9.999722222222222001e+01
9.999722222222222001e+01
9.999722222222222001e+01
9.999722222222222001e+01
9.999722222222222001e+01
9.999722222222222001e+01
9.999722222222222001e+01
9.999722222222222001e+01
9.999722222222222001e+01
9.999722222222222001e+01
9.999722222222222001e+01
9.999722222222222001e+01
9.999722222222222001e+01
9.999722222222222001e+01
9.999722222222222001e+01
9.999722222222222001e+01
9.999722222222222001e+01
9.999722222222222001e+01
9.999722222222222001e+01
9.999722222222222001e+01
9.999722222222222001e+01
9.999722222222222001e+01
9.999722222222222001e+01
9.999722222222222001e+01
9.999722222222222001e+01
9.999722222222222001e+01
9.999722222222222001e+01
9.999722222222222001e+01
9.999722222222222001e+01
9.999722222222222001e+01
9.999722222222222001e+01
9.999722222222222001e+01
9.999722222222222001e+01
9.999722222222222001e+01
9.999722222222222001e+01
9.999722222222222001e+01
9.999722222222222001e+01
9.999722222222222001e+01
9.999722222222222001e+01
9.999722222222222001e+01
9.999722222222222001e+01
9.999722222222222001e+01
9.999722222222222001e+01
9.999722222222222001e+01
9.999722222222222001e+01
9.999722222222222001e+01
9.999722222222222001e+01
9.999722222222222001e+01
9.999722222222222001e+01
9.999722222222222001e+01
9.999722222222222001e+01
9.999722222222222001e+01
9.999722222222222001e+01
9.999722222222222001e+01
9.999722222222222001e+01
9.999722222222222001e+01
9.999722222222222001e+01
9.999722222222222001e+01
9.999722222222222001e+01
9.999722222222222001e+01
9.999722222222222001e+01
9.999722222222222001e+01
9.999722222222222001e+01
9.999722222222222001e+01
9.999722222222222001e+01
9.999722222222222001e+01
9.999722222222222001e+01
9.999722222222222001e+01
9.999722222222222001e+01
9.999722222222222001e+01
9.999722222222222001e+01
9.999722222222222001e+01
9.999722222222222001e+01
9.999722222222222001e+01
9.999722222222222001e+01
9.999722222222222001e+01
9.999722222222222001e+01
9.999722222222222001e+01
9.999722222222222001e+01
9.999722222222222001e+01
9.999722222222222001e+01
9.999722222222222001e+01
9.999722222222222001e+01
9.999722222222222001e+01
9.999722222222222001e+01
9.999722222222222001e+01
9.999722222222222001e+01
9.999722222222222001e+01
9.999722222222222001e+01
9.999722222222222001e+01
9.999722222222222001e+01
9.999722222222222001e+01
9.999722222222222001e+01
9.999722222222222001e+01
9.999722222222222001e+01
9.999722222222222001e+01
9.999722222222222001e+01
9.999722222222222001e+01
9.999722222222222001e+01
9.999722222222222001e+01
9.999722222222222001e+01
9.999722222222222001e+01
9.999722222222222001e+01
9.999722222222222001e+01
9.999722222222222001e+01
9.999722222222222001e+01
9.999722222222222001e+01
9.999722222222222001e+01
9.999722222222222001e+01
9.999722222222222001e+01
9.999722222222222001e+01
9.999722222222222001e+01
9.999722222222222001e+01
9.999722222222222001e+01
9.999722222222222001e+01
9.999722222222222001e+01
9.999722222222222001e+01
9.999722222222222001e+01
9.999722222222222001e+01
9.999722222222222001e+01
9.999722222222222001e+01
9.999722222222222001e+01
9.999722222222222001e+01
9.999722222222222001e+01
9.999722222222222001e+01
9.999722222222222001e+01
9.999722222222222001e+01
9.999722222222222001e+01
9.999722222222222001e+01
9.999722222222222001e+01
9.999722222222222001e+01
9.999722222222222001e+01
9.999722222222222001e+01
9.999722222222222001e+01
9.999722222222222001e+01
9.999722222222222001e+01
9.999722222222222001e+01
9.999722222222222001e+01
9.999722222222222001e+01
9.999722222222222001e+01
9.999722222222222001e+01
9.999722222222222001e+01
9.999722222222222001e+01
9.999722222222222001e+01
9.999722222222222001e+01
9.999722222222222001e+01
9.999722222222222001e+01
9.999722222222222001e+01
9.999722222222222001e+01
9.999722222222222001e+01
9.999722222222222001e+01
9.999722222222222001e+01
9.999722222222222001e+01
9.999722222222222001e+01
9.999722222222222001e+01
9.999722222222222001e+01
9.999722222222222001e+01
9.999722222222222001e+01
9.999722222222222001e+01
9.999722222222222001e+01
9.999722222222222001e+01
9.999722222222222001e+01
9.999722222222222001e+01
9.999722222222222001e+01
9.999722222222222001e+01
9.999722222222222001e+01
9.999722222222222001e+01
9.999722222222222001e+01
9.999722222222222001e+01
9.999722222222222001e+01
9.999722222222222001e+01
9.999722222222222001e+01
9.999722222222222001e+01
9.999722222222222001e+01
9.999722222222222001e+01
9.999722222222222001e+01
9.999722222222222001e+01
9.999722222222222001e+01
9.999722222222222001e+01
9.999722222222222001e+01
9.999722222222222001e+01
9.999722222222222001e+01
9.999722222222222001e+01
9.999722222222222001e+01
9.999722222222222001e+01
9.999722222222222001e+01
9.999722222222222001e+01
9.999722222222222001e+01
9.999722222222222001e+01
9.999722222222222001e+01
9.999722222222222001e+01
9.999722222222222001e+01
9.999722222222222001e+01
9.999722222222222001e+01
9.999722222222222001e+01
9.999722222222222001e+01
9.999722222222222001e+01
9.999722222222222001e+01
9.999722222222222001e+01
9.999722222222222001e+01
9.999722222222222001e+01
9.999722222222222001e+01
9.999722222222222001e+01
9.999722222222222001e+01
9.999722222222222001e+01
9.999722222222222001e+01
9.999722222222222001e+01
9.999722222222222001e+01
9.999722222222222001e+01
9.999722222222222001e+01
9.999722222222222001e+01
9.999722222222222001e+01
9.999722222222222001e+01
9.999722222222222001e+01
9.999722222222222001e+01
9.999722222222222001e+01
9.999722222222222001e+01
9.999722222222222001e+01
9.999722222222222001e+01
9.999722222222222001e+01
9.999722222222222001e+01
9.999722222222222001e+01
9.999722222222222001e+01
9.999722222222222001e+01
9.999722222222222001e+01
9.999722222222222001e+01
9.999722222222222001e+01
9.999722222222222001e+01
9.999722222222222001e+01
9.999722222222222001e+01
9.999722222222222001e+01
9.999722222222222001e+01
9.999722222222222001e+01
9.999722222222222001e+01
9.999722222222222001e+01
1.000000000000000000e+02
9.999722222222222001e+01
9.999722222222222001e+01
9.999722222222222001e+01
9.999722222222222001e+01
9.999722222222222001e+01
9.999722222222222001e+01
9.999722222222222001e+01
9.999722222222222001e+01
9.999722222222222001e+01
9.999722222222222001e+01
9.999722222222222001e+01
9.999722222222222001e+01
9.999722222222222001e+01
9.999722222222222001e+01
9.999722222222222001e+01
9.999722222222222001e+01
9.999722222222222001e+01
9.999722222222222001e+01
9.999722222222222001e+01
9.999722222222222001e+01
9.999722222222222001e+01
9.999722222222222001e+01
9.999722222222222001e+01
9.999722222222222001e+01
9.999722222222222001e+01
9.999722222222222001e+01
9.999722222222222001e+01
9.999722222222222001e+01
9.999722222222222001e+01
9.999722222222222001e+01
9.999722222222222001e+01
9.999722222222222001e+01
9.999722222222222001e+01
1.000000000000000000e+02
9.999722222222222001e+01
1.000000000000000000e+02
9.999722222222222001e+01
1.000000000000000000e+02
9.999722222222222001e+01
1.000000000000000000e+02
1.000000000000000000e+02
1.000000000000000000e+02
1.000000000000000000e+02
1.000000000000000000e+02
9.999722222222222001e+01
1.000000000000000000e+02
9.999722222222222001e+01
1.000000000000000000e+02
9.999722222222222001e+01
1.000000000000000000e+02
1.000000000000000000e+02
1.000000000000000000e+02
1.000000000000000000e+02
1.000000000000000000e+02
1.000000000000000000e+02
1.000000000000000000e+02
1.000000000000000000e+02
1.000000000000000000e+02
1.000000000000000000e+02
1.000000000000000000e+02
1.000000000000000000e+02
9.999722222222222001e+01
1.000000000000000000e+02
9.999722222222222001e+01
1.000000000000000000e+02
1.000000000000000000e+02
1.000000000000000000e+02
1.000000000000000000e+02
1.000000000000000000e+02
1.000000000000000000e+02
1.000000000000000000e+02
1.000000000000000000e+02
1.000000000000000000e+02
1.000000000000000000e+02
1.000000000000000000e+02
1.000000000000000000e+02
1.000000000000000000e+02
1.000000000000000000e+02
1.000000000000000000e+02
1.000000000000000000e+02
9.999722222222222001e+01
1.000000000000000000e+02
1.000000000000000000e+02
1.000000000000000000e+02
1.000000000000000000e+02
1.000000000000000000e+02
1.000000000000000000e+02
1.000000000000000000e+02
1.000000000000000000e+02
1.000000000000000000e+02
1.000000000000000000e+02
9.999722222222222001e+01
1.000000000000000000e+02
9.999722222222222001e+01
1.000000000000000000e+02
9.999722222222222001e+01
1.000000000000000000e+02
9.999722222222222001e+01
1.000000000000000000e+02
9.999722222222222001e+01
9.999722222222222001e+01
9.999722222222222001e+01
9.999722222222222001e+01
9.999722222222222001e+01
9.999722222222222001e+01
9.999722222222222001e+01
9.999722222222222001e+01
9.999722222222222001e+01
9.999722222222222001e+01
9.999722222222222001e+01
9.999722222222222001e+01
9.999722222222222001e+01
9.999722222222222001e+01
9.999722222222222001e+01
9.999722222222222001e+01
9.999722222222222001e+01
9.999722222222222001e+01
9.999722222222222001e+01
9.999722222222222001e+01
9.999722222222222001e+01
9.999722222222222001e+01
9.999722222222222001e+01
9.999722222222222001e+01
9.999722222222222001e+01
9.999722222222222001e+01
9.999722222222222001e+01
9.999722222222222001e+01
9.999722222222222001e+01
9.999722222222222001e+01
9.999722222222222001e+01
9.999722222222222001e+01
9.999722222222222001e+01
9.999722222222222001e+01
9.999722222222222001e+01
9.999722222222222001e+01
9.999722222222222001e+01
1.000000000000000000e+02
1.000000000000000000e+02
1.000000000000000000e+02
1.000000000000000000e+02
1.000000000000000000e+02
1.000000000000000000e+02
1.000000000000000000e+02
1.000000000000000000e+02
1.000000000000000000e+02
1.000000000000000000e+02
1.000000000000000000e+02
1.000000000000000000e+02
1.000000000000000000e+02
1.000000000000000000e+02
1.000000000000000000e+02
1.000000000000000000e+02
1.000000000000000000e+02
1.000000000000000000e+02
1.000000000000000000e+02
1.000000000000000000e+02
1.000000000000000000e+02
1.000000000000000000e+02
1.000000000000000000e+02
1.000000000000000000e+02
1.000000000000000000e+02
1.000000000000000000e+02
1.000000000000000000e+02
1.000000000000000000e+02
1.000000000000000000e+02
1.000000000000000000e+02
1.000000000000000000e+02
1.000000000000000000e+02
1.000000000000000000e+02
1.000000000000000000e+02
1.000000000000000000e+02
1.000000000000000000e+02
1.000000000000000000e+02
1.000000000000000000e+02
1.000000000000000000e+02
1.000000000000000000e+02
1.000000000000000000e+02
1.000000000000000000e+02
1.000000000000000000e+02
1.000000000000000000e+02
1.000000000000000000e+02
1.000000000000000000e+02
1.000000000000000000e+02
1.000000000000000000e+02
1.000000000000000000e+02
1.000000000000000000e+02
1.000000000000000000e+02
1.000000000000000000e+02
1.000000000000000000e+02
1.000000000000000000e+02
1.000000000000000000e+02
1.000000000000000000e+02
1.000000000000000000e+02
1.000000000000000000e+02
1.000000000000000000e+02
1.000000000000000000e+02
1.000000000000000000e+02
1.000000000000000000e+02
1.000000000000000000e+02
1.000000000000000000e+02
1.000000000000000000e+02
1.000000000000000000e+02
1.000000000000000000e+02
1.000000000000000000e+02
1.000000000000000000e+02
1.000000000000000000e+02
1.000000000000000000e+02
1.000000000000000000e+02
1.000000000000000000e+02
1.000000000000000000e+02
1.000000000000000000e+02
1.000000000000000000e+02
1.000000000000000000e+02
1.000000000000000000e+02
1.000000000000000000e+02
1.000000000000000000e+02
1.000000000000000000e+02
1.000000000000000000e+02
1.000000000000000000e+02
1.000000000000000000e+02
1.000000000000000000e+02
1.000000000000000000e+02
1.000000000000000000e+02
1.000000000000000000e+02
1.000000000000000000e+02
1.000000000000000000e+02
1.000000000000000000e+02
1.000000000000000000e+02
1.000000000000000000e+02
1.000000000000000000e+02
1.000000000000000000e+02
1.000000000000000000e+02
1.000000000000000000e+02
1.000000000000000000e+02
1.000000000000000000e+02
1.000000000000000000e+02
1.000000000000000000e+02
1.000000000000000000e+02
1.000000000000000000e+02
1.000000000000000000e+02
1.000000000000000000e+02
1.000000000000000000e+02
1.000000000000000000e+02
1.000000000000000000e+02
1.000000000000000000e+02
1.000000000000000000e+02
1.000000000000000000e+02
1.000000000000000000e+02
1.000000000000000000e+02
1.000000000000000000e+02
1.000000000000000000e+02
1.000000000000000000e+02
1.000000000000000000e+02
1.000000000000000000e+02
1.000000000000000000e+02
1.000000000000000000e+02
1.000000000000000000e+02
1.000000000000000000e+02
1.000000000000000000e+02
1.000000000000000000e+02
1.000000000000000000e+02
1.000000000000000000e+02
1.000000000000000000e+02
1.000000000000000000e+02
1.000000000000000000e+02
1.000000000000000000e+02
1.000000000000000000e+02
1.000000000000000000e+02
1.000000000000000000e+02
1.000000000000000000e+02
1.000000000000000000e+02
1.000000000000000000e+02
1.000000000000000000e+02
1.000000000000000000e+02
1.000000000000000000e+02
1.000000000000000000e+02
1.000000000000000000e+02
1.000000000000000000e+02
1.000000000000000000e+02
1.000000000000000000e+02
1.000000000000000000e+02
1.000000000000000000e+02
1.000000000000000000e+02
1.000000000000000000e+02
1.000000000000000000e+02
1.000000000000000000e+02
1.000000000000000000e+02
1.000000000000000000e+02
1.000000000000000000e+02
1.000000000000000000e+02
1.000000000000000000e+02
1.000000000000000000e+02
1.000000000000000000e+02
1.000000000000000000e+02
1.000000000000000000e+02
1.000000000000000000e+02
1.000000000000000000e+02
1.000000000000000000e+02
1.000000000000000000e+02
1.000000000000000000e+02
1.000000000000000000e+02
1.000000000000000000e+02
1.000000000000000000e+02
1.000000000000000000e+02
1.000000000000000000e+02
1.000000000000000000e+02
1.000000000000000000e+02
1.000000000000000000e+02
1.000000000000000000e+02
1.000000000000000000e+02
1.000000000000000000e+02
1.000000000000000000e+02
1.000000000000000000e+02
1.000000000000000000e+02
1.000000000000000000e+02
1.000000000000000000e+02
1.000000000000000000e+02
1.000000000000000000e+02
1.000000000000000000e+02
1.000000000000000000e+02
1.000000000000000000e+02
1.000000000000000000e+02
1.000000000000000000e+02
1.000000000000000000e+02
1.000000000000000000e+02
1.000000000000000000e+02
1.000000000000000000e+02
1.000000000000000000e+02
1.000000000000000000e+02
1.000000000000000000e+02
1.000000000000000000e+02
1.000000000000000000e+02
1.000000000000000000e+02
1.000000000000000000e+02
1.000000000000000000e+02
1.000000000000000000e+02
1.000000000000000000e+02
1.000000000000000000e+02
1.000000000000000000e+02
1.000000000000000000e+02
1.000000000000000000e+02
1.000000000000000000e+02
1.000000000000000000e+02
1.000000000000000000e+02
1.000000000000000000e+02
1.000000000000000000e+02
1.000000000000000000e+02
1.000000000000000000e+02
1.000000000000000000e+02
1.000000000000000000e+02
1.000000000000000000e+02
1.000000000000000000e+02
1.000000000000000000e+02
1.000000000000000000e+02
1.000000000000000000e+02
1.000000000000000000e+02
1.000000000000000000e+02
1.000000000000000000e+02
1.000000000000000000e+02
1.000000000000000000e+02
1.000000000000000000e+02
1.000000000000000000e+02
1.000000000000000000e+02
1.000000000000000000e+02
1.000000000000000000e+02
1.000000000000000000e+02
1.000000000000000000e+02
1.000000000000000000e+02
1.000000000000000000e+02
1.000000000000000000e+02
1.000000000000000000e+02
1.000000000000000000e+02
1.000000000000000000e+02
1.000000000000000000e+02
1.000000000000000000e+02
1.000000000000000000e+02
1.000000000000000000e+02
1.000000000000000000e+02
1.000000000000000000e+02
1.000000000000000000e+02
1.000000000000000000e+02
1.000000000000000000e+02
1.000000000000000000e+02
1.000000000000000000e+02
1.000000000000000000e+02
1.000000000000000000e+02
1.000000000000000000e+02
1.000000000000000000e+02
1.000000000000000000e+02
1.000000000000000000e+02
1.000000000000000000e+02
1.000000000000000000e+02
1.000000000000000000e+02
1.000000000000000000e+02
1.000000000000000000e+02
1.000000000000000000e+02
1.000000000000000000e+02
1.000000000000000000e+02
1.000000000000000000e+02
1.000000000000000000e+02
1.000000000000000000e+02
1.000000000000000000e+02
1.000000000000000000e+02
1.000000000000000000e+02
1.000000000000000000e+02
1.000000000000000000e+02
1.000000000000000000e+02
1.000000000000000000e+02
1.000000000000000000e+02
1.000000000000000000e+02
1.000000000000000000e+02
1.000000000000000000e+02
1.000000000000000000e+02
1.000000000000000000e+02
1.000000000000000000e+02
1.000000000000000000e+02
1.000000000000000000e+02
1.000000000000000000e+02
1.000000000000000000e+02
1.000000000000000000e+02
1.000000000000000000e+02
1.000000000000000000e+02
1.000000000000000000e+02
1.000000000000000000e+02
1.000000000000000000e+02
1.000000000000000000e+02
1.000000000000000000e+02
1.000000000000000000e+02
1.000000000000000000e+02
1.000000000000000000e+02
1.000000000000000000e+02
1.000000000000000000e+02
1.000000000000000000e+02
1.000000000000000000e+02
1.000000000000000000e+02
1.000000000000000000e+02
1.000000000000000000e+02
1.000000000000000000e+02
1.000000000000000000e+02
1.000000000000000000e+02
1.000000000000000000e+02
1.000000000000000000e+02
1.000000000000000000e+02
1.000000000000000000e+02
1.000000000000000000e+02
1.000000000000000000e+02
1.000000000000000000e+02
1.000000000000000000e+02
1.000000000000000000e+02
1.000000000000000000e+02
1.000000000000000000e+02
1.000000000000000000e+02
1.000000000000000000e+02
1.000000000000000000e+02
1.000000000000000000e+02
1.000000000000000000e+02
1.000000000000000000e+02
1.000000000000000000e+02
1.000000000000000000e+02
1.000000000000000000e+02
1.000000000000000000e+02
1.000000000000000000e+02
1.000000000000000000e+02
1.000000000000000000e+02
1.000000000000000000e+02
1.000000000000000000e+02
1.000000000000000000e+02
1.000000000000000000e+02
1.000000000000000000e+02
1.000000000000000000e+02
1.000000000000000000e+02
1.000000000000000000e+02
1.000000000000000000e+02
1.000000000000000000e+02
1.000000000000000000e+02
1.000000000000000000e+02
1.000000000000000000e+02
1.000000000000000000e+02
1.000000000000000000e+02
1.000000000000000000e+02
1.000000000000000000e+02
1.000000000000000000e+02
1.000000000000000000e+02
1.000000000000000000e+02
1.000000000000000000e+02
1.000000000000000000e+02
1.000000000000000000e+02
1.000000000000000000e+02
1.000000000000000000e+02
1.000000000000000000e+02
1.000000000000000000e+02
1.000000000000000000e+02
1.000000000000000000e+02
1.000000000000000000e+02
1.000000000000000000e+02
1.000000000000000000e+02
1.000000000000000000e+02
1.000000000000000000e+02
1.000000000000000000e+02
1.000000000000000000e+02
1.000000000000000000e+02
1.000000000000000000e+02
1.000000000000000000e+02
1.000000000000000000e+02
1.000000000000000000e+02
1.000000000000000000e+02
1.000000000000000000e+02
1.000000000000000000e+02
1.000000000000000000e+02
1.000000000000000000e+02
1.000000000000000000e+02
1.000000000000000000e+02
1.000000000000000000e+02
1.000000000000000000e+02
1.000000000000000000e+02
1.000000000000000000e+02
1.000000000000000000e+02
1.000000000000000000e+02
1.000000000000000000e+02
1.000000000000000000e+02
1.000000000000000000e+02
1.000000000000000000e+02
1.000000000000000000e+02
1.000000000000000000e+02
1.000000000000000000e+02
1.000000000000000000e+02
1.000000000000000000e+02
1.000000000000000000e+02
1.000000000000000000e+02
1.000000000000000000e+02
1.000000000000000000e+02
1.000000000000000000e+02
1.000000000000000000e+02
1.000000000000000000e+02
1.000000000000000000e+02
1.000000000000000000e+02
1.000000000000000000e+02
1.000000000000000000e+02
1.000000000000000000e+02
1.000000000000000000e+02
1.000000000000000000e+02
1.000000000000000000e+02
1.000000000000000000e+02
1.000000000000000000e+02
1.000000000000000000e+02
1.000000000000000000e+02
1.000000000000000000e+02
1.000000000000000000e+02
1.000000000000000000e+02
1.000000000000000000e+02
1.000000000000000000e+02
1.000000000000000000e+02
1.000000000000000000e+02
1.000000000000000000e+02
1.000000000000000000e+02
1.000000000000000000e+02
1.000000000000000000e+02
1.000000000000000000e+02
1.000000000000000000e+02
1.000000000000000000e+02
1.000000000000000000e+02
1.000000000000000000e+02
1.000000000000000000e+02
1.000000000000000000e+02
1.000000000000000000e+02
1.000000000000000000e+02
1.000000000000000000e+02
1.000000000000000000e+02
1.000000000000000000e+02
1.000000000000000000e+02
1.000000000000000000e+02
1.000000000000000000e+02
1.000000000000000000e+02
1.000000000000000000e+02
1.000000000000000000e+02
1.000000000000000000e+02
1.000000000000000000e+02
1.000000000000000000e+02
1.000000000000000000e+02
1.000000000000000000e+02
1.000000000000000000e+02
1.000000000000000000e+02
1.000000000000000000e+02
1.000000000000000000e+02
1.000000000000000000e+02
1.000000000000000000e+02
1.000000000000000000e+02
1.000000000000000000e+02
1.000000000000000000e+02
1.000000000000000000e+02
1.000000000000000000e+02
1.000000000000000000e+02
1.000000000000000000e+02
1.000000000000000000e+02
1.000000000000000000e+02
1.000000000000000000e+02
1.000000000000000000e+02
1.000000000000000000e+02
1.000000000000000000e+02
1.000000000000000000e+02
1.000000000000000000e+02
1.000000000000000000e+02
1.000000000000000000e+02
1.000000000000000000e+02
1.000000000000000000e+02
1.000000000000000000e+02
1.000000000000000000e+02
1.000000000000000000e+02
1.000000000000000000e+02
1.000000000000000000e+02
1.000000000000000000e+02
1.000000000000000000e+02
1.000000000000000000e+02
1.000000000000000000e+02
1.000000000000000000e+02
1.000000000000000000e+02
1.000000000000000000e+02
1.000000000000000000e+02
1.000000000000000000e+02
1.000000000000000000e+02
1.000000000000000000e+02
1.000000000000000000e+02
1.000000000000000000e+02
1.000000000000000000e+02
1.000000000000000000e+02
1.000000000000000000e+02
1.000000000000000000e+02
1.000000000000000000e+02
1.000000000000000000e+02
1.000000000000000000e+02
1.000000000000000000e+02
1.000000000000000000e+02
1.000000000000000000e+02
1.000000000000000000e+02
1.000000000000000000e+02
1.000000000000000000e+02
1.000000000000000000e+02
1.000000000000000000e+02
1.000000000000000000e+02
1.000000000000000000e+02
1.000000000000000000e+02
1.000000000000000000e+02
1.000000000000000000e+02
1.000000000000000000e+02
1.000000000000000000e+02
1.000000000000000000e+02
1.000000000000000000e+02
1.000000000000000000e+02
1.000000000000000000e+02
1.000000000000000000e+02
1.000000000000000000e+02
1.000000000000000000e+02
1.000000000000000000e+02
1.000000000000000000e+02
1.000000000000000000e+02
1.000000000000000000e+02
1.000000000000000000e+02
1.000000000000000000e+02
1.000000000000000000e+02
1.000000000000000000e+02
1.000000000000000000e+02
1.000000000000000000e+02
1.000000000000000000e+02
1.000000000000000000e+02
1.000000000000000000e+02
1.000000000000000000e+02
1.000000000000000000e+02
1.000000000000000000e+02
1.000000000000000000e+02
1.000000000000000000e+02
1.000000000000000000e+02
1.000000000000000000e+02
1.000000000000000000e+02
1.000000000000000000e+02
1.000000000000000000e+02
1.000000000000000000e+02
1.000000000000000000e+02
1.000000000000000000e+02
1.000000000000000000e+02
1.000000000000000000e+02
1.000000000000000000e+02
1.000000000000000000e+02
1.000000000000000000e+02
1.000000000000000000e+02
1.000000000000000000e+02
1.000000000000000000e+02
1.000000000000000000e+02
1.000000000000000000e+02
1.000000000000000000e+02
1.000000000000000000e+02
1.000000000000000000e+02
1.000000000000000000e+02
1.000000000000000000e+02
1.000000000000000000e+02
1.000000000000000000e+02
1.000000000000000000e+02
1.000000000000000000e+02
1.000000000000000000e+02
1.000000000000000000e+02
1.000000000000000000e+02
1.000000000000000000e+02
1.000000000000000000e+02
1.000000000000000000e+02
1.000000000000000000e+02
1.000000000000000000e+02
1.000000000000000000e+02
1.000000000000000000e+02
1.000000000000000000e+02
1.000000000000000000e+02
1.000000000000000000e+02
1.000000000000000000e+02
1.000000000000000000e+02
1.000000000000000000e+02
1.000000000000000000e+02
1.000000000000000000e+02
1.000000000000000000e+02
1.000000000000000000e+02
1.000000000000000000e+02
1.000000000000000000e+02
1.000000000000000000e+02
1.000000000000000000e+02
1.000000000000000000e+02
1.000000000000000000e+02
1.000000000000000000e+02
1.000000000000000000e+02
1.000000000000000000e+02
1.000000000000000000e+02
1.000000000000000000e+02
1.000000000000000000e+02
1.000000000000000000e+02
1.000000000000000000e+02
1.000000000000000000e+02
1.000000000000000000e+02
1.000000000000000000e+02
1.000000000000000000e+02
1.000000000000000000e+02
1.000000000000000000e+02
1.000000000000000000e+02
1.000000000000000000e+02
1.000000000000000000e+02
1.000000000000000000e+02
1.000000000000000000e+02
1.000000000000000000e+02
1.000000000000000000e+02
1.000000000000000000e+02
1.000000000000000000e+02
1.000000000000000000e+02
1.000000000000000000e+02
1.000000000000000000e+02
1.000000000000000000e+02
1.000000000000000000e+02
1.000000000000000000e+02
1.000000000000000000e+02
1.000000000000000000e+02
1.000000000000000000e+02
1.000000000000000000e+02
1.000000000000000000e+02
1.000000000000000000e+02
1.000000000000000000e+02
1.000000000000000000e+02
1.000000000000000000e+02
1.000000000000000000e+02
1.000000000000000000e+02
1.000000000000000000e+02
1.000000000000000000e+02
1.000000000000000000e+02
1.000000000000000000e+02
1.000000000000000000e+02
1.000000000000000000e+02
1.000000000000000000e+02
1.000000000000000000e+02
1.000000000000000000e+02
1.000000000000000000e+02
1.000000000000000000e+02
1.000000000000000000e+02
1.000000000000000000e+02
1.000000000000000000e+02
1.000000000000000000e+02
1.000000000000000000e+02
1.000000000000000000e+02
1.000000000000000000e+02
1.000000000000000000e+02
1.000000000000000000e+02
1.000000000000000000e+02
1.000000000000000000e+02
1.000000000000000000e+02
1.000000000000000000e+02
1.000000000000000000e+02
1.000000000000000000e+02
1.000000000000000000e+02
1.000000000000000000e+02
1.000000000000000000e+02
1.000000000000000000e+02
1.000000000000000000e+02
1.000000000000000000e+02
1.000000000000000000e+02
1.000000000000000000e+02
1.000000000000000000e+02
1.000000000000000000e+02
1.000000000000000000e+02
1.000000000000000000e+02
1.000000000000000000e+02
1.000000000000000000e+02
1.000000000000000000e+02
1.000000000000000000e+02
1.000000000000000000e+02
1.000000000000000000e+02
1.000000000000000000e+02
1.000000000000000000e+02
1.000000000000000000e+02
1.000000000000000000e+02
1.000000000000000000e+02
1.000000000000000000e+02
1.000000000000000000e+02
1.000000000000000000e+02
1.000000000000000000e+02
1.000000000000000000e+02
1.000000000000000000e+02
1.000000000000000000e+02
1.000000000000000000e+02
1.000000000000000000e+02
1.000000000000000000e+02
1.000000000000000000e+02
1.000000000000000000e+02
1.000000000000000000e+02
1.000000000000000000e+02
1.000000000000000000e+02
1.000000000000000000e+02
1.000000000000000000e+02
1.000000000000000000e+02
1.000000000000000000e+02
1.000000000000000000e+02
1.000000000000000000e+02
1.000000000000000000e+02
1.000000000000000000e+02
1.000000000000000000e+02
1.000000000000000000e+02
1.000000000000000000e+02
1.000000000000000000e+02
1.000000000000000000e+02
1.000000000000000000e+02
1.000000000000000000e+02
1.000000000000000000e+02
1.000000000000000000e+02
1.000000000000000000e+02
1.000000000000000000e+02
1.000000000000000000e+02
1.000000000000000000e+02
1.000000000000000000e+02
1.000000000000000000e+02
1.000000000000000000e+02
1.000000000000000000e+02
1.000000000000000000e+02
1.000000000000000000e+02
1.000000000000000000e+02
1.000000000000000000e+02
1.000000000000000000e+02
1.000000000000000000e+02
1.000000000000000000e+02
1.000000000000000000e+02
1.000000000000000000e+02
1.000000000000000000e+02
1.000000000000000000e+02
1.000000000000000000e+02
1.000000000000000000e+02
1.000000000000000000e+02
1.000000000000000000e+02
1.000000000000000000e+02
1.000000000000000000e+02
1.000000000000000000e+02
1.000000000000000000e+02
1.000000000000000000e+02
1.000000000000000000e+02
1.000000000000000000e+02
1.000000000000000000e+02
1.000000000000000000e+02
1.000000000000000000e+02
1.000000000000000000e+02
1.000000000000000000e+02
1.000000000000000000e+02
1.000000000000000000e+02
1.000000000000000000e+02
1.000000000000000000e+02
1.000000000000000000e+02
1.000000000000000000e+02
1.000000000000000000e+02
1.000000000000000000e+02
1.000000000000000000e+02
1.000000000000000000e+02
1.000000000000000000e+02
1.000000000000000000e+02
1.000000000000000000e+02
1.000000000000000000e+02
1.000000000000000000e+02
1.000000000000000000e+02
1.000000000000000000e+02
1.000000000000000000e+02
1.000000000000000000e+02
1.000000000000000000e+02
1.000000000000000000e+02
1.000000000000000000e+02
1.000000000000000000e+02
1.000000000000000000e+02
1.000000000000000000e+02
1.000000000000000000e+02
1.000000000000000000e+02
1.000000000000000000e+02
1.000000000000000000e+02
1.000000000000000000e+02
1.000000000000000000e+02
1.000000000000000000e+02
1.000000000000000000e+02
1.000000000000000000e+02
1.000000000000000000e+02
1.000000000000000000e+02
1.000000000000000000e+02
1.000000000000000000e+02
1.000000000000000000e+02
1.000000000000000000e+02
1.000000000000000000e+02
1.000000000000000000e+02
1.000000000000000000e+02
1.000000000000000000e+02
1.000000000000000000e+02
1.000000000000000000e+02
1.000000000000000000e+02
1.000000000000000000e+02
1.000000000000000000e+02
1.000000000000000000e+02
1.000000000000000000e+02
1.000000000000000000e+02
1.000000000000000000e+02
1.000000000000000000e+02
1.000000000000000000e+02
1.000000000000000000e+02
1.000000000000000000e+02
1.000000000000000000e+02
1.000000000000000000e+02
1.000000000000000000e+02
1.000000000000000000e+02
1.000000000000000000e+02
1.000000000000000000e+02
1.000000000000000000e+02
1.000000000000000000e+02
1.000000000000000000e+02
1.000000000000000000e+02
1.000000000000000000e+02
1.000000000000000000e+02
1.000000000000000000e+02
1.000000000000000000e+02
1.000000000000000000e+02
1.000000000000000000e+02
1.000000000000000000e+02
1.000000000000000000e+02
1.000000000000000000e+02
1.000000000000000000e+02
1.000000000000000000e+02
1.000000000000000000e+02
1.000000000000000000e+02
1.000000000000000000e+02
1.000000000000000000e+02
1.000000000000000000e+02
1.000000000000000000e+02
1.000000000000000000e+02
1.000000000000000000e+02
1.000000000000000000e+02
1.000000000000000000e+02
1.000000000000000000e+02
1.000000000000000000e+02
1.000000000000000000e+02
1.000000000000000000e+02
1.000000000000000000e+02
1.000000000000000000e+02
1.000000000000000000e+02
1.000000000000000000e+02
1.000000000000000000e+02
1.000000000000000000e+02
1.000000000000000000e+02
1.000000000000000000e+02
1.000000000000000000e+02
1.000000000000000000e+02
1.000000000000000000e+02
1.000000000000000000e+02
1.000000000000000000e+02
1.000000000000000000e+02
1.000000000000000000e+02
1.000000000000000000e+02
1.000000000000000000e+02
1.000000000000000000e+02
1.000000000000000000e+02
1.000000000000000000e+02
1.000000000000000000e+02
1.000000000000000000e+02
1.000000000000000000e+02
1.000000000000000000e+02
1.000000000000000000e+02
1.000000000000000000e+02
1.000000000000000000e+02
1.000000000000000000e+02
1.000000000000000000e+02
1.000000000000000000e+02
1.000000000000000000e+02
1.000000000000000000e+02
1.000000000000000000e+02
1.000000000000000000e+02
1.000000000000000000e+02
1.000000000000000000e+02
1.000000000000000000e+02
1.000000000000000000e+02
1.000000000000000000e+02
1.000000000000000000e+02
1.000000000000000000e+02
1.000000000000000000e+02
1.000000000000000000e+02
1.000000000000000000e+02
1.000000000000000000e+02
1.000000000000000000e+02
1.000000000000000000e+02
1.000000000000000000e+02
1.000000000000000000e+02
1.000000000000000000e+02
1.000000000000000000e+02
1.000000000000000000e+02
1.000000000000000000e+02
1.000000000000000000e+02
1.000000000000000000e+02
1.000000000000000000e+02
1.000000000000000000e+02
1.000000000000000000e+02
1.000000000000000000e+02
1.000000000000000000e+02
1.000000000000000000e+02
1.000000000000000000e+02
1.000000000000000000e+02
1.000000000000000000e+02
1.000000000000000000e+02
1.000000000000000000e+02
1.000000000000000000e+02
1.000000000000000000e+02
1.000000000000000000e+02
1.000000000000000000e+02
1.000000000000000000e+02
1.000000000000000000e+02
1.000000000000000000e+02
1.000000000000000000e+02
1.000000000000000000e+02
1.000000000000000000e+02
1.000000000000000000e+02
1.000000000000000000e+02
1.000000000000000000e+02
1.000000000000000000e+02
1.000000000000000000e+02
1.000000000000000000e+02
1.000000000000000000e+02
1.000000000000000000e+02
1.000000000000000000e+02
1.000000000000000000e+02
1.000000000000000000e+02
1.000000000000000000e+02
1.000000000000000000e+02
1.000000000000000000e+02
1.000000000000000000e+02
