7.762306594958161554e+00
6.024772799527193357e+00
2.149645298331224641e+00
1.854480008151105697e+00
1.285363237897110267e+00
1.054646274409108297e+00
3.744012252068136815e-01
5.880065552345270508e-01
2.712759378366376151e-01
2.308434279787476007e-01
2.287802783810565788e-01
1.408205541268919003e-01
1.316669898332136768e-01
1.030083046014164533e-01
8.544061343728368008e-02
8.011098873522590202e-02
6.206511748438772041e-02
6.143754151034988564e-02
6.359149780108762362e-02
5.865950301202743633e-02
4.029879675523018873e-02
5.723853913175207947e-02
4.113220991188094866e-02
3.519284441383212225e-02
3.686190697253990262e-02
3.229867249542749119e-02
2.782728183944055064e-02
2.992828249742261054e-02
2.702764706447551360e-02
2.708653775744771647e-02
2.552046991297073422e-02
2.455050311161917007e-02
2.393448970133422657e-02
2.359653521573534460e-02
2.333702931379708426e-02
2.208389559027675725e-02
2.281356335871380023e-02
2.087861156370173638e-02
2.214384397225924173e-02
2.090399038722792757e-02
2.085179651965946707e-02
2.071959019450882525e-02
1.996524403251328378e-02
2.031520249694338323e-02
1.893852088539121209e-02
1.914664701612194680e-02
1.817265195585227380e-02
1.893488615310449583e-02
1.855844231717091244e-02
1.819791635716588862e-02
1.766220541276410441e-02
1.755852920292759814e-02
1.746508575454331844e-02
1.692340222985396631e-02
1.669361558926105854e-02
1.592744720210457349e-02
1.550523988449391960e-02
1.545553178498637777e-02
1.504202167365930806e-02
1.429326395998987281e-02
1.442766979605498295e-02
1.345238350588745350e-02
1.317488083097534401e-02
1.280285098815613261e-02
1.238886219167779912e-02
1.173315522399303104e-02
1.156010888263304774e-02
1.125771159910052277e-02
1.144933873533875331e-02
1.111677877495717212e-02
1.071543124175685681e-02
1.063160395647559132e-02
1.040182715440003680e-02
1.012662893350138940e-02
1.020535224132895248e-02
1.037157092597611359e-02
9.931766120244983967e-03
9.773722762620864341e-03
9.552404515209878683e-03
9.403556737369369103e-03
9.296716768573192943e-03
9.015267154176916445e-03
9.281609415934062926e-03
8.923415097393368189e-03
9.155122509498717434e-03
8.755432950668544378e-03
8.693912448470900861e-03
8.843526056554038353e-03
8.649770697906492348e-03
8.584670558373695345e-03
8.509203931101426768e-03
8.388706570163063578e-03
8.386042984536478187e-03
8.269979988120313222e-03
8.137533417024341020e-03
8.111576085535343247e-03
7.728777029643771855e-03
8.304944645093544422e-03
7.904786765281376915e-03
7.976748896288207366e-03
7.912805887254466264e-03
7.818530897437890245e-03
7.686068137028977468e-03
7.622799513853683109e-03
7.576429090303603980e-03
7.514685014395588135e-03
7.415436669195615664e-03
7.161228806104282668e-03
7.208002496324763218e-03
7.341334058924228051e-03
7.057205757603907982e-03
7.234896802226774802e-03
7.071725372997036962e-03
7.113173553070694689e-03
6.992296324728311356e-03
6.942650385491112852e-03
6.891734019834039847e-03
6.722063555172756201e-03
6.689415398954174155e-03
6.739772400134421901e-03
6.638470459230756335e-03
6.751228839312303429e-03
6.669781418543373197e-03
6.591031817277959517e-03
6.468156038119314208e-03
6.394799180057455547e-03
6.402101499152928511e-03
6.315778536644387105e-03
6.389144767053385465e-03
6.235025253520461511e-03
6.180936343775355994e-03
6.128068148941582562e-03
6.071819413075448847e-03
5.993084228572209855e-03
6.038006795199276494e-03
5.929098931708487973e-03
5.994847112922274159e-03
5.841903103134262268e-03
5.939116051472498499e-03
5.836407141155866563e-03
5.841603329517642239e-03
5.783285362723498794e-03
5.710133633013389151e-03
5.706998217403023987e-03
5.635529166304909313e-03
5.675034776515404736e-03
5.644223955570811142e-03
5.655815600725542895e-03
5.619867549104630433e-03
5.570784137587260661e-03
5.530711166803395536e-03
5.461947986529134408e-03
5.385030360609260186e-03
5.438249267462601580e-03
5.426491131000847623e-03
5.430570019174828407e-03
5.453285501670835506e-03
5.433098057630481037e-03
5.384674883855363782e-03
5.404283276861990976e-03
5.374952504563626672e-03
5.343901877964902895e-03
5.309393174455438735e-03
5.288983680880154914e-03
5.166845936310746588e-03
5.224862488255308836e-03
5.210776285376947196e-03
5.201359642331522190e-03
5.177682919955167891e-03
5.174763821744940949e-03
5.133915138988847521e-03
5.111744624979224286e-03
5.109576024205038369e-03
5.077913155504719216e-03
5.021665070304912742e-03
5.001342073947159794e-03
4.971811964972950963e-03
4.914211836498461571e-03
4.992757153261716263e-03
4.889629200137825087e-03
4.866866035526008424e-03
4.902783403338707019e-03
4.845027707600282202e-03
4.891891361938236968e-03
4.864880970891743116e-03
4.853992688605655685e-03
4.846971582390771291e-03
4.750391195831591036e-03
4.786835163613312703e-03
4.775367398340868083e-03
4.708804576632257162e-03
4.756539371336460445e-03
4.708982672085239470e-03
4.683145381657241937e-03
4.642581165112032344e-03
4.625556206453577610e-03
4.610499464253439185e-03
4.514200162142879315e-03
4.618923198775938890e-03
4.574409229735738013e-03
4.505940032814042227e-03
4.499072436617010569e-03
4.451472742319306439e-03
4.423035194649886127e-03
4.478899624110579784e-03
4.352058273050643522e-03
4.369505101425164365e-03
4.438225345059577769e-03
4.358675594559578877e-03
4.429451857797350560e-03
4.342276127912428861e-03
4.352244589599258209e-03
4.320343359683049764e-03
4.258778282464744692e-03
4.272082338430636776e-03
4.238685654240591238e-03
4.280970991623980239e-03
4.202318329291949636e-03
4.214057711732816132e-03
4.191469504130121079e-03
4.167054388715563107e-03
4.139012777450240543e-03
4.115503866097628902e-03
4.063921973589634980e-03
4.130797754127835120e-03
4.076320827190249053e-03
4.134841837648129889e-03
4.037323464593888314e-03
4.016991209586626838e-03
4.075573000228448206e-03
4.013678615341085068e-03
4.015105325589431867e-03
3.996848323285394008e-03
3.954160469692147989e-03
3.972075425162078545e-03
3.889227704896098831e-03
3.983442386941654298e-03
3.935696400871158997e-03
3.927056544928020192e-03
3.880381764388137009e-03
3.883893484716317238e-03
3.830727793850686059e-03
3.820243399261041839e-03
3.821443822774917964e-03
3.817216312670752582e-03
3.740842758428862547e-03
3.811891341144355363e-03
3.758813643292910431e-03
3.758766592331509119e-03
3.734301498302587761e-03
3.693632794298093523e-03
3.711132234117086193e-03
3.676455079127269321e-03
3.630722817693238930e-03
3.645765504368529610e-03
3.652677194748084420e-03
3.586175678478872083e-03
3.591229757500241822e-03
3.594853767059421473e-03
3.589754704564217420e-03
3.530308957964327018e-03
3.547654410547065439e-03
3.507036347520592432e-03
3.511118057694095299e-03
3.501428900853672047e-03
3.513908032727375112e-03
3.450588034353951200e-03
3.446119005646210588e-03
3.467914946868567820e-03
3.432323002882456137e-03
3.413444661662350197e-03
3.412017881719940811e-03
3.388566942350483210e-03
3.371915139599439282e-03
3.410845861430522423e-03
3.359566939935794156e-03
3.353777938580140752e-03
3.339117994883725703e-03
3.325067812335361431e-03
3.320739261751844227e-03
3.294001486191131152e-03
3.249501611066447134e-03
3.251606629913464473e-03
3.221455111821203143e-03
3.190609209742617004e-03
3.166354266841304825e-03
3.155391250753879044e-03
3.104810633434407306e-03
3.075977273966405690e-03
3.107365472480066310e-03
3.086075651895931089e-03
3.071157441182905019e-03
3.067605994364960321e-03
3.070882987937907736e-03
3.034790802260654927e-03
3.019232451307011025e-03
2.998331253311194416e-03
2.997406182958535677e-03
2.944479878978675715e-03
2.928911593033347010e-03
2.911444689743548312e-03
2.890197749573148508e-03
2.864100196099289217e-03
2.870938483918983406e-03
2.873629591097297785e-03
2.831581795161349207e-03
2.805948009568603671e-03
2.784780339480740115e-03
2.740732990404768678e-03
2.744013102594112467e-03
2.762779453415195943e-03
2.739372915625309414e-03
2.706594896991821632e-03
2.680194672680706602e-03
2.686860860921347783e-03
2.707590794482734979e-03
2.656402979387195457e-03
2.591884185502568629e-03
2.572995407997829328e-03
2.518542048955220002e-03
2.591178519497399062e-03
2.561484422015617487e-03
2.510421075253707005e-03
2.511509805348985727e-03
2.471857817641563877e-03
2.473033537874396413e-03
2.441002886036353937e-03
2.407269475697478012e-03
2.396061906205383413e-03
2.348149948841646642e-03
2.328581259965272106e-03
2.310746847243359478e-03
2.239790972591414273e-03
2.322502511935859316e-03
2.229793006904775676e-03
2.268368335534028286e-03
2.220756423691152854e-03
2.243272212290001264e-03
2.220520415687443367e-03
2.213226145139847618e-03
2.194962402549344941e-03
2.178178342498216218e-03
2.158563159061868339e-03
2.156972009520185911e-03
2.143455166362892052e-03
2.123546743156467381e-03
2.126633119388358310e-03
2.131459826783190133e-03
2.103033269325914247e-03
2.107196612014078287e-03
2.100186843705253211e-03
2.082272251894605464e-03
2.065017361505195291e-03
2.054520358413297523e-03
2.008453309672472882e-03
2.056609458783996511e-03
2.017004292392134135e-03
2.007693407026226590e-03
1.982320797422383422e-03
1.999503780406971382e-03
1.997138255361113630e-03
1.964554662593870696e-03
1.976513299211204045e-03
1.946826676169714429e-03
1.945489854795674463e-03
1.939645232147590255e-03
1.958399374989038075e-03
1.944111425320764171e-03
1.935750029517702272e-03
1.941925903875967507e-03
1.915940819081998715e-03
1.919249385143191470e-03
1.904536729262651861e-03
1.931118462929651758e-03
1.905040424632381112e-03
1.897824100879039275e-03
1.885773832744021185e-03
1.882713578328396075e-03
1.915401633780860428e-03
1.867084985992180238e-03
1.879503570916439808e-03
1.844437921646038987e-03
1.848481555624459111e-03
1.834486505476127073e-03
1.823908685417963442e-03
1.828812662941824239e-03
1.840911251500005914e-03
1.809877177715292235e-03
1.812563176954591279e-03
1.793249209437475841e-03
1.804360694357091651e-03
1.794440719416724988e-03
1.782253647702337646e-03
1.773336277809913018e-03
1.753446635932481672e-03
1.758755133530299315e-03
1.746856052701286233e-03
1.751749599320472734e-03
1.746507633569331988e-03
1.731569582317813837e-03
1.750833891490323870e-03
1.731791623895008242e-03
1.732331821173802716e-03
1.726259439279572306e-03
1.716675459140020897e-03
1.717524530720123451e-03
1.705358804941503777e-03
1.726818849372432170e-03
1.701446110658534974e-03
1.699074452810209754e-03
1.716541958442240967e-03
1.700622740648128706e-03
1.699385853301390139e-03
1.692808020992435077e-03
1.691888109996199114e-03
1.684073770983819662e-03
1.685244364089834475e-03
1.686469244667090960e-03
1.698362509414252019e-03
1.675574886275924382e-03
1.674217644747780318e-03
1.677636151994073939e-03
1.662290875453923409e-03
1.677004990507524477e-03
1.661440165492112774e-03
1.662646157589532615e-03
1.652799919528862710e-03
1.641370127762244646e-03
1.631817282129604651e-03
1.610377705207625661e-03
1.616233975290614668e-03
1.652257242963953068e-03
1.605957499136667849e-03
1.638623321639514144e-03
1.621504399179907836e-03
1.616154037799240372e-03
1.616509148075793295e-03
1.612465348879099647e-03
1.601502231426154372e-03
1.602397221220533191e-03
1.575313669538649626e-03
1.607065849596460644e-03
1.590670225928694998e-03
1.576447546744326814e-03
1.561805479168892593e-03
1.566461112674772185e-03
1.550143866007151977e-03
1.572406507393594955e-03
1.555623062380506261e-03
1.566316445846003885e-03
1.555753523445098678e-03
1.553865751740618950e-03
1.556112574966127997e-03
1.548944576409071747e-03
1.540541505818519971e-03
1.543105975874396610e-03
1.509290881882943778e-03
1.558731741085055784e-03
1.523150306549371199e-03
1.529672840001532023e-03
1.507883251888262645e-03
1.525328761551615012e-03
1.521478351321713628e-03
1.521115206945813534e-03
1.510201785984322193e-03
1.504139296489454556e-03
1.499008705404848273e-03
1.484854271890134183e-03
1.504798389959958755e-03
1.487607407258473204e-03
1.487140618769873090e-03
1.510065066969499279e-03
1.482563749935871542e-03
1.497006700490388078e-03
1.483920219526365519e-03
1.482028235052480552e-03
1.476261119738830809e-03
1.474411046541829976e-03
1.464470176335231841e-03
1.461912310884799998e-03
1.480943871377199536e-03
1.462415116845671272e-03
1.457927058456943634e-03
1.453785258472549543e-03
1.445903758556294503e-03
1.455430402398486022e-03
1.444961165512212908e-03
1.438777400276002472e-03
1.434617723279500972e-03
1.437303100612943993e-03
1.440572262854116718e-03
1.439728353409292427e-03
1.442117653868805593e-03
1.440884389206560558e-03
1.425645884346225497e-03
1.444239865472788644e-03
1.429856504239135004e-03
1.421244190370392303e-03
1.428917843774314342e-03
1.427166638252009082e-03
1.422570258931778967e-03
1.424708005765985570e-03
1.425286093894042065e-03
1.421889226112949293e-03
1.414433622699592507e-03
1.426832435117029053e-03
1.408078449758730583e-03
1.410350093749587188e-03
1.402284968450798240e-03
1.420278244971514506e-03
1.405727375007738899e-03
1.403769206961730113e-03
1.404992946793174550e-03
1.399798062849922590e-03
1.396409707653826745e-03
1.404867687303749469e-03
1.392618697964545299e-03
1.404224468244906964e-03
1.400061574917432425e-03
1.400025118345155995e-03
1.402872616814934735e-03
1.387962004796435347e-03
1.387017576381967916e-03
1.387184689518325322e-03
1.387440899580376970e-03
1.367084264087850944e-03
1.382418318184910335e-03
1.376368111008914293e-03
1.373833098067734574e-03
1.360429485525944992e-03
1.368041350764936590e-03
1.359522568863693942e-03
1.359562240326612050e-03
1.355670586946228174e-03
1.346404408130823238e-03
1.352181128472025162e-03
1.331180666740319372e-03
1.341146327810779481e-03
1.352262716840103027e-03
1.339340228887310209e-03
1.348072133639793098e-03
1.340074610323238906e-03
1.346822087858858550e-03
1.341650636166606377e-03
1.349295448067095934e-03
1.320546649097653147e-03
1.344209738901754091e-03
1.321343529469747773e-03
1.340381205531891934e-03
1.334196230903790612e-03
1.337010157920135106e-03
1.334726913837285195e-03
1.334916044769464839e-03
1.330851704412747832e-03
1.327070262867175148e-03
1.327257867749930594e-03
1.333414743516251602e-03
1.326972729195295556e-03
1.318747465594411004e-03
1.323516934810201095e-03
1.320646201952659212e-03
1.320356750744014008e-03
1.318072733496958695e-03
1.323681978077815300e-03
1.311296338997387876e-03
1.318535400360141543e-03
1.316783890600286850e-03
1.307383299713035059e-03
1.320658889168058788e-03
1.306357961107206585e-03
1.317657571308870727e-03
1.314002623731090526e-03
1.309361019321928160e-03
1.318567830680794856e-03
1.310017320656813944e-03
1.319582054132238755e-03
1.312712336995686731e-03
1.310377527141270461e-03
1.319289370357925933e-03
1.306429261821798844e-03
1.311880604436746391e-03
1.304373435699884972e-03
1.303202130116261131e-03
1.298257236312224490e-03
1.307803703105763025e-03
1.299894769216477413e-03
1.302112208591047230e-03
1.295683846310297831e-03
1.301325468357199906e-03
1.291495878826022731e-03
1.300611264409362589e-03
1.292264805820573679e-03
1.288548706120693855e-03
1.284620587549939680e-03
1.282636925702724520e-03
1.281240968493050194e-03
1.272305731082525732e-03
1.273722411829748173e-03
1.258450886544074847e-03
1.289813661617318120e-03
1.260618669033931145e-03
1.285226549625535395e-03
1.268758003721025696e-03
1.274471464970817168e-03
1.270254903403967260e-03
1.266546968907125660e-03
1.265481356983605594e-03
1.265930773189166518e-03
1.273491552961091271e-03
1.262858253757382244e-03
1.272382127545799947e-03
1.262543593412212466e-03
1.279331607270056161e-03
1.255370885497578701e-03
1.274431827283018263e-03
1.265731811403364177e-03
1.260067248916418858e-03
1.257868875045554556e-03
1.263915604514362617e-03
1.254476510746390956e-03
1.257980398350737501e-03
1.253654316348238934e-03
1.261885542570412994e-03
1.248792592324747498e-03
1.251623508936653339e-03
1.249080751139470570e-03
1.246155584702575078e-03
1.245205413674247731e-03
1.257692214657727715e-03
1.245752310005548719e-03
1.252008188747224865e-03
1.251903731526383913e-03
1.250822473651657350e-03
1.249666979388890705e-03
1.246355920472585295e-03
1.255476925025376988e-03
1.244289061076782289e-03
1.251390977029653590e-03
1.240461278039806233e-03
1.251702903641170725e-03
1.241476496271209711e-03
1.240718545122809768e-03
1.238176438478719383e-03
1.241643642859903071e-03
1.229283636616873869e-03
1.238608685491296522e-03
1.235698118725021485e-03
1.239543720432795520e-03
1.229812370344430302e-03
1.235254718137637113e-03
1.244666628235327433e-03
1.236969395089062684e-03
1.236141605329917764e-03
1.237140761815771562e-03
1.232206191460020811e-03
1.228247518411641976e-03
1.227551827712819845e-03
1.228098010584185822e-03
1.224679472947535087e-03
1.239905476874057300e-03
1.214651464515936969e-03
1.237515993653181016e-03
1.223511285023287133e-03
1.225868026247840890e-03
1.221807607496180415e-03
1.223010688030068752e-03
1.221959703341922790e-03
1.221294747323312113e-03
1.217460607178598268e-03
1.215213844727077927e-03
1.219506307829152118e-03
1.219990568212398797e-03
1.206450553900327701e-03
1.217099034700824811e-03
1.207682845986392337e-03
1.213737550849164131e-03
1.210399146737233499e-03
1.208827158864352437e-03
1.207185156130218722e-03
1.205898018565551393e-03
1.201691568234051349e-03
1.205167540400747849e-03
1.203936734190845124e-03
1.196483843708867883e-03
1.208752254863201077e-03
1.200565782818495148e-03
1.205343344725870892e-03
1.205722933860696455e-03
1.195661968516766559e-03
1.209422368575076203e-03
1.198768114950021085e-03
1.202506370214483306e-03
1.199317179670083373e-03
1.194396776659189131e-03
1.200270119276185743e-03
1.199588979704973093e-03
1.200069727468130445e-03
1.195159979728192996e-03
1.194288322098444434e-03
1.197031190658349661e-03
1.193698947900011286e-03
1.193527483770718146e-03
1.192733274304765608e-03
1.191228633522790122e-03
1.191476145726786664e-03
1.187329510269325046e-03
1.184280584512100191e-03
1.181844161182412506e-03
1.185069931843689200e-03
1.179707495945679597e-03
1.182864447598753251e-03
1.180908499106084631e-03
1.175271917651521912e-03
1.183790535098310816e-03
1.177201870120407265e-03
1.179548353772268089e-03
1.177336071642950868e-03
1.176068089607737845e-03
1.176401211075375373e-03
1.174870302585563327e-03
1.172124483387193853e-03
1.167054487625272027e-03
1.162739038481742189e-03
1.165710914631020801e-03
1.161388144414857203e-03
1.166966709181130671e-03
1.159553819724872415e-03
1.164708750279836282e-03
1.159547850796182125e-03
1.161145622910359073e-03
1.162361421498660837e-03
1.159641831754072401e-03
1.159128109543788475e-03
1.155706813329521838e-03
1.160888086831186449e-03
1.151024538054511810e-03
1.154674124382740717e-03
1.139342136000004663e-03
1.160115191576395564e-03
1.143841105831821213e-03
1.159522253791368199e-03
1.147877587304050066e-03
1.149865288227644791e-03
1.146434010645157710e-03
1.148495296198211819e-03
1.151051047331980506e-03
1.146105293641344874e-03
1.148523834538430150e-03
1.143283078724244718e-03
1.148231323098117046e-03
1.145707503188036960e-03
1.142792861604451310e-03
1.141192187694189475e-03
1.138202377909375068e-03
1.135229264718530485e-03
1.152446860747103263e-03
1.135245757187974217e-03
1.147441518752151607e-03
1.139474126184757434e-03
1.144476143677566112e-03
1.138128259706844541e-03
1.142979751866473725e-03
1.133800294787214733e-03
1.139169364413238506e-03
1.133888252937335353e-03
1.132705183734465052e-03
1.127103271397194391e-03
1.131181596596360188e-03
1.129290426637922281e-03
1.128011463224842543e-03
1.124633697629202119e-03
1.124739005431447210e-03
1.125527753394341135e-03
1.125129174248980582e-03
1.121698756576512343e-03
1.124566793345321315e-03
1.120456172977615447e-03
1.119834323019359198e-03
1.118891819246848208e-03
1.123478108026754879e-03
1.115349588244056835e-03
1.124408392056382936e-03
1.117069391123007077e-03
1.118743765840536338e-03
1.120881166243614582e-03
1.117420474033439500e-03
1.120264487737044051e-03
1.115039765233840231e-03
1.114431191397741985e-03
1.112170649600690078e-03
1.109374763840464398e-03
1.107833639664395362e-03
1.116566946254840586e-03
1.099900574139436307e-03
1.111825694481218723e-03
1.100325921552002331e-03
1.101116459952350803e-03
1.099804860521858213e-03
1.094188196154344131e-03
1.103021512848749398e-03
1.098653772796484140e-03
1.098297256379360048e-03
1.098220023322189244e-03
1.098105340888569370e-03
1.098956307038268399e-03
1.097984563457535603e-03
1.094387328435087337e-03
1.098199635373018528e-03
1.086389095690294985e-03
1.104358800164496673e-03
1.085168875395753785e-03
1.094894094024624794e-03
1.095643027739207510e-03
1.089880640118942546e-03
1.088959001674802895e-03
1.092758395050391152e-03
1.089653811851310676e-03
1.087147387948982731e-03
1.091784970135465825e-03
1.088262321882599130e-03
1.086524386563859435e-03
1.088772784434732018e-03
1.079080225339331452e-03
1.085099794425001653e-03
1.084575802199734974e-03
1.087462331893040155e-03
1.084197916938887301e-03
1.080640723797249032e-03
1.086975989365817361e-03
1.082619513296938533e-03
1.086939913293635471e-03
1.086378012318264070e-03
1.082980019314821974e-03
1.088321345526147141e-03
1.086825192742417543e-03
1.082195537391675635e-03
1.084585616280851110e-03
1.081739444203071209e-03
1.081513648007938200e-03
1.081513355334991124e-03
1.078350932893385426e-03
1.076357508431294904e-03
1.080302739711955316e-03
1.076700319491904600e-03
1.075679611538143433e-03
1.081617782468978928e-03
1.071506139381698522e-03
1.082422368875861698e-03
1.072572308113803720e-03
1.078065332897191163e-03
1.075771580919697651e-03
1.077305999466607756e-03
1.075615274053887257e-03
1.074161354423847818e-03
1.072557385768484238e-03
1.071292213734848127e-03
1.070074360182974877e-03
1.074643788486736532e-03
1.065084839987702871e-03
1.074899755503319447e-03
1.071727795611195381e-03
1.070227506727160216e-03
1.069397631413162783e-03
1.066953002642825887e-03
1.068700179247373573e-03
1.065315923437665799e-03
1.073089181948795601e-03
1.063749418861516336e-03
1.070417179011266253e-03
1.066573562062811138e-03
1.068160794176689979e-03
1.064011045613913378e-03
1.066372917955397568e-03
1.063107968169578780e-03
1.064676765707555598e-03
1.063186069354866070e-03
1.061543250322528192e-03
1.061777513065399921e-03
1.058932213392126511e-03
1.058334390801016298e-03
1.055202655032518987e-03
1.060363899780104521e-03
1.048890520528260708e-03
1.065305750882944262e-03
1.051268135021657868e-03
1.059318471489316404e-03
1.054946067833601982e-03
1.057400745199343645e-03
1.058814924087680661e-03
1.056055063036985542e-03
1.055212876927394015e-03
1.057502254901246472e-03
1.055812448665922497e-03
1.056627908189882977e-03
1.056514038090421593e-03
1.056604812124106512e-03
1.056606531422341977e-03
1.050264261754771259e-03
1.066963477877134331e-03
1.043939616370084117e-03
1.060376590301573925e-03
1.048583356545976404e-03
1.053146175855352229e-03
1.053882383908484556e-03
1.050762193638403279e-03
1.053133621532870894e-03
1.051595494643737649e-03
1.050804721655334032e-03
1.050639000526116173e-03
1.051446055257160977e-03
1.048096877268474107e-03
1.054632593044398103e-03
1.047880001208748545e-03
1.052254244466811891e-03
1.046455277617452852e-03
1.035061009648834129e-03
1.052716989669390691e-03
1.039746956268414744e-03
1.047736728161702009e-03
1.044437869094385707e-03
1.043855533578462664e-03
1.044130567551663103e-03
1.042401075418924452e-03
1.042028585906745828e-03
1.045698416777305446e-03
1.039593396984605025e-03
1.048609725885171241e-03
1.040984837043167424e-03
1.045469075675232399e-03
1.043868461525317409e-03
1.045059802776951343e-03
1.040943169770512438e-03
1.039102956268527118e-03
1.039013733113682697e-03
1.039881954893619566e-03
1.041824897130534146e-03
1.032598755018382256e-03
1.045233794235119092e-03
1.036861541169613928e-03
1.031980374885530655e-03
1.040911145155508323e-03
1.038278748310298392e-03
1.039637879143183756e-03
1.041464341276978223e-03
1.035448036518092380e-03
1.041915122263536130e-03
1.038113862291536148e-03
1.039700477694765427e-03
1.040027641940653204e-03
1.035962794383799056e-03
1.036983612453627312e-03
1.034981121409488071e-03
1.030463979567094882e-03
1.041727135705361766e-03
1.031219615018102304e-03
1.036444236875189683e-03
1.030507683298436013e-03
1.035232231147484912e-03
1.034425567890230125e-03
1.032693394731479600e-03
1.034381019272948270e-03
1.033601902902928299e-03
1.033014491130325278e-03
1.033877144511223187e-03
1.028552671270802034e-03
1.033203789877420965e-03
1.024476717319948525e-03
1.028484489255658855e-03
1.026558818540299241e-03
1.028046597048779248e-03
1.027158121089699920e-03
1.027446285479178710e-03
1.025455890684491859e-03
1.029138689132638512e-03
1.024624102326083608e-03
1.023525156963803889e-03
1.030564671765243998e-03
1.023114983115219539e-03
1.028574120329753087e-03
1.023048387905582364e-03
1.025383971646431219e-03
1.024858156598194717e-03
1.023235094151824084e-03
1.022095924242341723e-03
1.024543656598472362e-03
1.023280403683013776e-03
1.021606519299623692e-03
1.016911427827747955e-03
1.021142126618264975e-03
1.021131714088107864e-03
1.019873276506530263e-03
1.020009944691609985e-03
1.023019864024661291e-03
1.022159232613575885e-03
1.023227791096990033e-03
1.024710068506401364e-03
1.022245082306516605e-03
1.025550222643121677e-03
1.020064186814302089e-03
1.022283304974409574e-03
1.022112449937440538e-03
1.015997168254139391e-03
1.024825902294085192e-03
1.017298927628221663e-03
1.021758495995322069e-03
1.021838093339997363e-03
1.020788158051188794e-03
1.021216696147993989e-03
1.021255622219231860e-03
1.022183911911046100e-03
1.021476208689660716e-03
1.022466814242439185e-03
1.022178656488499085e-03
1.026325333154416621e-03
1.018244712762313327e-03
1.032312034986364140e-03
1.018724675742228164e-03
1.024064695773087459e-03
1.019812021605587260e-03
1.019245685167868409e-03
1.018516004324947861e-03
1.017861965854271892e-03
1.016838101385186431e-03
1.015159889215626115e-03
1.014279930250036816e-03
1.018572908510050751e-03
1.014535273893555842e-03
1.016824575981274551e-03
1.015616979888539018e-03
1.016606629013010491e-03
1.013245602558088135e-03
1.013745719668227279e-03
1.018808574643758529e-03
1.007070482100049652e-03
1.018148983154942410e-03
1.011380270594907684e-03
1.010537961639707038e-03
1.008888765740138284e-03
1.008792188531426907e-03
1.008175570887056638e-03
1.009669654778597159e-03
1.009593531421395639e-03
1.016661208947344103e-03
1.005143402132303593e-03
1.012690826184272589e-03
1.008218741219935868e-03
1.005946991735939215e-03
1.013495292789628804e-03
1.005804731763931467e-03
1.011739791047721899e-03
1.007145582941226846e-03
1.003890998271243134e-03
1.006356524110203071e-03
1.005784144893978127e-03
1.005764704563467601e-03
1.005047835020727491e-03
1.001601919414764992e-03
1.005989636713261210e-03
9.974540835361901669e-04
1.011143475560224601e-03
9.980554099890794409e-04
1.002414791881016138e-03
1.003177739704751289e-03
1.002109005192035980e-03
1.000303575194530807e-03
9.990123241223954498e-04
9.995741965866172460e-04
9.985979480705178650e-04
1.000235486862473657e-03
9.988146172777501771e-04
9.988077046311479110e-04
1.003721129992188842e-03
9.928205392181572650e-04
1.005193795856881411e-03
9.957858538546249250e-04
1.004147063079710448e-03
1.003343945146483720e-03
9.988898535897576710e-04
1.002831812931141275e-03
1.000634128843748199e-03
1.001129771568704235e-03
9.975827979721546123e-04
9.998490831137065923e-04
9.982287466445221268e-04
1.000846962282441344e-03
9.991535239411071002e-04
9.982186210666672138e-04
9.937841849560508523e-04
1.002570376981648526e-03
9.922070915865952370e-04
1.002157045601591344e-03
9.992730401671015908e-04
9.931329187723607951e-04
9.986860201019532365e-04
9.938610652751864779e-04
9.944225231722982495e-04
9.940067472485882797e-04
9.933579895740037372e-04
9.939472117459480487e-04
9.854762483767960136e-04
9.994671707393852807e-04
9.885606470705866552e-04
9.933583046075320812e-04
9.902790325275712905e-04
9.909079132876161787e-04
9.874238021145096550e-04
9.905688065566158138e-04
9.885363385823860150e-04
9.884056118117229544e-04
9.887257927525779696e-04
9.847658365698982834e-04
9.846161702663368438e-04
9.835948339672428813e-04
9.912302623812003794e-04
9.840060843617490834e-04
9.905228589507184683e-04
9.864319621774720985e-04
9.887862611679270903e-04
9.869839563350834774e-04
9.901076475521647206e-04
9.838934964158771619e-04
9.866081284479973935e-04
9.832865930584646329e-04
9.818385953779440629e-04
9.910520370557146953e-04
9.819691723444567023e-04
9.894407041925491753e-04
9.830791526448342567e-04
9.865274862927205651e-04
9.861558418132829879e-04
9.841382945070503274e-04
9.848303707451896635e-04
9.834331440124047859e-04
9.841393602903613248e-04
9.817131484382592404e-04
9.881297068713380729e-04
9.832063479435658102e-04
9.858748040628903531e-04
9.792626016377633212e-04
9.842918364564709130e-04
9.806882638004922603e-04
9.849751468284258498e-04
9.835312603511925898e-04
9.834965992195753709e-04
9.825416683860947048e-04
9.820385741728966927e-04
9.830262459536453796e-04
9.809444299035644400e-04
9.804052204347428901e-04
9.819732929870661660e-04
9.813301324406689848e-04
9.721534609390068129e-04
9.830626702255866600e-04
9.755852871665314984e-04
9.789705294735052011e-04
9.746304628635648433e-04
9.784213300591709014e-04
9.749836632049563518e-04
9.744626277677088510e-04
9.741855895739764699e-04
9.733625443477846983e-04
9.732564343841614875e-04
9.730823947542784243e-04
9.710912337224607543e-04
9.794496494782813437e-04
9.684084736219074558e-04
9.808992962851298143e-04
9.715624931191337759e-04
9.778985398363163224e-04
9.720334595217424573e-04
9.755045427541213536e-04
9.733944406056760064e-04
9.728447880573857847e-04
9.725941974326509764e-04
9.715111340032837189e-04
9.732919253484904757e-04
9.663433413744680145e-04
9.806936434854801078e-04
9.676500315451337132e-04
9.781010347239774833e-04
9.663252655193916045e-04
9.755822421901941266e-04
9.682756369139824872e-04
9.704821790223486450e-04
9.672242984440146537e-04
9.697151528411980395e-04
9.681818633145150696e-04
9.673085921136425703e-04
9.670911221147693608e-04
9.674112727436627764e-04
9.688620223014246177e-04
9.623008242194149671e-04
9.698109268682684287e-04
9.640057118725560035e-04
9.677269405443007788e-04
9.661223565374276508e-04
9.668011886378304965e-04
9.659172514597073878e-04
9.669690775308071098e-04
9.634698819121981098e-04
9.650303848628610575e-04
9.642116696997076646e-04
9.629361868782360416e-04
9.673184863538280848e-04
9.571656725569299088e-04
9.694039090746347717e-04
9.638043026248739077e-04
9.640551434827563954e-04
9.636010741440505104e-04
9.613708228269938431e-04
9.610187527680748775e-04
9.608093727788151635e-04
9.608125848901369901e-04
9.609726420313657218e-04
9.621995384216877221e-04
9.623440660968228533e-04
9.671033327026156475e-04
9.603258935838332759e-04
9.671012222709895328e-04
9.644264373889237978e-04
9.644325432551374743e-04
9.638061149173897261e-04
9.628715645038324767e-04
9.618324505334659245e-04
9.606368175616730471e-04
9.608765084430396716e-04
9.569491487293595730e-04
9.706717287592715607e-04
9.573169841402526291e-04
9.645233201341577977e-04
9.608160502801514321e-04
9.577547293293828083e-04
9.599137825541207434e-04
9.586676163414412782e-04
9.580808464125630192e-04
9.562906995734254956e-04
9.585790241853163864e-04
9.556155676484511842e-04
9.590642592396301201e-04
9.537769047566778185e-04
9.621856582368483327e-04
9.533915206917351103e-04
9.615363958562408303e-04
9.550741785200108237e-04
9.576252703182886209e-04
9.548401014833278033e-04
9.539427094088078971e-04
9.542514035742506598e-04
9.530912882778378933e-04
9.557965511355233628e-04
9.539455877006227475e-04
9.556140148181840356e-04
9.536104311666517789e-04
9.516190870934300265e-04
9.520428944072466737e-04
9.511044617504946447e-04
9.483595306847670365e-04
9.553370210682390635e-04
9.514845050744286234e-04
9.521561530901195836e-04
9.538132514196063496e-04
9.507971839099462700e-04
9.550944526434699882e-04
9.525397790469539768e-04
9.508269656502119126e-04
9.501011510016030021e-04
9.501920383467267125e-04
9.484798109830789876e-04
9.484171657724343096e-04
9.484317668313083181e-04
9.509872512029800013e-04
9.496387316362085848e-04
9.542190748909837881e-04
9.509753515449078298e-04
9.533851929546788805e-04
9.491415519365982304e-04
9.523950778743030124e-04
9.519069408925060274e-04
9.513497500976001234e-04
9.501234667584291995e-04
9.505429615592770470e-04
9.490076059580209323e-04
9.492370194669246192e-04
9.443530575921001320e-04
9.490459919841328891e-04
9.495377424768985117e-04
9.447775664809727504e-04
9.513033248891618202e-04
9.460540226320967097e-04
9.499053595148235305e-04
9.464022786209645667e-04
9.488931722166498188e-04
9.477274859494756341e-04
9.483021861104804764e-04
9.463259614750201823e-04
9.476062385269418305e-04
9.397115790154262922e-04
9.531713594863429817e-04
9.399278211841818670e-04
9.492852600126069473e-04
9.423096308370675946e-04
9.482836000376783587e-04
9.415108012449099418e-04
9.487385853198448613e-04
9.422421971565783172e-04
9.467855410447215125e-04
9.438890737460263773e-04
9.424576288152385463e-04
9.433241811153369712e-04
9.423172362875253776e-04
9.421326100341176606e-04
9.417005572491091202e-04
9.412951444586187657e-04
9.398056521920790342e-04
9.372196768212622160e-04
9.465656905380747613e-04
9.364958740987267471e-04
9.383696834710344211e-04
9.380517886353387496e-04
9.328972942341616894e-04
9.414562988623382178e-04
9.365573117558560192e-04
9.397122795722066303e-04
9.367071994091567778e-04
9.387336281456128617e-04
9.379158106375654232e-04
9.398462377120113571e-04
9.362175327422992072e-04
9.381568339907862559e-04
9.356703541280400344e-04
9.329646593881675424e-04
9.381486774089095419e-04
9.325711536756426182e-04
9.360520263573813811e-04
9.333720222296228945e-04
9.342706783817966579e-04
9.325250513445929859e-04
9.349702398131684838e-04
9.337560863819042295e-04
9.329701173782128151e-04
9.331886215622575524e-04
9.301360290577402904e-04
9.305206092140859723e-04
9.305121667071121830e-04
9.303158135524814852e-04
9.303489214633123413e-04
9.307858735223031562e-04
9.325430949210036530e-04
9.304414785937497592e-04
9.308943860484182034e-04
9.296115717343929026e-04
9.307389898899320326e-04
9.299066181373394748e-04
9.306506515802692205e-04
9.277474295859978841e-04
9.323819280629025994e-04
9.262950326405790897e-04
9.271095691794150424e-04
9.290643847458903738e-04
9.276339823969672422e-04
9.281330089322222974e-04
9.285062905049363538e-04
9.276722231919321037e-04
9.276979636750898187e-04
9.296863149844884593e-04
9.281491084106973776e-04
9.255536838624735599e-04
9.287127562041228067e-04
9.246451814657393343e-04
9.322727183173632132e-04
9.222934093821021388e-04
9.272994434988375079e-04
9.254628144589494444e-04
9.244602738514079085e-04
9.254226279335438839e-04
9.239891183288376740e-04
9.260654351355622439e-04
9.262028373686850185e-04
9.262902305359595407e-04
9.260881404931313845e-04
9.259508222393099874e-04
9.249189757963277971e-04
9.263540449668602062e-04
9.149566011271322019e-04
9.336190133571425475e-04
9.185276712923029236e-04
9.300618625572975445e-04
9.230843597443254885e-04
9.238570942215146384e-04
9.248414385563239913e-04
9.231584601446152141e-04
9.236100658103126590e-04
9.235641257984452106e-04
9.214962700538947751e-04
9.206768430152296101e-04
9.205143773277737248e-04
9.187578549651070382e-04
9.197803149380752181e-04
9.180027210367928915e-04
9.188259963591147465e-04
9.200952655049804202e-04
9.133001340036598671e-04
9.192334703433831505e-04
9.245856731494429912e-04
9.133378861461126114e-04
9.216256303276952307e-04
9.164414927019694365e-04
9.219396006190605465e-04
9.196634285061851049e-04
9.207703166525741788e-04
9.190761167796848881e-04
9.203885763104852936e-04
9.172007693181873480e-04
9.190933009008484585e-04
9.187208486416888632e-04
9.185432773332093126e-04
9.178113512474090187e-04
9.186922528012379839e-04
9.154347539533743599e-04
9.229882797825860082e-04
9.159236337752601565e-04
9.203401462759553927e-04
9.158993766835106303e-04
9.184129700395131943e-04
9.170415471845198667e-04
9.190891268404741002e-04
9.176191307539668419e-04
9.169970780742596386e-04
9.179953701302379912e-04
9.166239595921729568e-04
9.148987127107870154e-04
9.238437455995521892e-04
9.133219404238755246e-04
9.219378822994944841e-04
9.153672119384267079e-04
9.200065898069295471e-04
9.174733753034848257e-04
9.180232323685118181e-04
9.167833070134468994e-04
9.202063040908906163e-04
9.151754258939028865e-04
9.173601049367530657e-04
9.170850678976649132e-04
9.144444720488823387e-04
9.189665249333375851e-04
9.143177826213303664e-04
9.189987675145530784e-04
9.145895867641642149e-04
9.158934857067981125e-04
9.173180860234574291e-04
9.158900042430112576e-04
9.157954013966480801e-04
9.158304608120041877e-04
9.158311193791583401e-04
9.124499479943891161e-04
9.148030563809261351e-04
9.140953795737833971e-04
9.091760640916803516e-04
9.234978041169375441e-04
9.105197265643576567e-04
9.199070283193311196e-04
9.134048527383837419e-04
9.161243368593302919e-04
9.134566874235141524e-04
9.141461165122439841e-04
9.128666650853448951e-04
9.116824647590405280e-04
9.129887455320684743e-04
9.146469275052374059e-04
9.107612121354786202e-04
9.147962813963628637e-04
9.127872854434926006e-04
9.114028164332999395e-04
9.107570736391866484e-04
9.094994818770409020e-04
9.147420585017547283e-04
9.103927340380783611e-04
9.140216812898138395e-04
9.113752206273378724e-04
9.134261418529676917e-04
9.113456507072505977e-04
9.134961090251036931e-04
9.082051779365231912e-04
9.136916289686020315e-04
9.098629385726942796e-04
9.071144943603160187e-04
9.111436175716648147e-04
9.078397579094469195e-04
9.081700243019651987e-04
9.081526648012398437e-04
9.068367242918345733e-04
9.096469405822021426e-04
9.047069589357076627e-04
9.141492080481788962e-04
9.102654794034759555e-04
9.094779681694365554e-04
9.092345753688491116e-04
9.077166939128462723e-04
9.075986627575700905e-04
9.084041532781010663e-04
9.063121281266503949e-04
9.117048960531995731e-04
9.038501876664146225e-04
9.133345957260714668e-04
9.070683131537698660e-04
9.092182403418722124e-04
9.067895072682771555e-04
9.059788165185904711e-04
9.056285540922439942e-04
9.051848899179201291e-04
9.058155246910841191e-04
9.087627352852428730e-04
9.053562433047645294e-04
9.082833002599063118e-04
9.053016137812990721e-04
9.062685702183422747e-04
9.047317491689628498e-04
9.052269244260363395e-04
9.034818441168120714e-04
9.054243249792383406e-04
9.032194461504019145e-04
9.081624489571358009e-04
8.992650532578866027e-04
9.070550404356793632e-04
9.021375561374238858e-04
9.073029942024402311e-04
9.039136867325632888e-04
9.044300809945504888e-04
9.050644157242562554e-04
9.040155446094953967e-04
9.051327648419075882e-04
9.039212366320942575e-04
9.097557339337346890e-04
9.015671454652727851e-04
9.067623688994070914e-04
9.042213022676547822e-04
9.074187581132384236e-04
9.028145897978361598e-04
9.044006142417041318e-04
9.036351451809484982e-04
9.038974782132553135e-04
9.030126923164688221e-04
9.024769999734662653e-04
9.024785357831238827e-04
9.017413452821667480e-04
9.038650761883045871e-04
9.054022389094742648e-04
9.012735609758890749e-04
9.035237059378717871e-04
8.996820086883537031e-04
9.032395921534316658e-04
8.994474367568749658e-04
9.033021704557053560e-04
9.002571964758377798e-04
9.017607405275976156e-04
9.013532488097349962e-04
9.022672231446081511e-04
9.012355379562245021e-04
9.038080016727126180e-04
8.968832904441234079e-04
9.008619511008929010e-04
8.977014444201029215e-04
8.981315484442828649e-04
8.994749231577556844e-04
8.979214025484524549e-04
9.008494354099210160e-04
8.997018228615008724e-04
9.005173454311368036e-04
9.001371607077847175e-04
9.020484392322480329e-04
8.969283922173584877e-04
9.022671325856690058e-04
8.960422957748359358e-04
8.986980032560199861e-04
8.960728639982716180e-04
8.970151505758055437e-04
8.982510200053598660e-04
8.963382526188783941e-04
8.960077354294888885e-04
8.974736286822549954e-04
8.972277133334516678e-04
8.937694883277878073e-04
8.983841680108450465e-04
8.927353241231668606e-04
8.977442469972725858e-04
8.919566028601754728e-04
8.930409305933220210e-04
8.942368764895964727e-04
8.901914379640099226e-04
8.988599935439258500e-04
8.919780459213211927e-04
8.961627031468746450e-04
8.917902448036129802e-04
8.943863063904926736e-04
8.926727939846287570e-04
8.948939622191250283e-04
8.916039687455220956e-04
8.948020444479749119e-04
8.909289008615714619e-04
8.925506836249588174e-04
8.917835522098650162e-04
8.907888998154512043e-04
8.900010055095529567e-04
8.900259649575390213e-04
8.936564521580713438e-04
8.907833339075765279e-04
8.926875279291440583e-04
8.919587255813971440e-04
8.929846026805330706e-04
8.922376028339721286e-04
8.919048982133830159e-04
8.899257871435926719e-04
8.958701697862305391e-04
8.898994589231021962e-04
8.931036685639388200e-04
8.930288657377316412e-04
8.880982919284297061e-04
8.908634941610053945e-04
8.885857172344107562e-04
8.934214608623255527e-04
8.888580128419376570e-04
8.906154525801007662e-04
8.897189748441388518e-04
8.900994283560638258e-04
8.888318340990967320e-04
8.904596155019762300e-04
8.876632880562922677e-04
8.866219109921370670e-04
8.864705179866926976e-04
8.906877721351234498e-04
8.856090785047016382e-04
8.881594709138110029e-04
8.844525592602330488e-04
8.906607549331558519e-04
8.842570798180951139e-04
8.851764259024392893e-04
8.906084229801022054e-04
8.839919790157024782e-04
8.896057296914664479e-04
8.868901858946296466e-04
8.875538740634737441e-04
8.864902582469789006e-04
8.875647193399695094e-04
8.854394464826483967e-04
8.847109037942095348e-04
8.883090326330770085e-04
8.825304899672849201e-04
8.863407055727731687e-04
8.904869069454137472e-04
8.855092070974251821e-04
8.892570922538397269e-04
8.893665709158944709e-04
8.871538442543381057e-04
8.883193871284838280e-04
8.851499255306609056e-04
8.884562718626931978e-04
8.877471585795732294e-04
8.857943962613781721e-04
8.919200432260380226e-04
8.823320710394517681e-04
8.935179932835072333e-04
8.849866113405921225e-04
8.900194003391667967e-04
8.851342418380310322e-04
8.881716836094122325e-04
8.861066562511532487e-04
8.883912779868241918e-04
8.890921120316838070e-04
8.869700248408335461e-04
8.905532511328091922e-04
8.839355581193564758e-04
8.881603453994019312e-04
8.848236657997877747e-04
8.861369566877006724e-04
8.837739442090994943e-04
8.859793684423330215e-04
8.781004075387281727e-04
8.904416349163373412e-04
8.834989701156495184e-04
8.867132124679016902e-04
8.837119202116951698e-04
8.858160365174386945e-04
8.825013268620767381e-04
8.841168641091713730e-04
8.831636352023059704e-04
8.800232618457544571e-04
8.865326443682845217e-04
8.798712434864556673e-04
8.803234725806961683e-04
8.836711004129229208e-04
8.799077473265363514e-04
8.837780964708534352e-04
8.814567666582511776e-04
8.822890244753826263e-04
8.830851842991137637e-04
8.796811004926400300e-04
8.856888279823914517e-04
8.804625302183838884e-04
8.823637283997273024e-04
8.814593103368575759e-04
8.795740174447714763e-04
8.792323381020242159e-04
8.795015194708898955e-04
8.789037118627443133e-04
8.799512566559153978e-04
8.786036047985004965e-04
8.840180218152356856e-04
8.786619313126871073e-04
8.806329650645223356e-04
8.790806946989899225e-04
8.800495902192681432e-04
8.783604477907838498e-04
8.818755362940417907e-04
8.748157226549516455e-04
8.826291699532998148e-04
8.762111542841322402e-04
8.810318539760572968e-04
8.775811355816617821e-04
8.790993594523175683e-04
8.787571800074857808e-04
8.789338021274662642e-04
8.779680411862856313e-04
8.783688476859745050e-04
8.778500683709977801e-04
8.777396690654588451e-04
8.791570712238482022e-04
8.741118314075804838e-04
8.825550748734016775e-04
8.742244613830381633e-04
8.800763221820335830e-04
8.766880198441574920e-04
8.792899623550012476e-04
8.776168951729963925e-04
8.792943369477971118e-04
8.765206778365638865e-04
8.796278193690888671e-04
8.766441877889781520e-04
8.770104749017728621e-04
8.764656533550850863e-04
8.763111427086962661e-04
8.767774150254443750e-04
8.761952058480389953e-04
8.726265028846595228e-04
8.804695345763525203e-04
8.696059898439001705e-04
8.778608556184615535e-04
8.736612399381364939e-04
8.782783622455840296e-04
8.743036390888522542e-04
8.745957438108500816e-04
8.741950333654018327e-04
8.729587908214017037e-04
8.759526962637632702e-04
8.753406262858216564e-04
8.763982625922693472e-04
8.723676087611347951e-04
8.758930722737688765e-04
8.722983187071779200e-04
8.745890302320599632e-04
8.715856763650326909e-04
8.751253793174032600e-04
8.728274292609734027e-04
8.737040524206019258e-04
8.718458369630883520e-04
8.731984154392938031e-04
8.725570434024771836e-04
8.726230667578176951e-04
8.723578175365555255e-04
8.718335188221727500e-04
8.719121688447531437e-04
8.644723735574504075e-04
8.809348279510465819e-04
8.646110759894929569e-04
8.749888320080426943e-04
8.685107596736302803e-04
8.743809416277387950e-04
8.702980244603935982e-04
8.712482990307036587e-04
8.706842862618255916e-04
8.688147325812692811e-04
8.724313451629575784e-04
8.678297763402245029e-04
8.714845076656590290e-04
8.694843476231553167e-04
8.723237904150259008e-04
8.707555197097591355e-04
8.695747027763178457e-04
8.700177599878719525e-04
8.753870818202406185e-04
8.704168305438812238e-04
8.691271270867738591e-04
8.720662251664034349e-04
8.693188501991500148e-04
8.725140071449269180e-04
8.695045139515408328e-04
8.710528150013860209e-04
8.690097511507077288e-04
8.691982424973090796e-04
8.693196161198502503e-04
8.717735043276981502e-04
8.680511090148821914e-04
8.726097594093206854e-04
8.700403057501405763e-04
8.703457226479894247e-04
8.698619574244589262e-04
8.686663983667573677e-04
8.715359637800766841e-04
8.692310184444123787e-04
8.708414587334916421e-04
8.697460588558313587e-04
8.704777088317664294e-04
8.694289414454042710e-04
8.718273080994852009e-04
8.698254157854831518e-04
8.696573430035055069e-04
8.713388385341903648e-04
8.668058683286441286e-04
8.715595785720431886e-04
8.676594830089554315e-04
8.727341760367073563e-04
8.667276564693001143e-04
8.709120012121874133e-04
8.672793016851197993e-04
8.690939588709762536e-04
8.679849263707086881e-04
8.684131867331518987e-04
8.701926478421674908e-04
8.684116686453755354e-04
8.694660498669064480e-04
8.659963822228509793e-04
8.704252487754588668e-04
8.678542714750301073e-04
8.683186719857876289e-04
8.682844896189476904e-04
8.684871926776370097e-04
8.676127472966977490e-04
8.684044106574012340e-04
8.662602909265790414e-04
8.707380741508439093e-04
8.655028514342321278e-04
8.698603628328219163e-04
8.634871563857997312e-04
8.698959164733069448e-04
8.650984108677773178e-04
8.676933160618496539e-04
8.662345044539858678e-04
8.670390568706522888e-04
8.655397483942198818e-04
8.668928521872077027e-04
8.692114059443525106e-04
8.653405653760659838e-04
8.676878856613187132e-04
8.646049973063694776e-04
8.624008511720925897e-04
8.671655561926390737e-04
8.625352197309790660e-04
8.636000602821318917e-04
8.640565007792146276e-04
8.654766704814399053e-04
8.637631939154963214e-04
8.659152519550220375e-04
8.608166119569621343e-04
8.654770269049602690e-04
8.615018118305800597e-04
8.662191872878552499e-04
8.617483999201565239e-04
8.623604525120260635e-04
8.614289838228531742e-04
8.626707470227636945e-04
8.648005974992479822e-04
8.619362284426782895e-04
8.632767735686620956e-04
8.618002194205868658e-04
8.630768461835356233e-04
8.612560890943536619e-04
8.630455512108393436e-04
8.617342134190853148e-04
8.621308671915967579e-04
8.617389059887525750e-04
8.653057329264893802e-04
8.559573257084194002e-04
8.644359437057319269e-04
8.598310255870212455e-04
8.629614139824167947e-04
8.622543957232293738e-04
8.627810769110853210e-04
8.586210914671522703e-04
8.657440861351133618e-04
8.597449422240111211e-04
8.624156250400821398e-04
8.590405041642591027e-04
8.622400878835664298e-04
8.595352666656910778e-04
8.595154781792800668e-04
8.586534100162163119e-04
8.590363423567577228e-04
8.577524446001079600e-04
8.608473020313666931e-04
8.532639780509047433e-04
8.625576969316098774e-04
8.522164314731662648e-04
8.584283053890397414e-04
8.548766840180709904e-04
8.573750804535649897e-04
8.561606070342025424e-04
8.587701394825310135e-04
8.557130678308285440e-04
8.595859906855745410e-04
8.565677013414813371e-04
8.571447102033428632e-04
8.557447975739142189e-04
8.569614822080125031e-04
8.554842379395786274e-04
8.557393355875325897e-04
8.562761828390951001e-04
8.602930174092463921e-04
8.525595658197797225e-04
8.578935234177366507e-04
8.532047784965188621e-04
8.549219740972192503e-04
8.538180295642605480e-04
8.547367428308832137e-04
8.527282467998191593e-04
8.551109838439660028e-04
8.519343019412866898e-04
8.564156350632511376e-04
8.517649178252827613e-04
8.561650059508826762e-04
8.524538264307368650e-04
8.531845745668113334e-04
8.540539642352998036e-04
8.524678160383097154e-04
8.569791117783901553e-04
8.453297292058749605e-04
8.574423350700292662e-04
8.495230471298481243e-04
8.537473835582997826e-04
8.507902738534341017e-04
8.515234096952109966e-04
8.517746541063116704e-04
8.523706287897537441e-04
8.497740141714630203e-04
8.522109119924088389e-04
8.496554531133117868e-04
8.510583183443759482e-04
8.487593972380211597e-04
8.549993961850014222e-04
8.484030851434971399e-04
8.533420661771153179e-04
8.484462047312386771e-04
8.505610589951860187e-04
8.507195698083671546e-04
8.512990441280520381e-04
8.496089149483959787e-04
8.492695960735078707e-04
8.490312726530176591e-04
8.493153249705846309e-04
8.484407738915566337e-04
8.478899611708791070e-04
8.474035840771031343e-04
8.494736507081215035e-04
8.470686301986827095e-04
8.495598422628400414e-04
8.466837399342346361e-04
8.497778672350262156e-04
8.469820221899381765e-04
8.464391829977477516e-04
8.514321099680693212e-04
8.460123939588062685e-04
8.480940837240146749e-04
8.469493457364776941e-04
8.479721975632445235e-04
8.465279065039721688e-04
8.473850934329701066e-04
8.449115571392543838e-04
8.488717882069697022e-04
8.454715089651631838e-04
8.473662482345093415e-04
8.446424886815719285e-04
8.458789372834847609e-04
8.435866702162992444e-04
8.458940762717212817e-04
8.363156258437130265e-04
8.475166606686896590e-04
8.393161379274787903e-04
8.454541136050171442e-04
8.415127752025781168e-04
8.451342010129014089e-04
8.438267466843815288e-04
8.432271722130366869e-04
8.430904475895739181e-04
8.440254274289717574e-04
8.423124269827052778e-04
8.450037211189290968e-04
8.421637997417698177e-04
8.425998191678738067e-04
8.421751597133988847e-04
8.429248278016227090e-04
8.401398711453682451e-04
8.449465031499091717e-04
8.375373793407252417e-04
8.417075588706942127e-04
8.409798281429321050e-04
8.392397086255154503e-04
8.426421264247311443e-04
8.377467612458085753e-04
8.408276193792801152e-04
8.369135746039646712e-04
8.405145011548441824e-04
8.368961855613831586e-04
8.396607008519799608e-04
8.384143612594600631e-04
8.414172033034041792e-04
8.380256541988135568e-04
8.390722450204372677e-04
8.374356918840101345e-04
8.381622304082643428e-04
8.395052556864372392e-04
8.401692533455267257e-04
8.389487657862299518e-04
8.386798305784580595e-04
8.379742367721682884e-04
8.389852934311454753e-04
8.357973778248339132e-04
8.386979222505307283e-04
8.355995134567906690e-04
8.361894326524082436e-04
8.330351169321248807e-04
8.384579257361992038e-04
8.336563585465946516e-04
8.350185631501782710e-04
8.336152306167429402e-04
8.326638936890716188e-04
8.281113560919936469e-04
8.375659322358490304e-04
8.315254553888670828e-04
8.352958769582398630e-04
8.322467819374802876e-04
8.348228881166325742e-04
8.317428882094194320e-04
8.333122038815430569e-04
8.323772664622584297e-04
8.313893560076427228e-04
8.314366194231381747e-04
8.328381670583233625e-04
8.303302500490822432e-04
8.353540863571032836e-04
8.301916890109360680e-04
8.328465614554276565e-04
8.317876223584038092e-04
8.325815227840622319e-04
8.316513358869211245e-04
8.320988591251693087e-04
8.332686938159011803e-04
8.308301808332025371e-04
8.330524582760925629e-04
8.309740730821488968e-04
8.334444833922837999e-04
8.307597687028084711e-04
8.341380944897240982e-04
8.296184843523125548e-04
8.321285505045099371e-04
8.307424025059172504e-04
8.322203880940831806e-04
8.302563770730207304e-04
8.337449386442156085e-04
8.281916324229241823e-04
8.341258406872949661e-04
8.295150573586089265e-04
8.322326040970514857e-04
8.303146758374288462e-04
8.316971756958196037e-04
8.296815165157694731e-04
8.315919978141580278e-04
8.306125960593216872e-04
8.329085307107123980e-04
8.260719487393047280e-04
8.330506627453791941e-04
8.293536294146071439e-04
8.322030160894231974e-04
8.314128321777450228e-04
8.318529466340772276e-04
8.315482580717145937e-04
8.287498215735951152e-04
8.298950282601593852e-04
8.289273961970045936e-04
8.278993650531382134e-04
8.285937882496847897e-04
8.263790388556090756e-04
8.299143114844047394e-04
8.260727023091468885e-04
8.314017232355075653e-04
8.263959494678762337e-04
8.302005146548625770e-04
8.278437379870859196e-04
8.267137863704030094e-04
8.280613104203192769e-04
8.265893892421860871e-04
8.285098357734474710e-04
8.261299032104372055e-04
8.290630066079548522e-04
8.263310201434110550e-04
8.279505782876571667e-04
8.256823764641129217e-04
8.303929792187682464e-04
8.268491475713342191e-04
8.246623856167067381e-04
8.298843188062552919e-04
8.244841444215371233e-04
8.296339220673772889e-04
8.259564965358536437e-04
8.269103994378032910e-04
8.254856025621581982e-04
8.258399445451203736e-04
8.247824938073276347e-04
8.257005553069463261e-04
8.248992484196942436e-04
8.302324594032156396e-04
8.248885962582629995e-04
8.263500596459571199e-04
8.281830329803566409e-04
8.233801024108642610e-04
8.285058263267668826e-04
8.249824361971697844e-04
8.267151508172364141e-04
8.256565744366726241e-04
8.274044449125687092e-04
8.254450055559232977e-04
8.292448881217865395e-04
8.254133535688286134e-04
8.278297344471069507e-04
8.282957729777197520e-04
8.248035777844759005e-04
8.295731411454515623e-04
8.245606719508237654e-04
8.285867107789538942e-04
8.252811624122961516e-04
8.277517519890628672e-04
8.257440129170912253e-04
8.271360955464493502e-04
8.257721445335252384e-04
8.278585208695430275e-04
8.252270473258613206e-04
8.297936609103070613e-04
8.249421744307323945e-04
8.247158487469845398e-04
8.263340416172493264e-04
8.238923765571330281e-04
8.245246200881738239e-04
8.249104804712954417e-04
8.221037743945782197e-04
8.280240915528754280e-04
8.217904840952557207e-04
8.272485137721261256e-04
8.243068661408696571e-04
8.241224077925041322e-04
8.234288723443369210e-04
8.254162040539454390e-04
8.219390819924405527e-04
8.238882024834332830e-04
8.214087055255597748e-04
8.259668162700074508e-04
8.203624479470654441e-04
8.240657910108962342e-04
8.209258073780857385e-04
8.231212467269077935e-04
8.218018941384134168e-04
8.228822274781828153e-04
8.209550907956850467e-04
8.247393676850792209e-04
8.191082225018184344e-04
8.240345908779817072e-04
8.203063141180545140e-04
8.223041142101525586e-04
8.197041038008967898e-04
8.221485668999679169e-04
8.204177748779086258e-04
8.230729208214630213e-04
8.186772294661384414e-04
8.233030851013558140e-04
8.186105042968272764e-04
8.231693677523114648e-04
8.180033526555088343e-04
8.183728827943926448e-04
8.208422618392793293e-04
8.187972203392753770e-04
8.208927596069085560e-04
8.182476505246848207e-04
8.204549218263759497e-04
8.193287950576919098e-04
8.184432835283497482e-04
8.195635923949861875e-04
8.186098100035318946e-04
8.178831564013543673e-04
8.212363441832730643e-04
8.168498108099208569e-04
8.192289135469199395e-04
8.171489505929126164e-04
8.177228424876339117e-04
8.188540579385242485e-04
8.164477371274856624e-04
8.194602886024587082e-04
8.154596084896454300e-04
8.185280394356361875e-04
8.181590390024120292e-04
8.172628041534377641e-04
8.164536966244389854e-04
8.176737880114198862e-04
8.157237640763083776e-04
8.165648931086328223e-04
8.149585353787407562e-04
8.164104973304803442e-04
8.146703887109184652e-04
8.151766242322609638e-04
8.172674614418324376e-04
8.151477333216134010e-04
8.183688410321449504e-04
8.156241105202002330e-04
8.161963602658705652e-04
8.167417953978356546e-04
8.147393482567444941e-04
8.163384825423926567e-04
8.166167789892069505e-04
8.122399536056505807e-04
8.178664892399453148e-04
8.129863317092831136e-04
8.167204669040658118e-04
8.138020723549757151e-04
8.155428641326409236e-04
8.147839674989339632e-04
8.160057692900125155e-04
8.138596459601565684e-04
8.175793078052192740e-04
8.144869477807148124e-04
8.156647127282229187e-04
8.145528720858678925e-04
8.152110409042847726e-04
8.135887551837500242e-04
8.161812056508158456e-04
8.135257261243871276e-04
8.148032557796694832e-04
8.162246607458899109e-04
8.112937583372358203e-04
8.171485991916393023e-04
8.141361799208305392e-04
8.163696041752160990e-04
8.151910906228645136e-04
8.163160541033792020e-04
8.153349586866212150e-04
8.162299972943297139e-04
8.151466617213687718e-04
8.151268765040452354e-04
8.158936019200298132e-04
8.145524350999991782e-04
8.140950084014156622e-04
8.163016288892402340e-04
8.119892358140415193e-04
8.171398640356141449e-04
8.128862611381855886e-04
8.124841808242274808e-04
8.160027111955366237e-04
8.119828517507922307e-04
8.159554907492717760e-04
8.127329761757701382e-04
8.135550138418833543e-04
8.128005822414086480e-04
8.129665648044545438e-04
8.119828519228605365e-04
8.121409466098205177e-04
8.117519139709862292e-04
8.108028997959131328e-04
8.122638209764332373e-04
8.090285365113280332e-04
8.122403274562582784e-04
8.097235115256646394e-04
8.114438396680868134e-04
8.079523154415726213e-04
8.126699581164225934e-04
8.038138505552533007e-04
8.137746874975910474e-04
8.082396929752365313e-04
8.123419593588508854e-04
8.094017352022062550e-04
8.119001507970668389e-04
8.099382132873920439e-04
8.118121086191046765e-04
8.104759313428628112e-04
8.140157736098432503e-04
8.087946351301151084e-04
8.133187144715189974e-04
8.111879615198239364e-04
8.108698566703710121e-04
8.101156785471665123e-04
8.107045680876633726e-04
8.107346213337491203e-04
8.097391224880342219e-04
8.103884046916696006e-04
8.088587060467373243e-04
8.089784912614366059e-04
8.079201307188749095e-04
8.105368743788600536e-04
8.057856603744946141e-04
8.119720073079580557e-04
8.077316915397616615e-04
8.098103143551600670e-04
8.081288525750958884e-04
8.083714009751305973e-04
8.064182645197543430e-04
8.089038215669366915e-04
8.059015502675881491e-04
8.086502189529256191e-04
8.057045892587557994e-04
8.076784441744406509e-04
8.047337364560545273e-04
8.086277684385137976e-04
8.026214777895914181e-04
8.077128410188624428e-04
8.030269333421557109e-04
8.068472386038331653e-04
8.043577869774790707e-04
8.053362319721183013e-04
8.046669513884065292e-04
8.055310307573099573e-04
8.041050128287820361e-04
8.068678959662369237e-04
8.038804453492218909e-04
8.057719978548603121e-04
8.035602880127936656e-04
8.062018371262147983e-04
8.030233668714702004e-04
8.046691394983748096e-04
8.032334601252365085e-04
8.042688768408388878e-04
8.024964537760425481e-04
8.040480262481075526e-04
8.013864026044936490e-04
8.047968100347393551e-04
8.009856546976550735e-04
8.047971431339979260e-04
8.023423010309093436e-04
8.030169978303814023e-04
8.023926392494348239e-04
8.016362901150507914e-04
8.028374057157110655e-04
8.003891693980570883e-04
8.035141123350292638e-04
7.990476402155657779e-04
8.026682747543163916e-04
7.999402656767130122e-04
8.030596892246881285e-04
7.989627239796769477e-04
8.020180235851139417e-04
7.998040611516797366e-04
8.014096729353132643e-04
8.007738099289468930e-04
8.003132817402359381e-04
8.004130019960340164e-04
8.005589345201047889e-04
7.982106333870953117e-04
8.015452626999884688e-04
7.974679475401528399e-04
8.015012794021145453e-04
7.985390976925049299e-04
7.998464244869321485e-04
7.987888379521300300e-04
7.999220778479662489e-04
7.977360801586709949e-04
8.029818213756903652e-04
7.959436647761762920e-04
8.010929840947075180e-04
7.964024536745329275e-04
8.005367406362905993e-04
7.971566180561088242e-04
7.996197629744833998e-04
7.970303633379470813e-04
7.984111353566721156e-04
7.985235935441810200e-04
7.991477966535380029e-04
7.948766486217591918e-04
7.997589942377261339e-04
7.987438754516900698e-04
7.989257158787540884e-04
7.984705570048379955e-04
7.998780166743835142e-04
7.969711835401620693e-04
7.988048308129312193e-04
7.972800307568446996e-04
7.998148895543267210e-04
7.959734098435044614e-04
7.994980805766315705e-04
7.966663449837850476e-04
7.988889933571378509e-04
7.962655893262604199e-04
7.975845800597772825e-04
7.971791982110090942e-04
7.955138928266560026e-04
7.990124974035369646e-04
7.953109219910814908e-04
7.987822580661899964e-04
7.962916816970677962e-04
7.973151014525612420e-04
7.960035929499624475e-04
7.977913467489039555e-04
7.956989473178032596e-04
7.991257684784534290e-04
7.954886518850716503e-04
7.948084764396873281e-04
8.000665078863334603e-04
7.932949502213591146e-04
7.982370952232098861e-04
7.945834342807060876e-04
7.958611186281355559e-04
7.945495369297021684e-04
7.959397240041713503e-04
7.948729181994324640e-04
7.970035399754622513e-04
7.958649892472906056e-04
7.959249581274625059e-04
7.949659523158259314e-04
7.954847580663559469e-04
7.945127371609978645e-04
7.967379773288068038e-04
7.948467954667784788e-04
7.973423207205091075e-04
7.939932955751434615e-04
7.963660028854139790e-04
7.950885781871188437e-04
7.961506292013622622e-04
7.954288224265337100e-04
7.971150979926888746e-04
7.952483833722249432e-04
7.966085976996233834e-04
7.937997028318970454e-04
7.994782813812451863e-04
7.932193780295219206e-04
7.971351985100307101e-04
7.937532947939779805e-04
7.964612084767870928e-04
7.939013701916521407e-04
7.950281688150353339e-04
7.937670883470196058e-04
7.951417173397172175e-04
7.933223899260767294e-04
7.949791495291288991e-04
7.929768171011381938e-04
7.942098068485994736e-04
7.931314802624521822e-04
7.948314806520576179e-04
7.992685204485207653e-04
7.882876045615630663e-04
7.992113106902396782e-04
7.899374950338179701e-04
7.962171874593696385e-04
7.917308208420421618e-04
7.947330509155950320e-04
7.923667732221102234e-04
7.941745444476775101e-04
7.920643279899655751e-04
7.949588485743620510e-04
7.925693247860948493e-04
7.934806403411798735e-04
7.928010054846663110e-04
7.918214207659463435e-04
7.908389183271097560e-04
7.951190195131144873e-04
7.907731033205704554e-04
7.952203351265123895e-04
7.906608474078679390e-04
7.931258126091385004e-04
7.910119685604197941e-04
7.921173011245874560e-04
7.901487691602118247e-04
7.950970459989320201e-04
7.877554737897751085e-04
7.924925231155937038e-04
7.892711857833049991e-04
7.935103070158547800e-04
7.901224577628341303e-04
7.921420691884374426e-04
7.915756360766663642e-04
7.905684532776218821e-04
7.904514575258573270e-04
7.929370216056269701e-04
7.887833399156245510e-04
7.923672233240302600e-04
7.905968303497003117e-04
7.906092526013138409e-04
7.898853127257944150e-04
7.922718181814607241e-04
7.877469417654447926e-04
7.912055970979678691e-04
7.889759727572808953e-04
7.895525612776039355e-04
7.906281930707031221e-04
7.890734047109972983e-04
7.880013418279539425e-04
7.904409377115355914e-04
7.881322555454923010e-04
7.892395069155804313e-04
7.876069534771603384e-04
7.891322719026495989e-04
7.869903298935794662e-04
7.901584971582817796e-04
7.856695654185802445e-04
7.904561685705918748e-04
7.874566113837920805e-04
7.883940356481333039e-04
7.870470429783102840e-04
7.871613014914202429e-04
7.896029313760675582e-04
7.839018368340547847e-04
7.896092846746413174e-04
7.848818910887318508e-04
7.881062102648418938e-04
7.861304649010835690e-04
7.875899208878025344e-04
7.860892660259436934e-04
7.887117859496086628e-04
7.850022378347951829e-04
7.890746577905912709e-04
7.875831577244660946e-04
7.878458071881685358e-04
7.874721850351979911e-04
7.878062625795297872e-04
7.852051804456644610e-04
7.890708524089505051e-04
7.862828410113158369e-04
7.875148232934882971e-04
7.865393724887679650e-04
7.886467760034660728e-04
7.863749014908719180e-04
7.907740110913594406e-04
7.850274386864249587e-04
7.893276585749628340e-04
7.858614929383173379e-04
7.882711101687485834e-04
7.863919883499213273e-04
7.871790033700591617e-04
7.854970253602507014e-04
7.870784291391970259e-04
7.851203121345593471e-04
7.891446531149916462e-04
7.849501848938454304e-04
7.871108247317811770e-04
7.866398990119314151e-04
7.864712161797152547e-04
7.865105206910239649e-04
7.854844979699194532e-04
7.848259788746748478e-04
7.859979568201690787e-04
7.829160311187498668e-04
7.890843563751892423e-04
7.826333735041822535e-04
7.872252748031341452e-04
7.855280709218580857e-04
7.853569754233941493e-04
7.844965096911414842e-04
7.850151392392497058e-04
7.836182883386110486e-04
7.862821134723019939e-04
7.835994944742551106e-04
7.858832502475623883e-04
7.839490892705479157e-04
7.865831614334772501e-04
7.828251237772229686e-04
7.876454239879916459e-04
7.835316228190376256e-04
7.859498716186445353e-04
7.844383292967697973e-04
7.858302287974118462e-04
7.856853413382372401e-04
7.851567777460208676e-04
7.856574692034798239e-04
7.850467089024647975e-04
7.836493353894275794e-04
7.868696552902767300e-04
7.833521161296329999e-04
7.861060367005024037e-04
7.825027529012903819e-04
7.877088816800539720e-04
7.850407246695599063e-04
7.850370719526988299e-04
7.847286137867187693e-04
7.854336275926132810e-04
7.838577498980539180e-04
7.849901130366497603e-04
7.835609641062398151e-04
7.857331519346798373e-04
7.836074674144660399e-04
7.860608431682826903e-04
7.835455985294084019e-04
7.872252714319613381e-04
7.832804557353084543e-04
7.869010294374441340e-04
7.844366140500316428e-04
7.868703861633448513e-04
7.833584504592480853e-04
7.867106348154769132e-04
7.837939555250507612e-04
7.833184421266972024e-04
7.843003123927448465e-04
7.831481579903766446e-04
7.824389362865745217e-04
7.856714222795132705e-04
7.811116503579864550e-04
7.842457704638209270e-04
7.827806068249511381e-04
7.835312368745626791e-04
7.827397127204570489e-04
7.824567795641569927e-04
7.816718055946817335e-04
7.839419410130476704e-04
7.802275635126113386e-04
7.846340074337840396e-04
7.811783612056380933e-04
7.834996055108658410e-04
7.806812092206377512e-04
7.848708273295581725e-04
7.803612450534282109e-04
7.830460863278292409e-04
7.814650822768154197e-04
7.813828218992018623e-04
7.810971186021930818e-04
7.819233468895380509e-04
7.801581230475486926e-04
7.833654964482060631e-04
7.802332325716212179e-04
7.820551418852064165e-04
7.803887509764965069e-04
7.822856744422978766e-04
7.789431570300748555e-04
7.811348073587529375e-04
7.812252871517669662e-04
7.802818019350327757e-04
7.814649052726913882e-04
7.818085068121422140e-04
7.792426996870888438e-04
7.832672486228029352e-04
7.797500145608935677e-04
7.818312456599017931e-04
7.802194526072055852e-04
7.811241201219427856e-04
7.789431625055473615e-04
7.824655702404428479e-04
7.769217144646205740e-04
7.803201532361215284e-04
7.802544837470919451e-04
7.784548351897519229e-04
7.815478223133969036e-04
7.783301396180674703e-04
7.799563786006765776e-04
7.783549222880056058e-04
7.803641406885023770e-04
7.768456464707822542e-04
7.811472774878570674e-04
7.780595147887374614e-04
7.789024834760667352e-04
7.777988547845437204e-04
7.792834417394555336e-04
7.774265233670868717e-04
7.801869862710983069e-04
7.757253134099366789e-04
7.787998429323922302e-04
7.757010988624136495e-04
7.766018241096217176e-04
7.794416443407401265e-04
7.766425386121390698e-04
7.780644920444136463e-04
7.764464392074736394e-04
7.778297993427838678e-04
7.757324144449897260e-04
7.782749016235596898e-04
7.761469904482005792e-04
7.776376295024179340e-04
7.752944293011337527e-04
7.774199073764244362e-04
7.735533548196994041e-04
7.783476159278792088e-04
7.742230405873989918e-04
7.779800075498778797e-04
7.751868826043721572e-04
7.777570514271207143e-04
7.749830029592579776e-04
7.773620242692657169e-04
7.755306964044177175e-04
7.762449380050839148e-04
7.740844413357420104e-04
7.763699904815311642e-04
7.726143708171749527e-04
7.755711377433315706e-04
7.741993995727724847e-04
7.750907985936766279e-04
7.739408246555682042e-04
7.744133848288347602e-04
7.755922018035205871e-04
7.723364254495666218e-04
7.760698922879426427e-04
7.731998064769606471e-04
7.753224909471454060e-04
7.735120423325338168e-04
7.748661978705925551e-04
7.733159437494779853e-04
7.747318066875766209e-04
7.730372491358156748e-04
7.752809018004252865e-04
7.728417021134855380e-04
7.735246850866749329e-04
7.741492269239554471e-04
7.722105634500586995e-04
7.757938643067134295e-04
7.712630420074620755e-04
7.756221852674789925e-04
7.719375307988828126e-04
7.738169964685453518e-04
7.716673048811811429e-04
7.722796330451449061e-04
7.719784998454509327e-04
7.730405333500938109e-04
7.699315184007212874e-04
7.727995004096580587e-04
7.691274940506056396e-04
7.737973997721455137e-04
7.691300752105254468e-04
7.734898291358377129e-04
7.710606558905649032e-04
7.724214227805772806e-04
7.709955444469910853e-04
7.729198075414414355e-04
7.698899907932599913e-04
7.697790618499756113e-04
7.717372274791280779e-04
7.696509955440219812e-04
7.700994584889138276e-04
7.702352013022713750e-04
7.703220183747519576e-04
7.695188903963386508e-04
7.713813701946384185e-04
7.671607338074085212e-04
7.719181924459487349e-04
7.687250362645137950e-04
7.706902046849415039e-04
7.688687728739909601e-04
7.702864492518861437e-04
7.674675724412036810e-04
7.700477068275825157e-04
7.688778778514920777e-04
7.696641052235797227e-04
7.685335550403088077e-04
7.700384312884918066e-04
7.661629791876372513e-04
7.725540383065219660e-04
7.680677761388619374e-04
7.698391978653764539e-04
7.684868892296893138e-04
7.699713282631033768e-04
7.672528379583607458e-04
7.710257221785409790e-04
7.677099982189055294e-04
7.698136583270689080e-04
7.686516369041195831e-04
7.705490773716757282e-04
7.686614242297524742e-04
7.707756470117638464e-04
7.683701489587672949e-04
7.712725675335262892e-04
7.694777942120318258e-04
7.701165484342699461e-04
7.695197520644282869e-04
7.697523113317705432e-04
7.696084200246308205e-04
