2.084583497047424405e+00
1.988995528221130460e+00
1.885651433467864901e+00
1.809125149250030429e+00
1.769840288162231490e+00
1.752317607402801514e+00
1.740462565422058017e+00
1.728376984596252441e+00
1.714990663528442427e+00
1.700113677978515536e+00
1.683578646183014005e+00
1.665209329128265470e+00
1.644864463806152255e+00
1.622406899929046631e+00
1.597696316242217973e+00
1.570625555515289262e+00
1.541116559505462558e+00
1.509182298183441073e+00
1.474927592277526900e+00
1.438558077812194913e+00
1.400317561626434282e+00
1.360588920116424516e+00
1.319782340526580722e+00
1.278297317028045610e+00
1.236569547653198153e+00
1.194939208030700639e+00
1.153772974014282138e+00
1.113345253467559859e+00
1.073867201805114746e+00
1.035517764091491655e+00
9.984674453735351562e-01
9.627445220947266069e-01
9.284770905971526656e-01
8.956724762916564719e-01
8.643453240394591841e-01
8.345071673393249512e-01
8.061372041702270508e-01
7.791847348213195579e-01
7.536458015441894753e-01
7.294284641742706521e-01
7.065234184265136719e-01
6.848378777503967285e-01
6.643196046352386475e-01
6.449124395847321001e-01
6.265505671501159224e-01
6.091547369956969993e-01
5.927165806293487327e-01
5.771429777145385964e-01
5.623823523521422896e-01
5.483838319778442383e-01
5.351259469985961692e-01
5.225352048873901367e-01
5.105770766735077126e-01
4.992137044668197854e-01
4.884132444858551025e-01
4.781545042991638406e-01
4.683714598417282327e-01
4.590499490499496682e-01
4.501644611358642800e-01
4.416919350624084473e-01
4.336019486188888439e-01
4.258721560239792092e-01
4.184952229261398315e-01
4.114252209663391002e-01
4.046528995037078635e-01
3.981699079275131115e-01
3.919544547796249279e-01
3.860002100467682107e-01
3.802724123001098855e-01
3.747756868600845559e-01
3.694824099540710560e-01
3.644017994403839222e-01
3.595061868429184071e-01
3.547843724489211925e-01
3.502343922853469738e-01
3.458544015884399414e-01
3.416163623332977295e-01
3.375280499458312988e-01
3.335827946662902610e-01
3.297481358051300160e-01
3.260560482740402222e-01
3.224707484245300515e-01
3.190027296543121449e-01
3.156467676162719727e-01
3.123795568943023571e-01
3.092210471630096325e-01
3.061400890350342019e-01
3.031527549028396606e-01
3.002589404582977073e-01
2.974258869886398093e-01
2.946851938962936623e-01
2.920077264308929554e-01
2.894077867269516102e-01
2.868661016225814708e-01
2.843932121992110984e-01
2.819839298725128063e-01
2.796238690614700206e-01
2.773315310478210449e-01
2.750855386257171631e-01
2.728897035121917725e-01
2.707509994506835938e-01
2.686498522758483665e-01
2.665988177061081044e-01
2.646001547574997059e-01
2.626325637102127075e-01
2.607123285531997570e-01
2.588223621249198803e-01
2.569788545370101929e-01
2.551665380597114563e-01
2.533935651183128468e-01
2.516518339514732250e-01
2.499445781111717113e-01
2.482631370425224249e-01
2.466175764799118098e-01
2.449959754943847601e-01
2.434094727039337047e-01
2.418461382389068548e-01
2.403111621737480108e-01
2.387984871864318737e-01
2.373127922415733393e-01
2.358486309647560009e-01
2.344110339879989513e-01
2.329923734068870544e-01
2.315991505980491694e-01
2.302230820059776306e-01
2.288663148880004938e-01
2.275326892733574025e-01
2.262192696332931408e-01
2.249207854270935114e-01
2.236426845192909241e-01
2.223804444074630737e-01
2.211362496018409729e-01
2.199085474014282338e-01
2.186936423182487543e-01
2.174974396824836675e-01
2.163142815232276805e-01
2.151476606726646368e-01
2.139940783381462097e-01
2.128567129373550304e-01
2.117305442690849415e-01
2.106164246797561646e-01
2.095120981335640009e-01
2.084284707903862055e-01
2.073501497507095337e-01
2.062866941094398388e-01
2.052330166101455633e-01
2.041929051280021723e-01
2.031614512205123790e-01
2.021405875682830700e-01
2.011270180344581493e-01
2.001299768686294611e-01
1.991387680172920227e-01
1.981628268957137951e-01
1.971869230270385798e-01
1.962264165282249506e-01
1.952770814299583380e-01
1.943246558308601435e-01
1.933897092938423046e-01
1.924626216292381342e-01
1.915399774909019581e-01
1.906273379921913091e-01
1.897229120135307257e-01
1.888266921043396107e-01
1.879385620355606135e-01
1.870524898171424810e-01
1.861788079142570607e-01
1.853097215294838007e-01
1.844439595937728826e-01
1.835881829261779841e-01
1.827453017234802191e-01
1.818960681557655334e-01
1.810580402612686213e-01
1.802322328090667780e-01
1.794023856520652882e-01
1.785859793424606212e-01
1.777704194188118036e-01
1.769595324993133434e-01
1.761611655354499706e-01
1.753591001033782959e-01
1.745672389864921514e-01
1.737784549593925365e-01
1.729995414614677318e-01
1.722193866968154963e-01
1.714461222290992737e-01
1.706786558032035717e-01
1.699132889509201161e-01
1.691596895456314031e-01
1.684003829956054743e-01
1.676548734307289068e-01
1.669080510735511669e-01
1.661666959524154552e-01
1.654269725084304699e-01
1.646934360265731867e-01
1.639643579721450917e-01
1.632386207580566462e-01
1.625211209058761708e-01
1.617998152971267811e-01
1.610860034823417553e-01
1.603779345750808716e-01
1.596699401736259571e-01
1.589694246649742126e-01
1.582675218582153265e-01
1.575738996267318781e-01
1.568808495998382513e-01
1.561897039413452093e-01
1.555053472518920787e-01
1.548248946666717640e-01
1.541444629430770985e-01
1.534693211317062489e-01
1.527997940778732244e-01
1.521279752254486028e-01
1.514599516987800709e-01
1.507964476943016163e-01
1.501394227147102300e-01
1.494786977767944280e-01
1.488243371248245128e-01
1.481720328330993763e-01
1.475320130586624257e-01
1.468791231513023321e-01
1.462350055575370733e-01
1.455953255295753535e-01
1.449621841311454773e-01
1.443239167332649175e-01
1.436924964189529308e-01
1.430699869990348927e-01
1.424457743763923590e-01
1.418175235390663202e-01
1.411940410733222850e-01
1.405724018812179454e-01
1.399624153971671947e-01
1.393465384840965327e-01
1.387362465262413080e-01
1.381244793534278925e-01
1.375223278999328502e-01
1.369163781404495184e-01
1.363173812627792303e-01
1.357202306389808655e-01
1.351232066750526484e-01
1.345290437340736500e-01
1.339387431740760859e-01
1.333499394357204326e-01
1.327637046575546320e-01
1.321808792650699671e-01
1.316034682095050812e-01
1.310228407382965088e-01
1.304436795413494166e-01
1.298751652240753285e-01
1.293033383786678370e-01
1.287300698459148407e-01
1.281618408858776204e-01
1.275959685444831848e-01
1.270350240170955713e-01
1.264730751514434870e-01
1.259165965020656586e-01
1.253611050546169225e-01
1.248074084520340021e-01
1.242572464048862513e-01
1.237128324806690272e-01
1.231604047119617407e-01
1.226188629865646307e-01
1.220732845366001157e-01
1.215323664247989627e-01
1.209944091737270300e-01
1.204628907144069672e-01
1.199276365339756040e-01
1.193957246840000180e-01
1.188662722706794739e-01
1.183396011590957669e-01
1.178161062300205203e-01
1.172979533672332819e-01
1.167732119560241644e-01
1.162583172321319525e-01
1.157422125339508112e-01
1.152275577187538147e-01
1.147164717316627447e-01
1.142059616744518225e-01
1.137011170387268039e-01
1.131954088807105990e-01
1.126932494342327146e-01
1.121942177414894104e-01
1.116935811936855261e-01
1.111975967884063776e-01
1.107051797211170141e-01
1.102123782038688660e-01
1.097243592143058721e-01
1.092357017099857275e-01
1.087495595216751154e-01
1.082678854465484591e-01
1.077872499823570307e-01
1.073069348931312561e-01
1.068316802382469205e-01
1.063574686646461542e-01
1.058854445815086420e-01
1.054149873554706546e-01
1.049451939761638641e-01
1.044820256531238528e-01
1.040192082524299677e-01
1.035581566393375397e-01
1.030962251126766177e-01
1.026402533054351779e-01
1.021849006414413397e-01
1.017268754541873904e-01
1.012834198772907257e-01
1.008318759500980433e-01
1.003869660198688507e-01
9.994210824370383661e-02
9.949597418308257779e-02
9.906491339206695279e-02
9.861885979771614630e-02
9.818575531244277954e-02
9.774941504001617709e-02
9.731766805052757818e-02
9.688741266727447787e-02
9.646508693695068914e-02
9.603726491332054138e-02
9.561073184013366144e-02
9.519050419330596369e-02
9.477512761950493414e-02
9.436220899224281866e-02
9.393859282135963440e-02
9.352696985006332675e-02
9.311305955052376349e-02
9.270912408828735352e-02
9.230063632130622309e-02
9.189508184790610990e-02
9.149571061134338656e-02
9.109249711036682129e-02
9.069364666938781183e-02
9.029692411422729492e-02
8.990281149744987210e-02
8.951095044612884799e-02
8.912132903933525641e-02
8.873090371489525396e-02
8.834700733423232755e-02
8.796280622482299805e-02
8.757902383804321012e-02
8.720045387744904120e-02
8.682307153940201083e-02
8.644695729017257135e-02
8.607331365346908292e-02
8.570343852043152411e-02
8.532800674438476007e-02
8.496112450957298001e-02
8.459576442837715704e-02
8.422884792089462003e-02
8.386855199933052063e-02
8.350829035043716431e-02
8.314973190426826199e-02
8.279616758227348328e-02
8.244376778602599543e-02
8.208908140659332275e-02
8.173828050494194586e-02
8.138670101761817655e-02
8.104259446263313571e-02
8.069863691926001947e-02
8.036074116826057157e-02
8.001344054937362116e-02
7.967722192406653803e-02
7.933837175369262695e-02
7.900165393948554993e-02
7.867100313305855352e-02
7.834227979183197577e-02
7.800886556506156366e-02
7.768160402774811069e-02
7.735593244433403015e-02
7.703746333718300421e-02
7.671115174889564514e-02
7.639027833938598355e-02
7.606916651129722040e-02
7.576180323958396634e-02
7.544036433100700934e-02
7.512712925672530850e-02
7.481689006090164185e-02
7.450741082429886142e-02
7.420244142413139066e-02
7.389278411865234097e-02
7.358969897031783503e-02
7.329173386096954346e-02
7.299105748534202853e-02
7.269009426236153204e-02
7.239073589444160184e-02
7.209722474217414301e-02
7.180567383766174594e-02
7.152312472462654669e-02
7.122084274888038080e-02
7.093243673443794250e-02
7.064660042524337213e-02
7.036070600152015408e-02
7.007977589964867193e-02
6.979486048221587857e-02
6.951603069901465815e-02
6.923992112278938571e-02
6.896051615476608831e-02
6.869149729609488886e-02
6.841722801327705661e-02
6.814124956727027338e-02
6.787386462092399875e-02
6.760720759630203802e-02
6.733531951904296597e-02
6.707699671387672147e-02
6.680643707513808649e-02
6.654670760035515109e-02
6.628425791859626770e-02
6.602658368647099096e-02
6.576840765774250031e-02
6.551063023507594507e-02
6.525845825672149658e-02
6.500495150685310641e-02
6.475311368703842718e-02
6.450371965765952509e-02
6.425644047558307093e-02
6.400665491819382269e-02
6.376180350780487338e-02
6.351878233253956119e-02
6.328243426978588659e-02
6.303801946341991425e-02
6.280046142637729645e-02
6.255724951624870578e-02
6.231920160353184024e-02
6.208574138581753055e-02
6.185274347662925859e-02
6.161879375576972961e-02
6.139355599880218228e-02
6.115979626774788180e-02
6.092909909784793854e-02
6.070268414914607724e-02
6.047792397439479689e-02
6.025810502469539781e-02
6.003489047288894376e-02
5.981121100485324582e-02
5.958991050720215121e-02
5.937120802700519839e-02
5.915461406111717502e-02
5.894131623208522658e-02
5.872497819364071170e-02
5.851066932082175931e-02
5.829931870102882108e-02
5.808685570955276350e-02
5.788214057683944980e-02
5.766970515251159529e-02
5.746666267514229098e-02
5.725670345127582828e-02
5.705420859158039093e-02
5.684854462742805481e-02
5.665105395019054413e-02
5.644608885049819808e-02
5.624402500689029694e-02
5.604677163064479550e-02
5.585030168294906339e-02
5.565332621335983276e-02
5.545876622200011929e-02
5.526913478970527788e-02
5.507265366613865037e-02
5.488787107169627866e-02
5.469421446323394914e-02
5.450037568807601651e-02
5.431317239999770841e-02
5.412814952433109283e-02
5.394101031124591550e-02
5.375462435185909132e-02
5.357322506606578688e-02
5.338882394134998599e-02
5.320756696164608002e-02
5.303181447088718692e-02
5.284806340932846069e-02
5.267136245965957364e-02
5.249403119087218961e-02
5.231774449348449568e-02
5.214499272406101366e-02
5.196835957467556277e-02
5.179496333003043990e-02
5.162294246256351332e-02
5.145390145480632782e-02
5.128308422863483290e-02
5.111500918865204135e-02
5.094546861946582655e-02
5.077802874147892276e-02
5.061615183949470798e-02
5.044798813760280332e-02
5.028558671474456926e-02
5.012630410492420474e-02
4.996204115450382510e-02
4.980341941118240218e-02
4.963879324495792250e-02
4.947826750576496402e-02
4.932104274630546431e-02
4.916295073926448683e-02
4.901018962264060835e-02
4.885884299874306003e-02
4.869634397327900210e-02
4.854338094592094283e-02
4.838924594223499576e-02
4.823902212083339830e-02
4.808778278529644151e-02
4.793793000280856947e-02
4.778901971876621524e-02
4.764031693339347562e-02
4.749306477606296539e-02
4.734518229961395125e-02
4.720251187682152072e-02
4.705791957676410536e-02
4.691023938357830048e-02
4.676828198134899001e-02
4.662442579865455627e-02
4.648362249135971208e-02
4.634261876344680786e-02
4.620121531188488284e-02
4.606278538703918735e-02
4.592880010604858537e-02
4.578984826803207675e-02
4.565115198493004123e-02
4.551417455077171048e-02
4.537878558039665222e-02
4.524467140436172485e-02
4.511327445507049699e-02
4.497679769992828092e-02
4.484578669071197232e-02
4.471623562276363234e-02
4.458140619099140028e-02
4.445206075906753262e-02
4.432486407458782057e-02
4.419663250446319303e-02
4.406704120337963382e-02
4.393955394625663480e-02
4.381292350590228896e-02
4.368826709687709947e-02
4.356496557593345781e-02
4.344151392579078536e-02
4.331539683043957034e-02
4.318945780396461764e-02
4.306742027401923995e-02
4.294646345078945160e-02
4.282588809728622714e-02
4.270641617476940433e-02
4.258437491953372817e-02
4.246652163565158705e-02
4.234836362302303592e-02
4.223107397556304793e-02
4.211281724274158755e-02
4.199628420174121579e-02
4.188163205981254578e-02
4.176805466413498202e-02
4.165558479726314683e-02
4.153700545430183411e-02
4.142759367823600769e-02
4.131037145853042741e-02
4.119834154844283919e-02
4.108881093561649045e-02
4.097654335200786452e-02
4.086676053702831268e-02
4.075835980474949022e-02
4.064621925354004045e-02
4.053947441279888431e-02
4.043187201023101807e-02
4.032322838902473172e-02
4.021686799824238101e-02
4.011221975088119507e-02
4.000454097986221036e-02
3.990212455391883850e-02
3.979526162147521695e-02
3.969144225120544572e-02
3.958827964961528917e-02
3.948559053242206573e-02
3.938216567039489607e-02
3.928099051117896895e-02
3.917888812720775327e-02
3.907769247889518460e-02
3.897824473679065843e-02
3.887809142470359525e-02
3.878079615533351621e-02
3.867984339594841142e-02
3.858237080276012698e-02
3.848556689918040952e-02
3.838785067200660428e-02
3.829084299504757066e-02
3.819434754550456862e-02
3.809919059276580672e-02
3.800443522632122179e-02
3.791166618466377397e-02
3.781391568481921872e-02
3.772169984877109250e-02
3.762824535369872769e-02
3.753621913492679457e-02
3.744282424449920516e-02
3.735172413289546828e-02
3.725907132029533664e-02
3.716908693313598910e-02
3.707911521196365079e-02
3.698761314153671542e-02
3.690109662711620053e-02
3.681244514882564545e-02
3.672026991844177385e-02
3.663302771747112274e-02
3.654459491372108459e-02
3.645699732005595883e-02
3.637178353965282718e-02
3.628452010452747067e-02
3.619756102561950961e-02
3.611256964504718642e-02
3.602771908044814786e-02
3.594291955232620239e-02
3.585854880511760850e-02
3.577385768294334689e-02
3.569077663123607774e-02
3.560652658343314847e-02
3.552465587854385098e-02
3.544227667152881345e-02
3.536064177751541138e-02
3.528125546872615953e-02
3.519986830651759824e-02
3.511960338801145554e-02
3.503780812025070190e-02
3.495603166520595828e-02
3.487670104950666566e-02
3.479887302964925627e-02
3.471905142068863054e-02
3.463982567191124101e-02
3.456362280994653563e-02
3.448628205806016783e-02
3.441143184900283952e-02
3.433327525854110857e-02
3.425346892327070514e-02
3.417742270976305285e-02
3.410180639475583753e-02
3.402885850518942018e-02
3.395156301558018008e-02
3.387614693492650708e-02
3.380208760499954501e-02
3.372734915465116362e-02
3.365496397018432478e-02
3.358401004225015918e-02
3.350829593837260922e-02
3.343578558415174345e-02
3.336171321570872983e-02
3.329010419547558108e-02
3.321883417665958543e-02
3.314917031675577302e-02
3.307571057230233869e-02
3.300474621355533461e-02
3.293509501963853836e-02
3.286706861108541766e-02
3.279731348156929294e-02
3.272666446864604811e-02
3.265674579888581952e-02
3.258731011301278790e-02
3.252075221389531812e-02
3.245211318135261813e-02
3.238254729658365111e-02
3.231730125844478607e-02
3.224815428256988525e-02
3.218230698257684708e-02
3.211674857884645740e-02
3.205048963427543918e-02
3.198351580649614473e-02
3.191890493035316745e-02
3.185319229960441312e-02
3.178891967982053895e-02
3.172084484249353131e-02
3.165693543851375719e-02
3.159406073391437392e-02
3.152790013700723648e-02
3.146770987659693042e-02
3.140121232718229294e-02
3.133839908987283429e-02
3.127470873296260556e-02
3.121201172471046309e-02
3.114983029663562913e-02
3.108915444463491301e-02
3.102601673454046319e-02
3.096468672156333854e-02
3.090426661074161668e-02
3.084581941366195540e-02
3.078156132251024316e-02
3.072060607373714586e-02
3.066173885017633299e-02
3.060021176934242179e-02
3.054071310907602310e-02
3.048139661550521712e-02
3.042207844555377960e-02
3.036316838115453789e-02
3.030519224703311781e-02
3.024540506303310256e-02
3.018864374607801299e-02
3.013158813118934493e-02
3.007340189069509367e-02
3.001711014658212801e-02
2.995839789509773324e-02
2.990035507827997277e-02
2.984385602176189284e-02
2.978709619492292404e-02
2.973299007862806320e-02
2.967420127242803574e-02
2.961906120181083749e-02
2.956445720046758582e-02
2.950897924602031638e-02
2.945485655218362669e-02
2.939788550138473441e-02
2.934551909565925529e-02
2.928932495415210654e-02
2.923608310520648887e-02
2.918177954852580955e-02
2.913087531924247672e-02
2.907377928495407174e-02
2.901997342705726554e-02
2.896697893738746712e-02
2.891445215791463991e-02
2.886149995028972765e-02
2.881130408495664527e-02
2.875711563974618981e-02
2.870520669966936111e-02
2.865405194461345673e-02
2.860293257981538773e-02
2.854987177997827391e-02
2.850146964192390442e-02
2.844944205135107110e-02
2.839664556086063385e-02
2.834672629833221574e-02
2.829638198018074105e-02
2.824723906815052032e-02
2.819699011743068834e-02
2.814630009233951707e-02
2.809769567102193832e-02
2.804742064327001710e-02
2.799850907176732948e-02
2.795015648007392883e-02
2.790179755538702011e-02
2.785173505544662545e-02
2.780377995222806792e-02
2.775506936013698647e-02
2.770746257156133513e-02
2.765974737703800340e-02
2.761194650083780358e-02
2.756706159561872482e-02
2.752064391970634322e-02
2.747031357139349123e-02
2.742376923561096191e-02
2.737681213766336372e-02
2.733036689460277557e-02
2.728352565318346162e-02
2.723827604204416206e-02
2.719117980450391769e-02
2.714595347642898698e-02
2.710052784532308509e-02
2.705771997570991655e-02
2.701018694788217406e-02
2.696415130048990250e-02
2.691947072744369646e-02
2.687483392655849387e-02
2.682943642139434814e-02
2.678614649921655724e-02
2.674149982631206582e-02
2.669722381979227135e-02
2.665544748306274483e-02
2.660965695977211137e-02
2.656770870089530945e-02
2.652210164815187524e-02
2.647875696420669625e-02
2.643507551401853492e-02
2.639213167130947252e-02
2.634985353797674248e-02
2.630799002945423057e-02
2.626498267054557662e-02
2.622214760631322999e-02
2.618028130382299423e-02
2.613881155848503043e-02
2.610216252505779405e-02
2.605520207434892585e-02
2.601223718374967575e-02
2.597111742943525314e-02
2.593308445066213469e-02
2.588913869112730026e-02
2.585247848182916502e-02
2.580973897129297187e-02
2.576668988913297792e-02
2.572729364037513664e-02
2.568553537130355974e-02
2.564545646309852531e-02
2.560636587440967560e-02
2.556511592119932105e-02
2.552543822675943513e-02
2.548628840595483849e-02
2.544742356985807419e-02
2.540785446763038635e-02
2.536801509559154580e-02
2.532896660268306802e-02
2.529243007302284241e-02
2.525230292230844567e-02
2.521178536117076735e-02
2.517693899571895461e-02
2.513599675148725510e-02
2.510061375796794961e-02
2.505962699651718278e-02
2.502552941441536088e-02
2.498333919793367316e-02
2.494620028883218904e-02
2.490846924483776023e-02
2.487226314842700889e-02
2.483403179794550081e-02
2.479575034230947425e-02
2.475964762270450523e-02
2.472213972359895567e-02
2.468494474887848039e-02
2.464865874499082635e-02
2.461272217333316734e-02
2.457554489374160628e-02
2.453923448920249800e-02
2.450322601944208284e-02
2.446710430085658958e-02
2.443194296211004257e-02
2.439898159354925156e-02
2.436132933944463660e-02
2.432385031133890013e-02
2.428896371275186469e-02
2.425549309700727324e-02
2.421807050704955985e-02
2.418558429926633696e-02
2.414825931191444397e-02
2.411294206976890425e-02
2.407965436577796936e-02
2.404438331723213196e-02
2.400999255478382041e-02
2.397554591298103194e-02
2.394109908491372923e-02
2.390767838805913856e-02
2.387321759015321662e-02
2.383953835815191130e-02
2.380540836602449556e-02
2.377243172377347877e-02
2.374015282839536667e-02
2.370483819395303657e-02
2.367241661995649407e-02
2.363847065716982027e-02
2.360603865236043930e-02
2.357173338532447815e-02
2.353847101330757211e-02
2.350615672767162462e-02
2.347469031810760567e-02
2.344117183238268037e-02
2.340907659381628175e-02
2.337687611579895158e-02
2.334374412894248824e-02
2.331154234707355499e-02
2.328031565994024416e-02
2.324684560298919539e-02
2.321545630693435530e-02
2.318472303450107644e-02
2.315182182937860350e-02
2.312160544097423623e-02
2.309133764356374741e-02
2.305779680609703133e-02
2.302793059498071601e-02
2.299555800855159621e-02
2.296382319182157378e-02
2.293425183743238310e-02
2.290288265794515610e-02
2.287222631275653839e-02
2.284170910716056685e-02
2.281092945486307144e-02
2.278077881783246994e-02
2.275107279419898848e-02
2.272018399089574883e-02
2.268930133432149956e-02
2.265983074903488159e-02
2.262971084564924240e-02
2.260028012096881866e-02
2.257018517702817986e-02
2.254046853631734917e-02
2.251098845154047082e-02
2.248155307024717400e-02
2.245199307799339294e-02
2.242423333227634361e-02
2.239270135760307312e-02
2.236569132655858924e-02
2.233564835041761468e-02
2.230682857334613869e-02
2.227870579808950355e-02
2.224910855293273787e-02
2.221865952014923096e-02
2.219117432832717896e-02
2.216503787785768440e-02
2.213414870202541282e-02
2.210637554526329041e-02
2.207805979996919563e-02
2.205207236111163954e-02
2.202193439006805420e-02
2.199318334460258553e-02
2.196524757891893387e-02
2.193815018981695036e-02
2.191012855619191985e-02
2.188364025205373833e-02
2.185451518744230270e-02
2.182713262736797263e-02
2.180444188416004112e-02
2.177338451147079607e-02
2.174589838832616945e-02
2.171865738928318093e-02
2.169127948582172394e-02
2.166425753384828429e-02
2.163954023271798949e-02
2.161119841039180894e-02
2.158472687005996704e-02
2.155807781964540551e-02
2.153028808534145425e-02
2.150430008769035201e-02
2.147786915302276473e-02
2.145141754299402168e-02
2.142494879662990709e-02
2.139907609671354294e-02
2.137312348932027956e-02
2.134701255708932807e-02
2.132150679826736589e-02
2.129471097141504357e-02
2.126901615411043098e-02
2.124436292797327042e-02
2.121739424765110155e-02
2.119149286299943855e-02
2.116721142083406379e-02
2.114113792777061462e-02
2.111682351678609987e-02
2.109032142907380988e-02
2.106756195425987105e-02
2.104027662426233292e-02
2.101764697581529756e-02
2.099054977297782829e-02
2.096550669521093230e-02
2.094043660908937593e-02
2.091583963483572076e-02
2.089286260306835036e-02
2.086653299629688194e-02
2.084148321300744941e-02
2.081694882363081117e-02
2.079293355345725874e-02
2.076887208968401094e-02
2.074442822486162116e-02
2.072057314217090607e-02
2.069587428122758935e-02
2.067266982048749854e-02
2.064837254583835532e-02
2.062482163310051103e-02
2.060109954327344825e-02
2.057619132101535728e-02
2.055262755602598260e-02
2.052851803600787978e-02
2.050476372241973738e-02
2.048239838331937859e-02
2.045860998332500388e-02
2.043544296175241540e-02
2.041081767529249330e-02
2.038848083466291566e-02
2.036615759134292533e-02
2.034323234111070494e-02
2.031881250441074441e-02
2.029607351869344711e-02
2.027330268174409866e-02
2.025097440928220680e-02
2.022745199501514365e-02
2.020709346979856352e-02
2.018138021230697632e-02
2.015843857079744478e-02
2.013609390705823829e-02
2.011335585266351561e-02
2.009105198085308144e-02
2.006975132972001891e-02
2.004737015813589165e-02
2.002423722296953201e-02
2.000482361763715813e-02
1.998012810945510795e-02
1.995768360793590684e-02
1.993564460426568846e-02
1.991770006716251512e-02
1.989195775240659714e-02
1.987027395516633918e-02
1.984783969819545885e-02
1.982718221843242715e-02
1.980501022189855645e-02
1.978343538939952850e-02
1.976200304925441673e-02
1.974222157150506973e-02
1.971859112381935120e-02
1.969746649265289445e-02
1.967668570578098158e-02
1.965501103550195555e-02
1.963340360671281953e-02
1.961451731622219224e-02
1.959181670099496841e-02
1.957044564187526703e-02
1.954967286437749724e-02
1.953275520354509284e-02
1.950779613107442995e-02
1.948714386671781401e-02
1.946600973606109689e-02
1.944620031863451143e-02
1.942479554563760619e-02
1.940450631082057953e-02
1.938336752355098586e-02
1.936471704393625398e-02
1.934253126382827828e-02
1.932536847889423232e-02
1.930168848484754493e-02
1.928170155733823637e-02
1.926097795367241045e-02
1.924203503876924584e-02
1.922155898064374993e-02
1.920209676027297835e-02
1.918079126626253197e-02
1.916135475039482117e-02
1.914121210575103760e-02
1.912418231368064742e-02
1.910380264744162421e-02
1.908242497593164513e-02
1.906161624938249727e-02
1.904200417920947144e-02
1.902401866391301155e-02
1.900321990251541138e-02
1.898393481969833443e-02
1.896399464458227088e-02
1.894566724076867173e-02
1.892613908275962015e-02
1.890620002523064544e-02
1.888897223398089409e-02
1.886762473732233117e-02
1.884889677166938851e-02
1.883294880390167306e-02
1.881096158176660468e-02
1.879217000678181509e-02
1.877227434888482233e-02
1.875528926029801369e-02
1.873399661853909423e-02
1.871569752693176200e-02
1.869709240272641321e-02
1.867926139384508064e-02
1.865942785516381403e-02
1.864166753366589685e-02
1.862263828516006609e-02
1.860402086749672959e-02
1.858536321669817040e-02
1.856888895854353835e-02
1.854922445490956445e-02
1.853009676560759406e-02
1.851253770291805267e-02
1.849346803501248498e-02
1.847636159509420326e-02
1.845736512914299826e-02
1.843956988304853301e-02
1.842103805392980576e-02
1.840312443673610548e-02
1.838499251753091673e-02
1.836768593639135499e-02
1.834978405386209627e-02
1.833446621894836356e-02
1.831419114023447037e-02
1.829623552039265702e-02
1.827821219339966635e-02
1.826086472719907691e-02
1.824315208941697936e-02
1.822492275387048791e-02
1.820765035226941039e-02
1.818965477868914743e-02
1.817221641540527413e-02
1.815494243055582047e-02
1.813791273161768913e-02
1.812054151669144700e-02
1.810506908223032813e-02
1.808622926473617623e-02
1.806883802637457986e-02
1.805108608677983423e-02
1.803625905886292388e-02
1.801921632140874793e-02
1.800104202702641418e-02
1.798461582511663368e-02
1.796641033142805030e-02
1.794888712465763161e-02
1.793217118829488685e-02
1.791553376242518286e-02
1.789919137954711775e-02
1.788172191008925369e-02
1.786513738334178855e-02
1.784946434199809889e-02
1.783186970278620789e-02
1.781534468755125930e-02
1.779821673408150604e-02
1.778221158310771058e-02
1.776892058551311424e-02
1.774882515892386298e-02
1.773443771526217461e-02
1.771630831062793662e-02
1.769999507814645767e-02
1.768641201779246400e-02
1.766791408881545136e-02
1.765243411064148019e-02
1.763577954843640466e-02
1.761879166588187218e-02
1.760263442993164132e-02
1.758698206394910743e-02
1.757119558751583238e-02
1.755479751154780457e-02
1.753854500129818986e-02
1.752274828031659057e-02
1.750676678493618896e-02
1.749125141650438239e-02
1.747563974931836198e-02
1.745871696621179719e-02
1.744387727230787416e-02
1.742786886170506408e-02
1.741268839687109063e-02
1.739634023979306360e-02
1.738177370280027251e-02
1.736604468896985054e-02
1.735055800527334283e-02
1.733511500060558319e-02
1.731843808665871690e-02
1.730342637747526308e-02
1.728896433487534662e-02
1.727253375574946265e-02
1.725812721997499466e-02
1.724182646721601417e-02
1.722691580653190613e-02
1.721269758418202470e-02
1.719600073993205955e-02
1.718076718971133302e-02
1.716710971668362548e-02
1.715112822130322387e-02
1.713615767657756736e-02
1.712150983512401511e-02
1.710863430052995612e-02
1.709138136357069016e-02
1.707526799291372160e-02
1.706187790259718756e-02
1.704653743654489448e-02
1.703352369368076394e-02
1.701706042513251305e-02
1.700397422537207673e-02
1.698803855106234550e-02
1.697386680170893600e-02
1.695810267701745172e-02
1.694347932934760909e-02
1.692991312593221734e-02
1.691398806869983534e-02
1.690046871080994745e-02
1.688714260235428880e-02
1.687115095555782179e-02
1.685667093843221803e-02
1.684234896674752235e-02
1.682732924818992545e-02
1.681330548599362443e-02
1.680162986740469863e-02
1.678446810692548613e-02
1.677207443863153527e-02
1.675707921385765145e-02
1.674224780872464111e-02
1.672848146408796241e-02
1.671605277806520462e-02
1.670043943449854920e-02
1.668611075729131699e-02
1.667248820886015753e-02
1.665745638310909410e-02
1.664470592513680319e-02
1.663111876696348260e-02
1.661647967994213035e-02
1.660279221832752089e-02
1.658831769600510597e-02
1.657501049339771271e-02
1.656343098729849000e-02
1.654990483075380325e-02
1.653358442708850046e-02
1.651985626667738100e-02
1.650699554011225700e-02
1.649312963709235330e-02
1.647855369374156068e-02
1.646571969613432745e-02
1.645119078457355638e-02
1.643792260438203812e-02
1.642458206042647292e-02
1.641081133857369423e-02
1.639735875651240210e-02
1.638490548357367585e-02
1.637123664841055870e-02
1.635876791551709244e-02
1.634393008425831864e-02
1.633239937946200440e-02
1.631717747077345709e-02
1.630409564822912077e-02
1.629291530698537965e-02
1.627890430390834670e-02
1.626505116000771453e-02
1.625283882021904061e-02
1.623871559277176996e-02
1.622719094157219072e-02
1.621255194768309732e-02
1.619972875341773103e-02
1.618667123839259009e-02
1.617347085848450799e-02
1.616077302023768286e-02
1.614930108189582825e-02
1.613475857302546640e-02
1.612260593101382325e-02
1.610968168824911118e-02
1.609627241268753867e-02
1.608435362577438285e-02
1.607113378122448921e-02
1.605793293565511634e-02
1.604624008759856363e-02
1.603350266814231734e-02
1.602029604837298254e-02
1.600789437070488860e-02
1.599670955911278863e-02
1.598416138440370698e-02
1.596984621137380669e-02
1.595819350332021783e-02
1.594501351937651495e-02
1.593302926048636298e-02
1.592017589136958053e-02
1.590766422450542311e-02
1.589589910581707885e-02
1.588554773479700089e-02
1.587096694856882095e-02
1.585849858820438316e-02
1.584583315998315881e-02
1.583436923101544380e-02
1.582217756658792565e-02
1.580912023782730241e-02
1.579811582341790130e-02
1.578551894053816657e-02
1.577352695167064806e-02
1.576102105900645256e-02
1.574908848851919174e-02
1.573737952858209749e-02
1.572434594854712347e-02
1.571516972035169601e-02
1.570146838203072617e-02
1.568906260654330184e-02
1.567698027938604216e-02
1.566538223996758600e-02
1.565285017713904242e-02
1.564079280942678313e-02
1.562934713438153198e-02
1.561719672754406998e-02
1.560528390109539032e-02
1.559342565014958451e-02
1.558267576619982650e-02
1.557079823687672684e-02
1.555965626612305572e-02
1.554747959598898853e-02
1.553696645423769881e-02
1.552362795919179882e-02
1.551274266093969310e-02
1.550056636333465611e-02
1.548924045637250016e-02
1.547907069325447048e-02
1.546571487560868298e-02
1.545402808114886353e-02
1.544281700626015663e-02
1.543125333264470066e-02
1.541965631768107449e-02
1.540967244654893945e-02
1.539984690025448730e-02
1.538641331717371941e-02
1.537472372874617611e-02
1.536297993734478916e-02
1.535259811207652023e-02
1.534131905063986813e-02
1.532914377748966286e-02
1.531831938773393562e-02
1.530712945386767353e-02
1.529565285891294410e-02
1.528463140130043030e-02
1.527409022673964500e-02
1.526288799941539695e-02
1.525121778249740635e-02
1.524065453559160163e-02
1.522895470261573757e-02
1.521806195378303493e-02
1.520694643259048497e-02
1.519962502643465961e-02
1.518585579469799995e-02
1.517421072348952224e-02
1.516312537714839016e-02
1.515293484553694760e-02
1.514252535998821328e-02
1.513111321255564655e-02
1.511989142745733330e-02
1.510872365906834602e-02
1.509772855788469280e-02
1.508728032931685482e-02
1.507629500702023506e-02
1.506721479818224838e-02
1.505467733368277480e-02
1.504646576941013301e-02
1.503481520339846646e-02
1.502242488786578213e-02
1.501572085544466972e-02
1.500251349061727454e-02
1.499117668718099629e-02
1.498021865263581345e-02
1.497033704072237015e-02
1.495991786941885948e-02
1.495040152221918141e-02
1.494021806865930557e-02
1.492833066731691360e-02
1.491804206743836334e-02
1.490684533491730759e-02
1.489815544337034191e-02
1.488631619140505860e-02
1.487568318843841483e-02
1.486536189913749764e-02
1.485536498948931625e-02
1.484518395736813580e-02
1.483415495604276622e-02
1.482439581304788659e-02
1.481521623209118912e-02
1.480403682217001915e-02
1.479324726387858460e-02
1.478292942047119106e-02
1.477317130193114315e-02
1.476266104727983440e-02
1.475229654461145470e-02
1.474274350330233643e-02
1.473220828920602729e-02
1.472463905811309884e-02
1.471202550455927814e-02
1.470273500308394432e-02
1.469187056645751034e-02
1.468558888882398605e-02
1.467169504612684215e-02
1.466219881549477543e-02
1.465315464884042740e-02
1.464261598885059287e-02
1.463263779878616264e-02
1.462260810658335720e-02
1.461279606446623872e-02
1.460227584466338227e-02
1.459251707419753109e-02
1.458282368257641723e-02
1.457229265943169559e-02
1.456283638253808022e-02
1.455580210313200951e-02
1.454501012340187957e-02
1.453370824456214939e-02
1.452399967238307034e-02
1.451565269380807911e-02
1.450458392500877415e-02
1.449468797072768142e-02
1.448532249778509105e-02
1.447627684101462399e-02
1.446626195684075356e-02
1.445854669436812470e-02
1.444742372259497608e-02
1.443778909742832184e-02
1.442740438506007195e-02
1.441854769363999297e-02
1.440806975588202442e-02
1.440102402120828698e-02
1.438966151326894795e-02
1.437984993681311677e-02
1.437041265890002216e-02
1.436062902212142944e-02
1.435176283121109009e-02
1.434477251023054054e-02
1.433320129290223052e-02
1.432345546782016685e-02
1.431502997875213658e-02
1.430433234199881588e-02
1.429692385718226398e-02
1.428571892902255093e-02
1.427732501178979874e-02
1.426737159490585292e-02
1.425855029374361108e-02
1.424910156056284974e-02
1.423942111432552338e-02
1.423085266724228790e-02
1.422177404165267910e-02
1.421323362737894093e-02
1.420410033315420116e-02
1.419631382450461422e-02
1.418453780934214592e-02
1.417505908757448266e-02
1.416674675419926643e-02
1.415685098618268967e-02
1.414847122505307267e-02
1.413903068751096691e-02
1.413009492680430447e-02
1.412177616730332305e-02
1.411212868988514016e-02
1.410375842824578355e-02
1.409474005922675167e-02
1.408541398122906650e-02
1.407611155882477691e-02
1.406760700047016144e-02
1.405917424708604847e-02
1.405284497886896168e-02
1.404073452576994931e-02
1.403154563158750569e-02
1.402370473369956086e-02
1.401430517435073818e-02
1.400565477088093827e-02
1.399705046787858009e-02
1.398737858980894123e-02
1.397847114130854572e-02
1.396993948146700928e-02
1.396284950897097588e-02
1.395631413906812598e-02
1.394361639395356144e-02
1.393622774630784954e-02
1.392646264284849202e-02
1.391849564388394390e-02
1.390849677845835616e-02
1.389999454841017723e-02
1.389125268906354904e-02
1.388329192996025016e-02
1.387450499460101197e-02
1.386677883565425907e-02
1.385711766779422829e-02
1.384934810921549866e-02
1.384120723232626880e-02
1.383446380496025120e-02
1.382290655747056042e-02
1.381456656381487881e-02
1.380816884338855778e-02
1.379895089194178512e-02
1.379001503810286557e-02
1.378070702776312828e-02
1.377213969826698338e-02
1.376386499032378197e-02
1.375550227239727939e-02
1.374893775209784508e-02
1.373913148418068851e-02
1.373063065111637150e-02
1.372176632285118138e-02
1.371522145345807110e-02
1.370501983910799026e-02
1.369709819555282523e-02
1.368897156789898942e-02
1.368142301216721500e-02
1.367207821458578040e-02
1.366409575566649402e-02
1.365622868761420285e-02
1.364811873063445126e-02
1.364148380234837463e-02
1.363265058025717701e-02
1.362388348206877708e-02
1.361476229503750732e-02
1.360644763335585629e-02
1.359877828508615494e-02
1.359036928042769467e-02
1.358330631628632511e-02
1.357391942292451859e-02
1.356641771271824802e-02
1.355836885049939086e-02
1.355003649368882214e-02
1.354156415909528802e-02
1.353374887257814338e-02
1.352688344195485115e-02
1.351789338514208794e-02
1.351015660911798408e-02
1.350279655307531392e-02
1.349507449194788967e-02
1.348691880702972481e-02
1.347796479240059853e-02
1.346963858231902192e-02
1.346325352787971531e-02
1.345605319365858997e-02
1.344738788902759621e-02
1.343838972970843280e-02
1.343267709016799857e-02
1.342235142365097965e-02
1.341628618538379634e-02
1.340714376419782639e-02
1.339964456856250832e-02
1.339250272139906953e-02
1.338315065950155223e-02
1.337556522339582513e-02
1.336763799190521240e-02
1.336010918021202087e-02
1.335219321772456239e-02
1.334530059248209034e-02
1.333663119003176620e-02
1.332921264693140949e-02
1.332169100642204354e-02
1.331421863287687336e-02
1.330734491348266671e-02
1.329814698547124828e-02
1.329273981973528793e-02
1.328410999849438667e-02
1.327566737309098313e-02
1.326800975948572159e-02
1.326129455119371379e-02
1.325282957404851948e-02
1.324644600972533191e-02
1.323708621785044635e-02
1.322991074994206429e-02
1.322314962744712899e-02
1.321531459689140320e-02
1.320830453187227249e-02
1.319968299940228393e-02
1.319255456328391994e-02
1.318710893392562901e-02
1.317942710593342746e-02
1.317267753183841775e-02
1.316565014421939780e-02
1.315555199980735814e-02
1.314876573160290649e-02
1.314087333157658646e-02
1.313297068700194394e-02
1.312652630731463502e-02
1.311774998903274606e-02
1.311174537986516987e-02
1.310470616444945301e-02
1.309630777686834370e-02
1.308896299451589584e-02
1.308169569820165704e-02
1.307411259040236473e-02
1.306801503524184296e-02
1.305906334891915321e-02
1.305312477052211761e-02
1.304634818807244231e-02
1.303824838250875438e-02
1.303056962788104976e-02
1.302430182695388759e-02
1.301628937944769929e-02
1.300895018503069912e-02
1.300160307437181473e-02
1.299525639042258332e-02
1.298794075846671989e-02
1.298182299360632966e-02
1.297365324571728672e-02
1.296551171690225532e-02
1.295885248109698330e-02
1.295214584097266128e-02
1.294640991836786340e-02
1.293719578534364631e-02
1.293084509670734336e-02
1.292348178103566204e-02
1.291657518595457077e-02
1.290948297828435967e-02
1.290267482399940456e-02
1.289491541683673859e-02
1.289012413471937214e-02
1.288092536851763795e-02
1.287431493401527439e-02
1.286740563809871639e-02
1.286021796986460720e-02
1.285347230732441018e-02
1.284607704728841712e-02
1.283952277153730358e-02
1.283235121518373420e-02
1.282540736719966004e-02
1.281838472932577203e-02
1.281168879941105808e-02
1.280616037547588348e-02
1.279985029250383342e-02
1.279075285419821809e-02
1.278522871434688638e-02
1.277735810726881097e-02
1.277017667889595101e-02
1.276422189548611676e-02
1.275621261447668076e-02
1.274969279766082798e-02
1.274379007518291508e-02
1.273679900914430688e-02
1.272969702258706058e-02
1.272340817376971245e-02
1.271752007305622031e-02
1.270912410691380466e-02
1.270206384360790183e-02
1.269880542531609535e-02
1.268905345350503956e-02
1.268231505528092350e-02
1.267679613083600929e-02
1.266992678865790437e-02
1.266276510432362556e-02
1.265530847012996674e-02
1.264932407066226075e-02
1.264479132369160722e-02
1.263535981997847626e-02
1.262956783175468375e-02
1.262243948876857688e-02
1.261624656617641414e-02
1.261012563481926987e-02
1.260315338149666821e-02
1.259856019169092178e-02
1.258893068879842793e-02
1.258308384567499195e-02
1.257635662332177127e-02
1.257089050486683880e-02
1.256295144557952916e-02
1.255694562569260528e-02
1.254980023950338398e-02
1.254470711573958328e-02
1.253694379702210461e-02
1.253063119947910378e-02
1.252470910549163818e-02
1.251756437122821843e-02
1.251206137239932979e-02
1.250512804836034775e-02
1.249855086207389901e-02
1.249460447579622303e-02
1.248578038066625560e-02
1.247906079515814781e-02
1.247293464839458431e-02
1.246615005657076766e-02
1.246054125949740479e-02
1.245508026331663097e-02
1.244718302041292191e-02
1.244086101651191781e-02
1.243643397465348313e-02
1.242767851799726417e-02
1.242201635614037514e-02
1.241562487557530334e-02
1.241047987714409898e-02
1.240391340106725658e-02
1.239661881700158085e-02
1.239004954695701634e-02
1.238390747457742726e-02
1.237794328480958973e-02
1.237162426114082371e-02
1.236579082906246255e-02
1.236067628487944568e-02
1.235310165211558377e-02
1.234652996063232387e-02
1.234133532270789181e-02
1.233421424403786590e-02
1.232825946062803338e-02
1.232420802116394008e-02
1.231603473424911464e-02
1.230958299711346592e-02
1.230412442237138748e-02
1.229690993204712868e-02
1.229098550975322654e-02
1.228687809780240094e-02
1.227999087423086236e-02
1.227365275844931672e-02
1.226586690172553132e-02
1.225992711260914803e-02
1.225374042987823452e-02
1.224802685901522567e-02
1.224191812798380852e-02
1.223584972321987117e-02
1.223050979897379910e-02
1.222471492365002563e-02
1.221774853765964473e-02
1.221243301406502689e-02
1.220759972929954564e-02
1.220012130215764046e-02
1.219411864876747062e-02
1.218821313232183387e-02
1.218176335096359322e-02
1.217647949233651231e-02
1.216954030096530949e-02
1.216466622427105938e-02
1.215854063630104030e-02
1.215412328019738197e-02
1.214816821739077637e-02
1.214029975235462154e-02
1.213475307449698483e-02
1.212997995316982339e-02
1.212329370900988579e-02
1.211706586182117497e-02
1.211115065962076187e-02
1.210486982017755508e-02
1.210050750523805618e-02
1.209400063380599091e-02
1.208709543570876156e-02
1.208386588841676643e-02
1.207603933289647102e-02
1.207027174532413448e-02
1.206466341391205718e-02
1.205748599022626877e-02
1.205270905047655175e-02
1.204839479178190266e-02
1.204065745696425438e-02
1.203521396964788402e-02
1.202921420335769688e-02
1.202335031703114475e-02
1.201836736872792175e-02
1.201304243877530063e-02
1.200674846768379211e-02
1.200002254918217624e-02
1.199622070416808163e-02
1.198874274268746376e-02
1.198367755860090325e-02
1.197755411267280648e-02
1.197151411324739491e-02
1.196589004248380626e-02
1.196120567619800637e-02
1.195439901202917030e-02
1.194861996918916702e-02
1.194329028949141572e-02
1.193836843594908714e-02
1.193298008292913506e-02
1.192663880065083538e-02
1.192029239609837532e-02
1.191591266542673180e-02
1.190941641107201576e-02
1.190350176766514709e-02
1.189909521490335395e-02
1.189276063814759254e-02
1.188718508929014275e-02
1.188177615404129028e-02
1.187639525160193513e-02
1.187096619978547131e-02
1.186490757390856743e-02
1.185924299061298301e-02
1.185341859236359666e-02
1.184872519224882195e-02
1.184365963563322952e-02
1.183857815340161324e-02
1.183153595775365829e-02
1.182664027437567780e-02
1.182048767805099487e-02
1.181610794737935136e-02
1.180997397750616074e-02
1.180464513599872520e-02
1.180090904235839809e-02
1.179437888786196743e-02
1.178908264264464344e-02
1.178234713152051007e-02
1.177680976688861778e-02
1.177156530320644379e-02
1.176716964691877296e-02
1.176044959574937786e-02
1.175540806725621293e-02
1.175091834738850594e-02
1.174446027725934913e-02
1.173870889469981124e-02
1.173466201871633564e-02
1.172852087765932118e-02
1.172297904267907177e-02
1.171754226088523795e-02
1.171253398060798610e-02
1.170693356543779304e-02
1.170329172164201806e-02
1.169981872662901809e-02
1.169074689969420468e-02
1.168630346655845711e-02
1.168020898476243054e-02
1.167556149885058334e-02
1.166991489008068969e-02
1.166427303105592797e-02
1.165928300470113824e-02
1.165404859930276905e-02
1.164831286296248367e-02
1.164343040436506202e-02
1.163774048909544875e-02
1.163375154137611354e-02
1.162750190123915638e-02
1.162311751395463978e-02
1.161823486909270217e-02
1.161182885989546845e-02
1.160815181210637058e-02
1.160173527896404301e-02
1.159688150510191848e-02
1.159198414534330299e-02
1.158579597249627044e-02
1.158101372420787881e-02
1.157556846737861633e-02
1.157085038721561432e-02
1.156548252329230378e-02
1.155961882323026588e-02
1.155537990853190353e-02
1.155008496716618607e-02
1.154498392716050113e-02
1.153896357864141534e-02
1.153447879478335450e-02
1.152908513322472607e-02
1.152395904064178536e-02
1.152093661949038506e-02
1.151375137269496952e-02
1.150910081341862713e-02
1.150374375283718179e-02
1.150062065571546589e-02
1.149368304759263923e-02
1.148829646408557927e-02
1.148351812735199859e-02
1.147960983216762473e-02
1.147361872717738221e-02
1.146817952394485474e-02
1.146340547129511868e-02
1.145807150751352275e-02
1.145333042368292843e-02
1.144932582974433899e-02
1.144523555412888492e-02
1.144005851820111344e-02
1.143427900969982113e-02
1.142853302881121670e-02
1.142325699329376290e-02
1.141839772462844779e-02
1.141353510320186615e-02
1.140877921134233509e-02
1.140412474051117828e-02
1.139844981953501771e-02
1.139529878273606335e-02
1.139043392613530228e-02
1.138700777664780617e-02
1.137887230142950977e-02
1.137434747070074047e-02
1.137088313698768685e-02
1.136575154960155556e-02
1.135982805863022804e-02
1.135527659207582508e-02
1.134934052824974025e-02
1.134496117010712693e-02
1.133976541459560429e-02
1.133501632139086689e-02
1.133023463189601968e-02
1.132522439584135975e-02
1.132083637639880180e-02
1.131498664617538487e-02
1.131141781806945835e-02
1.130671482533216442e-02
1.130101131275296211e-02
1.129598664119839738e-02
1.129140490666031768e-02
1.128678740933537414e-02
1.128269182518124546e-02
1.127784634009003709e-02
1.127519682049751316e-02
1.126824123784899746e-02
1.126230554655194283e-02
1.126023354008793761e-02
1.125312503427267075e-02
1.125025684013962815e-02
1.124355355277657439e-02
1.123963026329874958e-02
1.123647838830947945e-02
1.122936094179749489e-02
1.122473562136292423e-02
1.121989386156201432e-02
1.121505815535783768e-02
1.121039493009448086e-02
1.120616393163800274e-02
1.120077101513743470e-02
1.119643524289131234e-02
1.119139203801751067e-02
1.118711531162261928e-02
1.118265781551599537e-02
1.117755388841032947e-02
1.117336088791489636e-02
1.117013739421963622e-02
1.116373967379331519e-02
1.115893013775348663e-02
1.115526463836431434e-02
1.114988960325717995e-02
1.114488355815410579e-02
1.114070648327469826e-02
1.113675599917769363e-02
1.113161304965615273e-02
1.112801181152462890e-02
1.112401541322469677e-02
1.111755566671490669e-02
1.111373649910092284e-02
1.110831564292311634e-02
1.110379491001367569e-02
1.110032293945550919e-02
1.109428713098168338e-02
1.109068114310502937e-02
1.108579486608505214e-02
1.108102304860949551e-02
1.107697244733571972e-02
1.107247015461325715e-02
1.106726508587598835e-02
1.106455828994512558e-02
1.105866087600588729e-02
1.105391960591077874e-02
1.104955505579710041e-02
1.104481676593422820e-02
1.104001216590404580e-02
1.103556929156184266e-02
1.103134369477629627e-02
1.102680051699280774e-02
1.102209258824586938e-02
1.101765427738428046e-02
1.101347627118229831e-02
1.100856028497219051e-02
1.100418847054243122e-02
1.100023891776800121e-02
1.099523473531007801e-02
1.099066948518157005e-02
1.098697567358613084e-02
1.098271501250564983e-02
1.097847726196050575e-02
1.097396784462034702e-02
1.096955495886504581e-02
1.096487129107117688e-02
1.095989188179373811e-02
1.095647369511425565e-02
1.095161149278283189e-02
1.094713038764894009e-02
1.094245905987918308e-02
1.093914513476192986e-02
1.093399412930011819e-02
1.092950473539531196e-02
1.092610331252217258e-02
1.092218230478465488e-02
1.091709113679826225e-02
1.091311234049499070e-02
1.090720091015100549e-02
1.090306034311652218e-02
1.089850491844117711e-02
1.089619970880448784e-02
1.089018722996115685e-02
1.088671451434492995e-02
1.088248095475137164e-02
1.087820413522422314e-02
1.087437653914094006e-02
1.086883959360420739e-02
1.086511276662349701e-02
1.085987263359129359e-02
1.085603279061615398e-02
1.085132206790149177e-02
1.084902198053896462e-02
1.084391786716878449e-02
1.083846427500247990e-02
1.083474983461201260e-02
1.083102184347808396e-02
1.082618068903684616e-02
1.082165767438709666e-02
1.081791152246296475e-02
1.081327991560101544e-02
1.080921916291117599e-02
1.080586141906678642e-02
1.080203764140605892e-02
1.079904292710125516e-02
1.079174056649207999e-02
1.078771529719233478e-02
1.078369389288127457e-02
1.078027989715337788e-02
1.077597602270543610e-02
1.077102236449718406e-02
1.076779761351645028e-02
1.076305517926812172e-02
1.075830291956663201e-02
1.075495928525924648e-02
1.075039757415652275e-02
1.074648131616413524e-02
1.074186954647302593e-02
1.073813457041978767e-02
1.073514362797141006e-02
1.072977297008037567e-02
1.072519063018262386e-02
1.072100033052265575e-02
1.071757897734642098e-02
1.071312781423330342e-02
1.070968122221529518e-02
1.070612631738185848e-02
1.070051612332463195e-02
1.069655143655836617e-02
1.069250344298779999e-02
1.068861871026456287e-02
1.068468075245618785e-02
1.068188543431460892e-02
1.067613400518894161e-02
1.067335368134081364e-02
1.066834819503128563e-02
1.066375155933201382e-02
1.065987795591354440e-02
1.065671788528561523e-02
1.065214350819587708e-02
1.064932867884635891e-02
1.064349426887929370e-02
1.063949707895517349e-02
1.063494533300399746e-02
1.063121221959590842e-02
1.062869802117347683e-02
1.062670564278960297e-02
1.061996943317353691e-02
1.061534034088254010e-02
1.061123125255107949e-02
1.060875770635902847e-02
1.060384032316505874e-02
1.059982990846037795e-02
1.059752870351076195e-02
1.059323907829821075e-02
1.059006201103329659e-02
1.058440511114895274e-02
1.057953122071921860e-02
1.057582353241741727e-02
1.057124729268252815e-02
1.056731482967734372e-02
1.056487918831408059e-02
1.056119506247341598e-02
1.055702245794236729e-02
1.055307490751147305e-02
1.054834444075822796e-02
1.054395558312535251e-02
1.054101656191050972e-02
1.053671399131417274e-02
1.053264397196471656e-02
1.052986159920692513e-02
1.052511427551507985e-02
1.052185143344104221e-02
1.051728483289480175e-02
1.051254109479487012e-02
1.050946530885994365e-02
1.050533978268504073e-02
1.050177509896457230e-02
1.049720263108611107e-02
1.049350071698427166e-02
1.048999540507793496e-02
1.048563309013843606e-02
1.048318818211555446e-02
1.047933436930179561e-02
1.047535478137433598e-02
1.047064191661775147e-02
1.046841787174344028e-02
1.046289890073239838e-02
1.045996118336916039e-02
1.045470493845641544e-02
1.045137010514736106e-02
1.044899723492562736e-02
1.044309264980256523e-02
1.043984023854136432e-02
1.043596751987934182e-02
1.043210537172853912e-02
1.042838641442358528e-02
1.042555226013064384e-02
1.042346260510385036e-02
1.041772267781198094e-02
1.041373745538294246e-02
1.040908633731305565e-02
1.040533771738410065e-02
1.040191971696913242e-02
1.039943881332874333e-02
1.039506192319095135e-02
1.039103395305573940e-02
1.038647447712719510e-02
1.038402472622692620e-02
1.037964797578752076e-02
1.038006548769771983e-02
1.037216424010694096e-02
1.036778632551431725e-02
1.036441251635551383e-02
1.036047614179551671e-02
1.035752058960497449e-02
1.035320702940225636e-02
1.035232646390795742e-02
1.034612357616424526e-02
1.034244196489453316e-02
1.034091846086084877e-02
1.033430485986173118e-02
1.033205534331500461e-02
1.032711295410990680e-02
1.032383474521338974e-02
1.032039192505180766e-02
1.031769760884344508e-02
1.031331191770732368e-02
1.030882005579769611e-02
1.030505043454468285e-02
1.030233851633965969e-02
1.029964881017804076e-02
1.029382012784480979e-02
1.029073060490190948e-02
1.028741658665239742e-02
1.028352067805826664e-02
1.028014300391077995e-02
1.027746023610234295e-02
1.027244906872510841e-02
1.026874529197812150e-02
1.026879269629716804e-02
1.026130346581339767e-02
1.026037740521132911e-02
1.025421740487217868e-02
1.025071833282709122e-02
1.024837647564709117e-02
1.024349657818674972e-02
1.023917766287922929e-02
1.023623142391443322e-02
1.023241616785526206e-02
1.022900799289345672e-02
1.022558021359145676e-02
1.022226721979677642e-02
1.021830770187079872e-02
1.021526283584535053e-02
1.021195771172642673e-02
1.020786124281585286e-02
1.020449311472475598e-02
1.020030551590025460e-02
1.019680756144225597e-02
1.019508037716150214e-02
1.019064267165958881e-02
1.018618983216583798e-02
1.018341225571930443e-02
1.017927275970578228e-02
1.017592493444681098e-02
1.017283862456679414e-02
1.016980540007352864e-02
1.016575982794165611e-02
1.016372758895158802e-02
1.015988555736839841e-02
1.015457222238183056e-02
1.015435173176229035e-02
1.014785151928663219e-02
1.014349362812936271e-02
1.014131139963865211e-02
1.013927632011473248e-02
1.013466026633977855e-02
1.013097888790071011e-02
1.012675417587161064e-02
1.012560212984681129e-02
1.012072372250258888e-02
1.011746698059141567e-02
1.011376208625733818e-02
1.011031414382159745e-02
1.010664557106792996e-02
1.010389709845185315e-02
1.010079663246870110e-02
1.009536073543131421e-02
1.009193523786961963e-02
1.008924287743866513e-02
1.008684220723807777e-02
1.008331282064318588e-02
1.007839767262339557e-02
1.007676725275814464e-02
1.007305905222892831e-02
1.006857133470475708e-02
1.006474723108112881e-02
1.006168499588966370e-02
1.005797209218144486e-02
1.005521724000573228e-02
1.005085711367428337e-02
1.004779417999088729e-02
1.004478204995393718e-02
1.004104050807654892e-02
1.003826577216386864e-02
1.003551427274942433e-02
1.003209170885384013e-02
1.002763062715530430e-02
1.002544676885008812e-02
1.002138010226190021e-02
1.001784680411219562e-02
1.001367610879242386e-02
1.001093140803277493e-02
1.000778623856604134e-02
1.000402136705815827e-02
1.000036844052374328e-02
9.997044224292039871e-03
9.994436614215373646e-03
9.990465501323342670e-03
9.987322892993689277e-03
9.984717564657330166e-03
9.980629989877342831e-03
9.977977955713868141e-03
9.974182769656180642e-03
9.970637271180748940e-03
9.968328848481177937e-03
9.964542370289564480e-03
9.961328003555536270e-03
9.958382928743958473e-03
9.954580757766961358e-03
9.950557816773652683e-03
9.948352444916963230e-03
9.944191249087453582e-03
9.942145971581339142e-03
9.939069394022226334e-03
9.936492005363107421e-03
9.931455459445714604e-03
9.927881276234984051e-03
9.924950217828154911e-03
9.921720949932932854e-03
9.918028488755226135e-03
9.914584597572684635e-03
9.911524411290884712e-03
9.908777009695769050e-03
9.907184867188334465e-03
9.902606811374425541e-03
9.901752369478345264e-03
9.895657980814575802e-03
9.894445398822426449e-03
9.888865612447261463e-03
9.885254455730319370e-03
9.883290389552712440e-03
9.879175992682575486e-03
9.879179717972873948e-03
9.872526396065950394e-03
9.869372192770241997e-03
9.865938685834407806e-03
9.863741602748632778e-03
9.860299434512853969e-03
9.856494795531033776e-03
9.856179077178239128e-03
9.850315796211362579e-03
9.847935475409030220e-03
9.843918029218912125e-03
9.840529365465044281e-03
9.837875608354806900e-03
9.835057333111763347e-03
9.831396862864494324e-03
9.828682336956263282e-03
9.825445385649800648e-03
9.822877915576100002e-03
9.818981541320681919e-03
9.816822130233049393e-03
9.812671132385731090e-03
9.809053968638181686e-03
9.807138238102197647e-03
9.802638785913586617e-03
9.799778880551456711e-03
9.797103330492972981e-03
9.793326538056135872e-03
9.790504863485694625e-03
9.787069726735353123e-03
9.785359492525458336e-03
9.782223682850598595e-03
9.777694521471858718e-03
9.774901578202844013e-03
9.771287767216562878e-03
9.769564867019653667e-03
9.766682842746376644e-03
9.763531433418393829e-03
9.760136157274246563e-03
9.758403385058045040e-03
9.755341429263353001e-03
9.749939385801553032e-03
9.746714029461145401e-03
9.744233265519142845e-03
9.740225551649928787e-03
9.740589559078216900e-03
9.737393865361810424e-03
9.732215804979205478e-03
9.727747924625874260e-03
9.724938031286000512e-03
9.722119569778442730e-03
9.719530260190368046e-03
9.716215450316667904e-03
9.713023900985717773e-03
9.709510533139110305e-03
9.707710659131407044e-03
9.704028395935893406e-03
9.700392652302981117e-03
9.698149422183633198e-03
9.694470558315515518e-03
9.691762831062078129e-03
9.689546143636106751e-03
9.686817135661839745e-03
9.682649420574307789e-03
9.679997526109217904e-03
9.676412679255008698e-03
9.673008043318987587e-03
9.670412866398692131e-03
9.667502855882048954e-03
9.665475180372595093e-03
9.665045328438282360e-03
9.658339852467178605e-03
9.655908448621630669e-03
9.652700740844011307e-03
9.649187419563531529e-03
9.646077919751406410e-03
9.643138805404304764e-03
9.640807099640370109e-03
9.639653284102678646e-03
9.636080265045166363e-03
9.632469434291125038e-03
9.628215897828340183e-03
9.625768475234507821e-03
9.623674675822257996e-03
9.620730625465511929e-03
9.617846319451927792e-03
9.614136395975947033e-03
9.611086454242467880e-03
9.609429817646741173e-03
9.605017770081759193e-03
9.602317726239562382e-03
9.598684404045343746e-03
9.596695983782410275e-03
9.593723062425851128e-03
9.592485800385474465e-03
9.587085479870438923e-03
9.585323184728622783e-03
9.580698283389210007e-03
9.577887831255793571e-03
9.576227329671383598e-03
9.572219941765070308e-03
9.569424763321876179e-03
9.566916106268762848e-03
9.564448706805705677e-03
9.561778092756868103e-03
9.558729501441121448e-03
9.555548569187522281e-03
9.554663905873894691e-03
9.549943916499614022e-03
9.546333365142345775e-03
9.543149359524249684e-03
9.540986595675348889e-03
9.538778709247708668e-03
9.534656768664717674e-03
9.531937073916196823e-03
9.530727192759514202e-03
9.526110813021659504e-03
9.524534456431865692e-03
9.520052606239915241e-03
9.517181571573019375e-03
9.514800598844885479e-03
9.512285888195037148e-03
9.508969774469733932e-03
9.506558487191795609e-03
9.503206843510270466e-03
9.501214092597364685e-03
9.500134177505970348e-03
9.494842169806361545e-03
9.492953587323427894e-03
9.488538792356848023e-03
9.486231580376624714e-03
9.483098471537231705e-03
9.480038192123174667e-03
9.477486927062272679e-03
9.475480951368808052e-03
9.471807954832911144e-03
9.469407284632325519e-03
9.465886559337378242e-03
9.463771572336554180e-03
9.460941143333911202e-03
9.457600954920052788e-03
9.454947384074329636e-03
9.451893670484424331e-03
9.449980547651648174e-03
9.446716960519551884e-03
9.444706374779343605e-03
9.441425278782843850e-03
9.438811382278800705e-03
9.435858018696308483e-03
9.432487143203615448e-03
9.431374957785010338e-03
9.426472755149007537e-03
9.423902118578552853e-03
9.422701783478260040e-03
9.418532764539123275e-03
9.418451366946101536e-03
9.413064410910009644e-03
9.409839985892176628e-03
9.407697152346372951e-03
9.404686326161027649e-03
9.402081649750471809e-03
9.401758108288050045e-03
9.397419402375817299e-03
9.394588600844144127e-03
9.392116591334343303e-03
9.389944886788726547e-03
9.385732654482125542e-03
9.383503021672368397e-03
9.381169872358440659e-03
9.377204719930887569e-03
9.375415043905377388e-03
9.372657397761940956e-03
9.368807915598154415e-03
9.366281935945153583e-03
9.363782219588756214e-03
9.360973816365003239e-03
9.358270140364766815e-03
9.356054663658141396e-03
9.353106142953038216e-03
9.350263234227895043e-03
9.347442770376801491e-03
9.344921214506030083e-03
9.342416329309344639e-03
9.340139105916023254e-03
9.338188963010907867e-03
9.333491418510675083e-03
9.331030258908867142e-03
9.328187489882112243e-03
9.325549192726611397e-03
9.324603946879506111e-03
9.320689318701624176e-03
9.318053349852561604e-03
9.315414400771260955e-03
9.312883811071514736e-03
9.310965705662966468e-03
9.310113871470094074e-03
9.305001795291900288e-03
9.302239725366234432e-03
9.301531547680496476e-03
9.296741709113121380e-03
9.293664665892719529e-03
9.291153540834784855e-03
9.291232097893953323e-03
9.286171337589622238e-03
9.284242428839207043e-03
9.283363167196512916e-03
9.277453925460577705e-03
9.275690698996186950e-03
9.272531652823091247e-03
9.269500244408845555e-03
9.266854496672749519e-03
9.264880185946821819e-03
9.263685299083590161e-03
9.259319910779596069e-03
9.256419818848371159e-03
9.254940319806337357e-03
9.252213872969150543e-03
9.249337809160351406e-03
9.246291080489753983e-03
9.243329009041189454e-03
9.241173509508371353e-03
9.238008456304670074e-03
9.236188791692256234e-03
9.233345277607440948e-03
9.231676300987600586e-03
