9.751942310863453978e-02
6.185827054455116797e-02
5.070198720644209650e-02
2.756598721483505265e-02
3.376904540270667804e-02
1.538057431280756733e-02
1.340751412575995338e-02
1.268028814416333194e-02
6.124528490063446164e-03
7.998025507968466521e-03
3.522521980477992011e-03
2.561322018365919453e-03
2.463277789539659608e-03
1.271829329631666075e-03
9.549729813681485328e-04
1.086841054284313655e-03
6.071231973578392668e-04
4.312909540946203383e-04
1.263468369438565907e-03
2.410344456986517286e-04
5.054185376991701195e-04
1.578686197417582921e-04
1.108763447971802146e-04
2.586102786050557931e-04
1.444157457709140233e-04
1.800281885815768052e-04
1.134393905574604595e-04
1.281228074853767314e-04
1.052989013016663781e-04
1.004235856778276171e-04
8.613988650894652949e-05
8.022795215664756986e-05
7.050989364463456830e-05
6.942337101783359170e-05
5.426746263378715571e-05
8.266599186337385914e-05
5.487308936018776200e-05
5.864529147750012066e-05
5.020103232731929773e-05
4.631151086822644957e-05
4.317548965704802791e-05
3.915546665811377657e-05
3.999821266807324798e-05
3.421655049600014941e-05
4.296135244692312499e-05
3.309462871843825156e-05
3.955445432457060755e-05
3.385764951004824813e-05
3.259150327536957374e-05
3.100967771789395108e-05
2.925460750306538844e-05
2.775474595994241559e-05
2.620266774122483267e-05
3.292927076827536429e-05
2.442943928450394737e-05
3.025903710678802273e-05
2.611081713687585606e-05
2.555570643873554459e-05
2.454861603331534521e-05
2.418071555080013980e-05
2.256231844399061355e-05
2.719498519491641845e-05
2.095658562336577706e-05
2.691006381351794793e-05
2.314252624373710706e-05
2.243154520887240917e-05
2.187422113250779004e-05
2.014748176805315698e-05
2.085409745989778816e-05
1.838281742924433005e-05
1.920496101588204047e-05
1.570582657734931109e-05
2.137601942913865341e-05
1.320487697182771804e-05
1.971231881672458395e-05
1.358376529181707324e-05
1.845801343380973052e-05
1.744170204764627907e-05
1.722292948748587569e-05
1.635148814494801986e-05
1.600686027824844420e-05
1.468718219350453417e-05
1.372368808614606382e-05
1.265201837893161820e-05
1.072815654196719204e-05
1.350965276250391173e-05
9.545422671163124027e-06
1.202617770556252820e-05
7.543502258196100200e-06
1.223794296089052147e-05
9.201992331576050563e-06
1.197097213768791894e-05
1.079098093469420213e-05
1.084297840302374053e-05
1.019397921239349479e-05
1.033216191608749031e-05
8.439375336137063839e-06
1.051794264443482926e-05
8.310764370107802138e-06
9.919218587192987584e-06
8.341366944252679913e-06
8.181508893602196703e-06
7.748980525655846838e-06
9.097452351978367295e-06
5.436593975102833637e-06
8.643242201813943374e-06
5.698026351994691007e-06
8.488449662327213761e-06
7.249494651192957471e-06
7.807287695339761567e-06
7.923390796949053290e-06
7.036036435227946078e-06
7.569816023407972708e-06
7.020121997769873318e-06
6.980380339591261237e-06
6.411147239513584301e-06
6.659347678619465978e-06
4.269270486049925626e-06
7.338780352093465666e-06
4.618274328074650229e-06
6.551741461505411684e-06
6.420001552530476473e-06
6.467086700991183472e-06
5.075044860941714504e-06
6.734080558505850219e-06
5.336175437536615264e-06
6.091302926259818300e-06
5.986361383419979448e-06
5.890264142135360849e-06
5.624947642386235962e-06
5.729468475297043488e-06
5.184724198836770716e-06
5.741793419395432011e-06
4.179029188215969399e-06
6.557332050172640449e-06
4.465684094660588691e-06
5.600830177570914083e-06
5.060200221939206347e-06
5.123951813675027653e-06
5.140244322108310934e-06
5.134396367026580292e-06
5.411255357120202362e-06
4.132332138835518936e-06
5.936403471023140964e-06
4.517964272096685188e-06
5.160165725717400722e-06
5.035952969531187606e-06
4.798031378280597193e-06
5.104084853717530904e-06
4.892172648231373219e-06
5.072250922546471958e-06
4.668173258490475934e-06
5.476040312967796418e-06
3.794997557837727880e-06
5.791481374870975959e-06
4.043227393060002379e-06
5.144859261094496683e-06
5.013136722847030753e-06
4.966924143715870587e-06
5.122774584844217857e-06
5.199492847867996097e-06
4.279147498420909692e-06
5.293082682446980823e-06
4.169255638481461420e-06
4.768248561502448734e-06
4.861085127571359165e-06
4.963079507950348370e-06
4.905195714799657945e-06
5.106969810403211342e-06
4.113225061961881321e-06
5.450890571867540014e-06
4.199322675637913173e-06
4.696090494906951480e-06
4.659418105916824806e-06
5.356834462437790644e-06
4.017465980016359505e-06
4.967285586688979016e-06
4.813303595435910001e-06
4.888898987069868923e-06
4.883485748937823329e-06
4.857829817535025345e-06
4.709308820110921693e-06
5.056145635201452615e-06
4.014682516023981589e-06
5.321383198981406071e-06
4.448854745989608429e-06
4.584027225710518810e-06
4.562443215960532284e-06
4.489272893173027844e-06
4.610357848596758773e-06
4.403596480563661894e-06
5.022398856568462929e-06
4.331824922061954697e-06
4.432011649769442498e-06
4.414070614341816900e-06
4.270445576711247597e-06
4.374767902187178033e-06
3.943423858400446845e-06
4.549506687776852488e-06
3.023664484679181799e-06
4.474049038908777489e-06
3.527506265849786510e-06
4.470269051510670094e-06
4.046221816816188931e-06
