4.583333333333333570e+01
4.963888888888888573e+01
8.213888888888888573e+01
7.755555555555555713e+01
8.713888888888888573e+01
8.475000000000000000e+01
8.925000000000000000e+01
9.825000000000000000e+01
9.430555555555555713e+01
9.841666666666667140e+01
9.841666666666667140e+01
9.847222222222222854e+01
9.947222222222222854e+01
9.966666666666667140e+01
9.936111111111111427e+01
9.986111111111111427e+01
9.991666666666667140e+01
9.919444444444444287e+01
9.997222222222222854e+01
9.966666666666667140e+01
9.997222222222222854e+01
9.997222222222222854e+01
9.986111111111111427e+01
1.000000000000000000e+02
9.991666666666667140e+01
9.997222222222222854e+01
9.997222222222222854e+01
9.997222222222222854e+01
9.997222222222222854e+01
9.997222222222222854e+01
9.997222222222222854e+01
9.997222222222222854e+01
9.997222222222222854e+01
9.997222222222222854e+01
9.997222222222222854e+01
9.997222222222222854e+01
9.997222222222222854e+01
9.997222222222222854e+01
9.997222222222222854e+01
9.997222222222222854e+01
9.997222222222222854e+01
9.997222222222222854e+01
9.997222222222222854e+01
9.997222222222222854e+01
9.997222222222222854e+01
9.997222222222222854e+01
9.997222222222222854e+01
9.997222222222222854e+01
9.997222222222222854e+01
9.997222222222222854e+01
9.997222222222222854e+01
9.997222222222222854e+01
9.997222222222222854e+01
9.997222222222222854e+01
9.997222222222222854e+01
9.997222222222222854e+01
9.997222222222222854e+01
9.997222222222222854e+01
9.997222222222222854e+01
9.997222222222222854e+01
9.997222222222222854e+01
9.997222222222222854e+01
9.997222222222222854e+01
9.997222222222222854e+01
9.997222222222222854e+01
9.997222222222222854e+01
9.997222222222222854e+01
9.997222222222222854e+01
9.997222222222222854e+01
9.997222222222222854e+01
9.997222222222222854e+01
9.997222222222222854e+01
1.000000000000000000e+02
9.997222222222222854e+01
1.000000000000000000e+02
9.997222222222222854e+01
9.997222222222222854e+01
9.997222222222222854e+01
9.997222222222222854e+01
9.997222222222222854e+01
9.997222222222222854e+01
1.000000000000000000e+02
1.000000000000000000e+02
1.000000000000000000e+02
9.997222222222222854e+01
1.000000000000000000e+02
1.000000000000000000e+02
1.000000000000000000e+02
1.000000000000000000e+02
1.000000000000000000e+02
1.000000000000000000e+02
1.000000000000000000e+02
1.000000000000000000e+02
1.000000000000000000e+02
1.000000000000000000e+02
1.000000000000000000e+02
1.000000000000000000e+02
1.000000000000000000e+02
1.000000000000000000e+02
1.000000000000000000e+02
1.000000000000000000e+02
1.000000000000000000e+02
1.000000000000000000e+02
1.000000000000000000e+02
1.000000000000000000e+02
1.000000000000000000e+02
1.000000000000000000e+02
1.000000000000000000e+02
1.000000000000000000e+02
1.000000000000000000e+02
1.000000000000000000e+02
1.000000000000000000e+02
1.000000000000000000e+02
1.000000000000000000e+02
1.000000000000000000e+02
1.000000000000000000e+02
1.000000000000000000e+02
1.000000000000000000e+02
1.000000000000000000e+02
1.000000000000000000e+02
1.000000000000000000e+02
1.000000000000000000e+02
1.000000000000000000e+02
1.000000000000000000e+02
1.000000000000000000e+02
1.000000000000000000e+02
1.000000000000000000e+02
1.000000000000000000e+02
1.000000000000000000e+02
1.000000000000000000e+02
1.000000000000000000e+02
1.000000000000000000e+02
1.000000000000000000e+02
1.000000000000000000e+02
1.000000000000000000e+02
1.000000000000000000e+02
1.000000000000000000e+02
1.000000000000000000e+02
1.000000000000000000e+02
1.000000000000000000e+02
1.000000000000000000e+02
1.000000000000000000e+02
1.000000000000000000e+02
1.000000000000000000e+02
1.000000000000000000e+02
1.000000000000000000e+02
1.000000000000000000e+02
1.000000000000000000e+02
1.000000000000000000e+02
1.000000000000000000e+02
1.000000000000000000e+02
1.000000000000000000e+02
1.000000000000000000e+02
1.000000000000000000e+02
1.000000000000000000e+02
1.000000000000000000e+02
1.000000000000000000e+02
1.000000000000000000e+02
1.000000000000000000e+02
1.000000000000000000e+02
1.000000000000000000e+02
1.000000000000000000e+02
1.000000000000000000e+02
1.000000000000000000e+02
1.000000000000000000e+02
1.000000000000000000e+02
1.000000000000000000e+02
1.000000000000000000e+02
1.000000000000000000e+02
1.000000000000000000e+02
1.000000000000000000e+02
1.000000000000000000e+02
1.000000000000000000e+02
1.000000000000000000e+02
1.000000000000000000e+02
1.000000000000000000e+02
1.000000000000000000e+02
1.000000000000000000e+02
1.000000000000000000e+02
1.000000000000000000e+02
1.000000000000000000e+02
1.000000000000000000e+02
1.000000000000000000e+02
1.000000000000000000e+02
1.000000000000000000e+02
1.000000000000000000e+02
1.000000000000000000e+02
1.000000000000000000e+02
1.000000000000000000e+02
1.000000000000000000e+02
1.000000000000000000e+02
1.000000000000000000e+02
1.000000000000000000e+02
1.000000000000000000e+02
1.000000000000000000e+02
1.000000000000000000e+02
1.000000000000000000e+02
1.000000000000000000e+02
1.000000000000000000e+02
1.000000000000000000e+02
1.000000000000000000e+02
1.000000000000000000e+02
1.000000000000000000e+02
1.000000000000000000e+02
