6.145398779266212502e-02
4.925963211833193217e-02
2.631462135440145941e-02
3.487749864611609102e-02
1.529370380903803499e-02
1.193672610625294561e-02
1.336635752452712544e-02
5.144832504504411562e-03
7.937039157744791087e-03
2.844886110067930494e-03
1.362264615571291823e-03
1.979160324540013127e-03
7.856896465102711051e-04
4.845449599772046092e-04
8.722132392610124161e-04
3.946657182137389055e-04
2.789273206318348248e-04
3.735182077589936406e-04
1.991229787507038109e-04
1.703482863136658804e-04
1.490307640731100677e-04
1.186638857369279472e-04
2.850813218244016177e-04
9.215689332659495164e-05
2.075580158360610804e-04
1.005984790592331479e-04
1.604650561088230890e-04
1.186179180873407629e-04
1.070096499706361828e-04
9.872675030658214005e-05
9.396039667127539102e-05
8.494614483404960262e-05
1.060864780005076925e-04
7.321813508328840270e-05
1.583566924274693250e-04
8.451100420709077566e-05
1.059204625471706524e-04
8.800992534808669296e-05
8.572042930123055006e-05
8.706807641817640702e-05
8.072792434971120883e-05
9.624116021261182915e-05
6.738119511672155100e-05
1.072040409584171851e-04
6.331582009421067971e-05
9.866505051211263172e-05
8.091858813427959976e-05
8.036350478353707549e-05
7.836064474392780436e-05
7.550886976071822306e-05
7.396774689486674680e-05
7.132807411254547900e-05
9.713331027865339013e-05
5.764250769666940836e-05
8.665300523136792261e-05
7.088997897284974442e-05
6.963704712487856830e-05
6.785014435394002500e-05
6.987272124049312156e-05
6.505586473126563044e-05
8.640162802590375783e-05
6.046299804343324219e-05
8.600166201003383334e-05
7.220357052412192317e-05
7.137668614619219350e-05
7.162295714726674492e-05
6.757469274912205085e-05
7.090700486491424801e-05
6.477273633653761052e-05
6.966592670346813127e-05
5.827681437658634460e-05
7.855585217881977487e-05
3.689635017463340400e-05
7.272474388036865678e-05
4.782551945673937932e-05
6.865339085826915270e-05
6.539939088118428771e-05
6.458484412478283964e-05
6.251806866097265952e-05
6.101452185354104102e-05
5.683931433709499091e-05
5.368074312162273023e-05
5.066390257438777316e-05
4.423158379969348742e-05
5.577963342368598253e-05
2.364529786205142811e-05
5.046702180249249957e-05
2.947972542260059728e-05
5.061441695255161405e-05
3.892718731506881254e-05
5.006002979319524628e-05
4.579877674646187297e-05
4.620824702073443591e-05
4.437678421741673670e-05
4.500943019945679609e-05
3.795897733090917975e-05
4.563951154748627687e-05
3.753504717824538589e-05
4.183443595145591731e-05
3.746413927796603792e-05
3.649687841882379521e-05
3.489014240200838412e-05
4.185841337793143839e-05
1.805941416552100899e-05
3.896588714082532969e-05
2.562740149509706709e-05
3.854582165189705128e-05
3.387846275035231563e-05
3.673252553415558801e-05
3.757295469881270680e-05
3.396709706794465356e-05
3.711071397442331356e-05
3.452293930891476014e-05
3.564730541173129804e-05
3.227016871574389136e-05
3.570645928160019170e-05
1.964235540643249035e-05
3.907794878682782267e-05
2.393764469190232192e-05
3.505928174879900552e-05
3.484787210650007379e-05
3.547919136532311408e-05
2.881967401955615787e-05
3.697743020720631373e-05
3.017628134327302668e-05
3.431194028341269287e-05
3.399053380023003623e-05
3.385816587852146290e-05
3.268879600399369280e-05
3.363187376925045902e-05
3.071958148067260126e-05
3.469284419559510123e-05
2.524590232193092164e-05
3.896420533298534396e-05
2.750340588309753862e-05
3.253810527243629553e-05
3.123279628583293426e-05
3.142680685809506045e-05
3.228017235716491319e-05
3.216711223551310493e-05
3.467426051944508768e-05
2.679301918967988031e-05
3.796962339417820617e-05
2.886313378479552952e-05
3.376678759286287743e-05
3.297681749151863570e-05
3.240368947001024021e-05
3.406482310161897885e-05
3.320432677927996189e-05
3.463964198863399800e-05
3.240051582188433941e-05
3.823525459283708296e-05
2.642588476168702228e-05
4.042190929581267514e-05
2.854212152470796582e-05
3.623787104997204511e-05
3.564880018811276654e-05
3.604554327722622986e-05
3.637240074953058922e-05
3.828761979665703266e-05
3.139047092759846740e-05
3.894043072077027181e-05
3.081369275555243778e-05
3.526679616574029366e-05
3.605017437974390959e-05
3.692347606780847801e-05
3.684350882736817860e-05
3.852886241880505860e-05
3.112523378859815849e-05
4.048039227366583291e-05
3.178608834484569095e-05
3.537656370297754047e-05
3.522537083065008440e-05
3.944098267736231535e-05
3.026114213037562183e-05
3.694398940185134332e-05
3.581582930547480526e-05
3.629094269242359310e-05
3.580164208618577293e-05
3.584091265008735547e-05
3.374608079760176189e-05
3.672155385339153109e-05
2.932856210374413638e-05
3.843340427450519202e-05
3.252769080475922990e-05
3.334373833544903632e-05
3.304027788936675256e-05
3.237331476695958426e-05
3.308571710231996105e-05
3.179706539463946548e-05
3.543161313587715305e-05
3.181738234150729468e-05
3.271491712853420784e-05
3.321227636812384076e-05
3.251852389767912751e-05
3.368990032007942992e-05
3.106217816139880976e-05
3.610997677673694355e-05
2.427096344266801799e-05
3.529919049877534599e-05
2.894793875724640966e-05
3.536018123308057217e-05
3.285780948531905391e-05
3.325145797740719538e-05
