4.908333333333333570e+01
5.258333333333333570e+01
8.041666666666667140e+01
7.633333333333332860e+01
8.558333333333332860e+01
8.591666666666667140e+01
8.900000000000000000e+01
9.958333333333332860e+01
9.433333333333332860e+01
9.933333333333332860e+01
9.983333333333332860e+01
9.908333333333332860e+01
9.975000000000000000e+01
9.991666666666667140e+01
9.933333333333332860e+01
9.983333333333332860e+01
9.983333333333332860e+01
9.991666666666667140e+01
9.991666666666667140e+01
9.991666666666667140e+01
9.991666666666667140e+01
9.991666666666667140e+01
9.983333333333332860e+01
1.000000000000000000e+02
9.983333333333332860e+01
9.991666666666667140e+01
9.983333333333332860e+01
9.991666666666667140e+01
9.991666666666667140e+01
9.991666666666667140e+01
9.991666666666667140e+01
9.991666666666667140e+01
9.991666666666667140e+01
9.991666666666667140e+01
9.983333333333332860e+01
9.991666666666667140e+01
9.991666666666667140e+01
9.991666666666667140e+01
9.991666666666667140e+01
9.991666666666667140e+01
9.991666666666667140e+01
9.991666666666667140e+01
9.991666666666667140e+01
9.991666666666667140e+01
9.991666666666667140e+01
9.991666666666667140e+01
9.991666666666667140e+01
9.991666666666667140e+01
9.991666666666667140e+01
9.991666666666667140e+01
9.991666666666667140e+01
9.991666666666667140e+01
9.991666666666667140e+01
9.991666666666667140e+01
9.991666666666667140e+01
9.991666666666667140e+01
9.991666666666667140e+01
9.991666666666667140e+01
9.991666666666667140e+01
9.991666666666667140e+01
9.991666666666667140e+01
9.991666666666667140e+01
9.991666666666667140e+01
9.991666666666667140e+01
9.991666666666667140e+01
9.991666666666667140e+01
9.991666666666667140e+01
9.991666666666667140e+01
9.991666666666667140e+01
9.991666666666667140e+01
9.991666666666667140e+01
9.991666666666667140e+01
1.000000000000000000e+02
9.991666666666667140e+01
9.991666666666667140e+01
9.991666666666667140e+01
9.991666666666667140e+01
9.991666666666667140e+01
9.991666666666667140e+01
9.991666666666667140e+01
9.991666666666667140e+01
9.991666666666667140e+01
9.991666666666667140e+01
9.991666666666667140e+01
9.991666666666667140e+01
1.000000000000000000e+02
9.991666666666667140e+01
1.000000000000000000e+02
9.991666666666667140e+01
9.991666666666667140e+01
9.991666666666667140e+01
9.991666666666667140e+01
9.991666666666667140e+01
9.991666666666667140e+01
9.991666666666667140e+01
1.000000000000000000e+02
9.991666666666667140e+01
1.000000000000000000e+02
9.991666666666667140e+01
1.000000000000000000e+02
1.000000000000000000e+02
1.000000000000000000e+02
9.991666666666667140e+01
1.000000000000000000e+02
9.991666666666667140e+01
1.000000000000000000e+02
9.991666666666667140e+01
1.000000000000000000e+02
1.000000000000000000e+02
9.991666666666667140e+01
1.000000000000000000e+02
1.000000000000000000e+02
1.000000000000000000e+02
1.000000000000000000e+02
1.000000000000000000e+02
1.000000000000000000e+02
1.000000000000000000e+02
9.991666666666667140e+01
1.000000000000000000e+02
1.000000000000000000e+02
1.000000000000000000e+02
1.000000000000000000e+02
1.000000000000000000e+02
9.991666666666667140e+01
1.000000000000000000e+02
1.000000000000000000e+02
1.000000000000000000e+02
1.000000000000000000e+02
1.000000000000000000e+02
1.000000000000000000e+02
1.000000000000000000e+02
1.000000000000000000e+02
1.000000000000000000e+02
9.991666666666667140e+01
1.000000000000000000e+02
1.000000000000000000e+02
1.000000000000000000e+02
1.000000000000000000e+02
1.000000000000000000e+02
1.000000000000000000e+02
1.000000000000000000e+02
1.000000000000000000e+02
9.991666666666667140e+01
1.000000000000000000e+02
1.000000000000000000e+02
1.000000000000000000e+02
1.000000000000000000e+02
1.000000000000000000e+02
1.000000000000000000e+02
1.000000000000000000e+02
1.000000000000000000e+02
9.991666666666667140e+01
1.000000000000000000e+02
9.991666666666667140e+01
1.000000000000000000e+02
1.000000000000000000e+02
1.000000000000000000e+02
1.000000000000000000e+02
1.000000000000000000e+02
9.991666666666667140e+01
1.000000000000000000e+02
9.991666666666667140e+01
1.000000000000000000e+02
1.000000000000000000e+02
1.000000000000000000e+02
1.000000000000000000e+02
1.000000000000000000e+02
9.991666666666667140e+01
1.000000000000000000e+02
9.991666666666667140e+01
1.000000000000000000e+02
1.000000000000000000e+02
1.000000000000000000e+02
9.991666666666667140e+01
1.000000000000000000e+02
1.000000000000000000e+02
1.000000000000000000e+02
1.000000000000000000e+02
1.000000000000000000e+02
1.000000000000000000e+02
1.000000000000000000e+02
1.000000000000000000e+02
1.000000000000000000e+02
9.991666666666667140e+01
1.000000000000000000e+02
1.000000000000000000e+02
1.000000000000000000e+02
1.000000000000000000e+02
1.000000000000000000e+02
1.000000000000000000e+02
1.000000000000000000e+02
1.000000000000000000e+02
1.000000000000000000e+02
1.000000000000000000e+02
1.000000000000000000e+02
1.000000000000000000e+02
1.000000000000000000e+02
1.000000000000000000e+02
1.000000000000000000e+02
1.000000000000000000e+02
1.000000000000000000e+02
1.000000000000000000e+02
1.000000000000000000e+02
1.000000000000000000e+02
