1.000000000000000000e+02
9.666666666666668561e+01
7.555555555555555713e+01
5.777777777777776436e+01
4.111111111111110716e+01
3.333333333333333570e+01
3.388888888888889284e+01
2.388888888888889639e+01
1.944444444444444287e+01
2.666666666666666430e+01
1.888888888888888928e+01
1.888888888888889284e+01
1.666666666666666785e+01
2.555555555555555003e+01
1.555555555555555891e+01
2.777777777777777501e+01
1.666666666666666430e+01
1.666666666666666430e+01
1.722222222222222854e+01
1.777777777777777857e+01
2.222222222222222499e+01
