0.000000000000000000e+00
1.217161238900369424e+00
3.490138959819183206e+00
3.015733775677373885e+00
2.691244759197770620e+00
3.424674446093874280e+00
3.285145517318654118e+00
3.396015578689176806e+00
3.051343898756311290e+00
3.201080064641763201e+00
2.321841187949256646e+00
3.308549842092933790e+00
2.605786533235238345e+00
3.577478708457258350e+00
3.418660965693133047e+00
3.076527356636324040e+00
3.042903097250923672e+00
2.484519974999766401e+00
2.662419457233430098e+00
3.327154767626030463e+00
3.076527356636324040e+00
