0.000000000000000000e+00
6.666666666666667851e+00
1.911627837120583351e+01
1.651785416368722181e+01
1.474055462380177772e+01
1.875771446237125062e+01
1.799348304522405328e+01
1.860074338087022738e+01
1.671289884054591468e+01
1.753303759784389015e+01
1.271724793584399826e+01
1.812167381144455192e+01
1.427248064296125207e+01
1.959465787616488086e+01
1.872477727372523759e+01
1.685083432011455784e+01
1.666666666666667140e+01
1.360827634879543346e+01
1.458267194267410538e+01
1.822357718539636195e+01
1.685083432011455784e+01
