1.968661320209503129e+00
1.894307661056518599e+00
1.819476389884948642e+00
1.768555915355682462e+00
1.739155495166778476e+00
1.717778694629669145e+00
1.696945667266845703e+00
1.674602007865905851e+00
1.650326001644134566e+00
1.624045324325561479e+00
1.595737588405609086e+00
1.565427899360656738e+00
1.533208835124969527e+00
1.499184381961822465e+00
1.463602304458618164e+00
1.426680994033813432e+00
1.388701093196868852e+00
1.349997389316558882e+00
1.310837984085083008e+00
1.271504664421081454e+00
1.232263827323913485e+00
1.193305158615112216e+00
1.154817271232605025e+00
1.116946041584014893e+00
1.079839646816253662e+00
1.043592405319213823e+00
1.008299237489700406e+00
9.740421593189239058e-01
9.409091711044311745e-01
9.089137017726898193e-01
8.781630158424377219e-01
8.486497282981873003e-01
8.203715145587920921e-01
7.933919668197632058e-01
7.676667869091033936e-01
7.431912064552307351e-01
7.199266195297241433e-01
6.978446781635284646e-01
6.769057095050812212e-01
6.570831894874572532e-01
6.382900834083556907e-01
6.204853951930999756e-01
6.036502301692963091e-01
5.876881361007690874e-01
5.725752174854278342e-01
5.582605481147766557e-01
5.446986854076385498e-01
5.318212449550628884e-01
5.196176052093506303e-01
5.080303251743316650e-01
4.970251917839050293e-01
4.865714699029922707e-01
4.766138821840286144e-01
4.671408772468567117e-01
4.581265419721603505e-01
4.495236217975616677e-01
4.413236290216445701e-01
4.334990501403808705e-01
4.260136693716048972e-01
4.188750743865966575e-01
4.120334118604659923e-01
4.054792582988738792e-01
3.992100745439529641e-01
3.931943863630295022e-01
3.874279558658599854e-01
3.818796813488006814e-01
3.765641987323761208e-01
3.714397221803665272e-01
3.665108561515807994e-01
3.617668986320495828e-01
3.572071224451064952e-01
3.527885288000106589e-01
3.485429644584655540e-01
3.444365113973617554e-01
3.404751598834991344e-01
3.366378962993621937e-01
3.329313308000564353e-01
3.293430685997009166e-01
3.258747160434722900e-01
3.225001484155655129e-01
3.192401498556137196e-01
3.160711526870727539e-01
3.130004554986953735e-01
3.100180864334106667e-01
3.071116358041763306e-01
3.042968332767486683e-01
3.015541046857833640e-01
2.988860160112380981e-01
2.962814092636108509e-01
2.937581360340118519e-01
2.912874430418014304e-01
2.888809323310851940e-01
2.865337699651718251e-01
2.842470884323120006e-01
2.820114076137542614e-01
2.798234760761261208e-01
2.776887714862823486e-01
2.756037175655364768e-01
2.735658675432205422e-01
2.715700119733810425e-01
2.696117162704467773e-01
2.676968187093734519e-01
2.658240228891372570e-01
2.639841020107269176e-01
2.621856003999710194e-01
2.604186087846755981e-01
2.586876720190048329e-01
2.569797247648238914e-01
2.553184807300567516e-01
2.536723852157592995e-01
2.520637929439544789e-01
2.504795387387275807e-01
2.489255428314209040e-01
2.473963811993598882e-01
2.458898514509200994e-01
2.444074764847755377e-01
2.429491937160491999e-01
2.415124341845512335e-01
2.401010289788246266e-01
2.387094080448150524e-01
2.373376160860061757e-01
2.359840333461761530e-01
2.346525311470031849e-01
2.333363369107246399e-01
2.320414394140243586e-01
2.307596713304519709e-01
2.294970333576202282e-01
2.282497555017471424e-01
2.270183667540550121e-01
2.258047983050346375e-01
2.246030822396278270e-01
2.234124064445495716e-01
2.222435846924781799e-01
2.210814818739890997e-01
2.199364155530929565e-01
2.188018009066581837e-01
2.176830530166626032e-01
2.165707617998123280e-01
2.154706865549087524e-01
2.143865987658500616e-01
2.133088558912277222e-01
2.122443884611129872e-01
2.111880257725715637e-01
2.101449042558670155e-01
2.091093510389328003e-01
2.080813437700271551e-01
2.070649012923240773e-01
2.060567304491996710e-01
2.050610676407814137e-01
2.040657937526702825e-01
2.030837580561637989e-01
2.021092325448989868e-01
2.011417135596275385e-01
2.001848086714744512e-01
1.992314651608467213e-01
1.982885763049125616e-01
1.973491489887237438e-01
1.964183315634727423e-01
1.954930901527404674e-01
1.945743173360824640e-01
1.936639979481697138e-01
1.927580177783966009e-01
1.918610528111457936e-01
1.909654736518859863e-01
1.900777265429496876e-01
1.891960129141807556e-01
1.883204221725463812e-01
1.874489888548850902e-01
1.865824475884437506e-01
1.857201322913169805e-01
1.848625257611274664e-01
1.840140536427497808e-01
1.831690117716789357e-01
1.823257312178611644e-01
1.814885228872299139e-01
1.806550100445747375e-01
1.798275858163833618e-01
1.790016829967498724e-01
1.781811341643333435e-01
1.773683980107307323e-01
1.765558674931526073e-01
1.757466524839401134e-01
1.749421194195747431e-01
1.741425827145576533e-01
1.733447492122650035e-01
1.725570857524871826e-01
1.717629060149192810e-01
1.709770768880844172e-01
1.701954632997512706e-01
1.694150641560554504e-01
1.686422348022461049e-01
1.678680211305618175e-01
1.670998960733413585e-01
1.663352996110916138e-01
1.655736237764358632e-01
1.648148626089095958e-01
1.640578866004943903e-01
1.633074119687080439e-01
1.625526651740074047e-01
1.618050619959831293e-01
1.610653489828109686e-01
1.603242978453636169e-01
1.595852553844451793e-01
1.588501021265983637e-01
1.581166565418243297e-01
1.573847755789756775e-01
1.566589757800102289e-01
1.559344783425331005e-01
1.552183449268341175e-01
1.544963717460632324e-01
1.537805944681167603e-01
1.530679076910018976e-01
1.523582801222801153e-01
1.516519963741302379e-01
1.509443283081054743e-01
1.502424314618110712e-01
1.495411321520805359e-01
1.488468468189239613e-01
1.481499552726745494e-01
1.474597975611686707e-01
1.467704191803932134e-01
1.460848227143287659e-01
1.453985258936882075e-01
1.447183027863502558e-01
1.440420895814895630e-01
1.433623895049095098e-01
1.426882386207580511e-01
1.420175060629844666e-01
1.413508996367454640e-01
1.406837239861488398e-01
1.400210127234458868e-01
1.393608048558235279e-01
1.387058064341545049e-01
1.380513548851013128e-01
1.373931735754013173e-01
1.367429509758949224e-01
1.360958084464073126e-01
1.354522958397865184e-01
1.348071187734603826e-01
1.341689988970756475e-01
1.335301265120506231e-01
1.328955024480819591e-01
1.322627618908882030e-01
1.316378444433212169e-01
1.310057789087295532e-01
1.303834363818168751e-01
1.297608554363250677e-01
1.291432246565818731e-01
1.285239219665527399e-01
1.279102668166160472e-01
1.272988714277744349e-01
1.266927435994148199e-01
1.260847985744476263e-01
1.254834428429603688e-01
1.248803362250328064e-01
1.242831647396087646e-01
1.236923508346080836e-01
1.230980403721332606e-01
1.225052066147327423e-01
1.219215951859951019e-01
1.213336974382400457e-01
1.207535654306411688e-01
1.201722025871276855e-01
1.196004688739776556e-01
1.190209880471229525e-01
1.184509187936782781e-01
1.178821980953216608e-01
1.173166289925575284e-01
1.167537368834018763e-01
1.161917820572853088e-01
1.156334027647972079e-01
1.150814317166805323e-01
1.145272985100746210e-01
1.139777213335037287e-01
1.134313821792602567e-01
1.128892347216606112e-01
1.123500324785709353e-01
1.118092544376850100e-01
1.112698532640934018e-01
1.107383280992507990e-01
1.102077238261699732e-01
1.096792712807655307e-01
1.091535799205303192e-01
1.086325965821743067e-01
1.081117063760757419e-01
1.075961150228977176e-01
1.070808812975883456e-01
1.065719112753868159e-01
1.060621842741966275e-01
1.055542185902595548e-01
1.050513342022895841e-01
1.045510217547416659e-01
1.040527425706386511e-01
1.035584747791290228e-01
1.030669659376144409e-01
1.025818698108196259e-01
1.020898029208183316e-01
1.016067795455455752e-01
1.011247768998146113e-01
1.006486274302005740e-01
1.001722209155559568e-01
9.969475120306015015e-02
9.922520667314529974e-02
9.876010268926620206e-02
9.829315543174743652e-02
9.782763272523879727e-02
9.736841470003128329e-02
9.691366404294968206e-02
9.645936861634255011e-02
9.600707441568374911e-02
9.555502608418464661e-02
9.510961100459099093e-02
9.466330185532570440e-02
9.422919601202010831e-02
9.378660246729850214e-02
9.334737733006477634e-02
9.291564151644707281e-02
9.248472228646278936e-02
9.205448850989342291e-02
9.162967503070831854e-02
9.120578169822693426e-02
9.078206494450569153e-02
9.036964476108551303e-02
8.995129019021988470e-02
8.953711241483688910e-02
8.913035914301872809e-02
8.871838152408599576e-02
8.831367120146751959e-02
8.790992498397827426e-02
8.751100078225135248e-02
8.711160048842429837e-02
8.671770319342612943e-02
8.632349669933318814e-02
8.593222945928573331e-02
8.554491028189659119e-02
8.515795692801475525e-02
8.477487713098526279e-02
8.439409062266349515e-02
8.401823192834853571e-02
8.363870084285736362e-02
8.326839730143546781e-02
8.289477825164795477e-02
8.252237290143966952e-02
8.215675950050353726e-02
8.179208636283874512e-02
8.143193498253822882e-02
8.107463791966437738e-02
8.071387559175491333e-02
8.035774007439613897e-02
8.000406697392463407e-02
7.965393736958503723e-02
7.930747047066688538e-02
7.895922511816025335e-02
7.861946895718574524e-02
7.827491387724876126e-02
7.793409973382950384e-02
7.759735286235809604e-02
7.726596742868423184e-02
7.692809253931046087e-02
7.659908384084701538e-02
7.626988366246223450e-02
7.594084292650223056e-02
7.562243416905403692e-02
7.529720962047577182e-02
7.497594580054282865e-02
7.465899512171744745e-02
7.434205561876297552e-02
7.402790337800979614e-02
7.371854111552238187e-02
7.340841442346572598e-02
7.309710085391998846e-02
7.279440313577652255e-02
7.248878553509711942e-02
7.218583524227142889e-02
7.188891768455504816e-02
7.158790156245231628e-02
7.129209786653518954e-02
7.099762707948684137e-02
7.070699408650397977e-02
7.041449993848800104e-02
7.012767046689986905e-02
6.984514817595481595e-02
6.955480799078941900e-02
6.927423924207687378e-02
6.899339109659194391e-02
6.871192157268524170e-02
6.843600347638130466e-02
6.816207394003867548e-02
6.788807138800620478e-02
6.761673986911773127e-02
6.735302358865738470e-02
6.708006858825683871e-02
6.681334190070628565e-02
6.654661223292350491e-02
6.628325805068016607e-02
6.602102071046829501e-02
6.576442681252955835e-02
6.550377719104290286e-02
6.524799801409245092e-02
6.499100998044013422e-02
6.473972499370575506e-02
6.448858678340911588e-02
6.423866190016269684e-02
6.398992352187633792e-02
6.374415419995785315e-02
6.350076682865619937e-02
6.325621828436851779e-02
6.301561892032622736e-02
6.277570798993110934e-02
6.253712847828865606e-02
6.230173110961913924e-02
6.206893026828765730e-02
6.183246038854121884e-02
6.159916557371616225e-02
6.136810071766376357e-02
6.113878600299358507e-02
6.090971231460571428e-02
6.068235747516155520e-02
6.045752838253974637e-02
6.023277752101421217e-02
6.001296155154704770e-02
5.979011468589305600e-02
5.957056283950805387e-02
5.935417413711548129e-02
5.914005823433399200e-02
5.892197787761688232e-02
5.871437489986419678e-02
5.849501118063926697e-02
5.828976221382618089e-02
5.807738229632377486e-02
5.786466598510742188e-02
5.766712576150893887e-02
5.745918080210685869e-02
5.725049339234829227e-02
5.704758055508137027e-02
5.684282183647156039e-02
5.664276964962482175e-02
5.644687525928020200e-02
5.624616257846355716e-02
5.604883022606373111e-02
5.585461333394050459e-02
5.565985105931758881e-02
5.546608828008174619e-02
5.527454689145087918e-02
5.508343093097210069e-02
5.489634759724140028e-02
5.470717959105968198e-02
5.452275387942791263e-02
5.433254390954971036e-02
5.414963550865650038e-02
5.396481156349182406e-02
5.378420799970626970e-02
5.359994135797023496e-02
5.341974832117557526e-02
5.324101634323596954e-02
5.306295789778232852e-02
5.288681834936141690e-02
5.271010063588619371e-02
5.253501497209071835e-02
5.236524343490600586e-02
5.218755677342414717e-02
5.201709121465682845e-02
5.184724740684032440e-02
5.167715959250927110e-02
5.150944590568542342e-02
5.134099833667278567e-02
5.117377266287803650e-02
5.101020187139511386e-02
5.084498636424541335e-02
5.068055056035518369e-02
5.051971413195133209e-02
5.035719312727451186e-02
5.019793361425399503e-02
5.003641769289970259e-02
4.987810477614403049e-02
4.971942715346813063e-02
4.956415295600891113e-02
4.940831847488880157e-02
4.925913587212562422e-02
4.910157322883605679e-02
4.894734695553779741e-02
4.879738502204418460e-02
4.864103421568870267e-02
4.849288761615753313e-02
4.834203571081161638e-02
4.819413609802723070e-02
4.804860316216945371e-02
4.790006130933761874e-02
4.775482863187789639e-02
4.760828651487827162e-02
4.746338054537772855e-02
4.732063859701156339e-02
4.718037061393261233e-02
4.703567996621131619e-02
4.689570590853690824e-02
4.675692990422249118e-02
4.661701992154121399e-02
4.647806622087955614e-02
4.634070210158824921e-02
4.620258845388889452e-02
4.606815353035927096e-02
4.593229740858077725e-02
4.579662308096885820e-02
4.566204696893692155e-02
4.553072303533554216e-02
4.539782218635082106e-02
4.526609703898430009e-02
4.513936415314674655e-02
4.500699639320373396e-02
4.487579278647899766e-02
4.474982060492038727e-02
4.461900889873504639e-02
4.449325799942016602e-02
4.436523169279098233e-02
4.424109086394310136e-02
4.411560483276844025e-02
4.399142675101756772e-02
4.386676140129566054e-02
4.374404773116111894e-02
4.362241774797439436e-02
4.349969960749149045e-02
4.338092319667339464e-02
4.325933903455734392e-02
4.314096122980117659e-02
4.302052892744541446e-02
4.290206991136073789e-02
4.278484992682933530e-02
4.266740567982196808e-02
4.255178794264793257e-02
4.243603274226188937e-02
4.232090488076210161e-02
4.220718145370483398e-02
4.209208264946937700e-02
4.197905175387859483e-02
4.186785928905010362e-02
4.175549708306789537e-02
4.164311476051807404e-02
4.153144732117652893e-02
4.142362438142299652e-02
4.131161272525787215e-02
4.120708182454109469e-02
4.109666161239147048e-02
4.098645970225334167e-02
4.088305495679378510e-02
4.077207967638969699e-02
4.066552668809890470e-02
4.056436456739902219e-02
4.046016149222850938e-02
4.035084620118141452e-02
4.024751372635364255e-02
4.014487974345683913e-02
4.004268608987331113e-02
3.994105607271194319e-02
3.983688317239284654e-02
3.973612003028392792e-02
3.963514491915702542e-02
3.953355252742767056e-02
3.943816907703876634e-02
3.934039436280727109e-02
3.923914544284343858e-02
3.914192356169223647e-02
3.904109708964824399e-02
3.894494138658046584e-02
3.884729333221912523e-02
3.875297456979751726e-02
3.865539655089378357e-02
3.856096230447292328e-02
3.846558518707752367e-02
3.837153762578963956e-02
3.827836811542510709e-02
3.818401433527469913e-02
3.809148818254470825e-02
3.799954093992709975e-02
3.790721222758293429e-02
3.781674131751060208e-02
3.772504404187202592e-02
3.763733208179474016e-02
3.754403889179229459e-02
3.745481073856353482e-02
3.736862391233444075e-02
3.727770596742630005e-02
3.719066008925438205e-02
3.709983304142951827e-02
3.701355382800101956e-02
3.692627437412739078e-02
3.684031441807746748e-02
3.675689138472080369e-02
3.666983693838119646e-02
3.658256419003010074e-02
3.649830110371112685e-02
3.641309067606925826e-02
3.633283115923404555e-02
3.624605089426040372e-02
3.616312853991985460e-02
3.607953637838363925e-02
3.599727228283881864e-02
3.591451160609722415e-02
3.583389073610306064e-02
3.575250171124935011e-02
3.567409217357635220e-02
3.559106960892677307e-02
3.551024235785007338e-02
3.543336838483810564e-02
3.535279855132102828e-02
3.527348209172487259e-02
3.519485853612423082e-02
3.511588610708713670e-02
3.503786493092775345e-02
3.496163766831159730e-02
3.488550204783678194e-02
3.480657581239939014e-02
3.473100978881120404e-02
3.465542327612638335e-02
3.457926530390977721e-02
3.450363520532846728e-02
3.442865703254938126e-02
3.435281105339527130e-02
3.427970260381698470e-02
3.420487046241760254e-02
3.413156792521476746e-02
3.405796252191066464e-02
3.398608900606632510e-02
3.391609545797109881e-02
3.384263087064028064e-02
3.376856558024883548e-02
3.369836136698722839e-02
3.362666107714176039e-02
3.355567660182714324e-02
3.348454479128122607e-02
3.341418560594320436e-02
3.334366288036107878e-02
3.327435962855816026e-02
3.320490941405296326e-02
3.313558604568243166e-02
3.306718878448009630e-02
3.300184402614832202e-02
3.293237145990133424e-02
3.286347389221191267e-02
3.279487676918506345e-02
3.272811733186244826e-02
3.266108222305774689e-02
3.259384371340275088e-02
3.252830617129802426e-02
3.246287368237972537e-02
3.239624984562396864e-02
3.233162574470042905e-02
3.226500134915113310e-02
3.220610544085502486e-02
3.213707674294710021e-02
3.207202069461345673e-02
3.200774863362312178e-02
3.194571342319250246e-02
3.187964800745248656e-02
3.181683812290429791e-02
3.175471648573875705e-02
3.169232308864593228e-02
3.163028825074434142e-02
3.156702462583780427e-02
3.150657620280981203e-02
3.144322223961353024e-02
3.138355687260627885e-02
3.132367245852947513e-02
3.126065116375684877e-02
3.119925428181886604e-02
3.114134129136800905e-02
3.107964619994163513e-02
3.102036025375127723e-02
3.095937184989452223e-02
3.090047743171453476e-02
3.084195107221603463e-02
3.078413251787424226e-02
3.072513956576585631e-02
3.066578265279531340e-02
3.060761969536542754e-02
3.054949603974819322e-02
3.049296308308839867e-02
3.043526001274585863e-02
3.037952184677123954e-02
3.032187186181545258e-02
3.026391863822936942e-02
3.021000679582357476e-02
3.015402238816022873e-02
3.009817823767662118e-02
3.004058245569467614e-02
2.998495232313871245e-02
2.993008755147457192e-02
2.987383995205163817e-02
2.981971241533756117e-02
2.976516820490360260e-02
2.971247769892215729e-02
2.965689618140459130e-02
2.960677742958068778e-02
2.954876199364662309e-02
2.949688788503408363e-02
2.944183684885502000e-02
2.938963565975427628e-02
2.933726850897073676e-02
2.928362749516964098e-02
2.923101074993610451e-02
2.917918153107166429e-02
2.912734150886535714e-02
2.907573338598012924e-02
2.902376446872949670e-02
2.897282596677541733e-02
2.892119735479354789e-02
2.887072414159774780e-02
2.882066220045089583e-02
2.876923307776451180e-02
2.871959861367940833e-02
2.866858597844839165e-02
2.861887495964765549e-02
2.857371754944324632e-02
2.851872015744447847e-02
2.846989780664443970e-02
2.842155583202838828e-02
2.837242409586906294e-02
2.832241971045732637e-02
2.827766221016645570e-02
2.822536826133727889e-02
2.817906085401773383e-02
2.812875360250472953e-02
2.808266580104827950e-02
2.803691271692514489e-02
2.798879686743021081e-02
2.793856132775545190e-02
2.789291106164455344e-02
2.784470748156309128e-02
2.779797129333019118e-02
2.775180879980325768e-02
2.770547457039356301e-02
2.765851244330406328e-02
2.761272788047790597e-02
2.756668571382760863e-02
2.752054352313280244e-02
2.747560273855924676e-02
2.743133734911680152e-02
2.738721929490566323e-02
2.733919154852628569e-02
2.729505319148302009e-02
2.725251633673906465e-02
2.720584925264120033e-02
2.716081757098436425e-02
2.711756397038698335e-02
2.707479763776064058e-02
2.702992241829633643e-02
2.698553707450628350e-02
2.694244608283042838e-02
2.689756732434034348e-02
2.685545049607753615e-02
2.681162487715482712e-02
2.677187900990247657e-02
2.672645784914493700e-02
2.668312098830938339e-02
2.664362154901027749e-02
2.659810669720173021e-02
2.655689958482980798e-02
2.651676274836063316e-02
2.647231593728065560e-02
2.643443085253238678e-02
2.638847120106220176e-02
2.634953819215297630e-02
2.631136104464531014e-02
2.626524139195680549e-02
2.622398305684327940e-02
2.618369664996862342e-02
2.614355497062206130e-02
2.610529121011495590e-02
2.606262341141700814e-02
2.602145466953515937e-02
2.598264105617999892e-02
2.594230696558952332e-02
2.590443640947341988e-02
2.586284149438142915e-02
2.582368608564138482e-02
2.578387204557657311e-02
2.574427034705877373e-02
2.570506781339645247e-02
2.566583976149559160e-02
2.562762740999460082e-02
2.559017445892095705e-02
2.554971668869256834e-02
2.551341634243726661e-02
2.547284625470638136e-02
2.543461974710226059e-02
2.539771422743797302e-02
2.535978481173515459e-02
2.532079927623271873e-02
2.528460212051868508e-02
2.524666134268045356e-02
2.520885542035102705e-02
2.517265602946281572e-02
2.513564378023147583e-02
2.509688772261142731e-02
2.506053503602743288e-02
2.502401787787675996e-02
2.498719878494739394e-02
2.495045177638530870e-02
2.491408586502075195e-02
2.487970553338527541e-02
2.484216503798961778e-02
2.480693869292736192e-02
2.477023452520370553e-02
2.473416589200496535e-02
2.469841800630092482e-02
2.466292772442102432e-02
2.462896816432475974e-02
2.459530103951692442e-02
2.455864511430263381e-02
2.452279292047023634e-02
2.448767870664596627e-02
2.445241902023553848e-02
2.442047894001007219e-02
2.438444383442401817e-02
2.435164917260408332e-02
2.431514076888561388e-02
2.428042218089103768e-02
2.424569819122552802e-02
2.421272713690996239e-02
2.417763303965330193e-02
2.414498850703239441e-02
2.411088291555642943e-02
2.407637406140565942e-02
2.404390610754490037e-02
2.401117403060197900e-02
2.397688142955303053e-02
2.394408546388149261e-02
2.391140945255756239e-02
2.387844379991293023e-02
2.384634204208850930e-02
2.381282094866037438e-02
2.377998549491167068e-02
2.374711409211158891e-02
2.371704485267400742e-02
2.368290610611438821e-02
2.365025281906128068e-02
2.361820098012685706e-02
2.358622644096613000e-02
2.355634197592735429e-02
2.352326363325119019e-02
2.349134366959333350e-02
2.346117012202739854e-02
2.342964187264442305e-02
2.339683547616005013e-02
2.336577847599983354e-02
2.333383467048406532e-02
2.330281920731067796e-02
2.327240500599146028e-02
2.324142567813396523e-02
2.321012802422046592e-02
2.317927498370409012e-02
2.314891144633293013e-02
2.311860658228397439e-02
2.308811619877815247e-02
2.305757850408553938e-02
2.302733827382326057e-02
2.299855072051286767e-02
2.297081835567951064e-02
2.293770555406808923e-02
2.290798444300889969e-02
2.287855111062526633e-02
2.284872774034738679e-02
2.281950507313013077e-02
2.278912551701068809e-02
2.276074904948472907e-02
2.273125145584344725e-02
2.270148340612649848e-02
2.267468944191932539e-02
2.264573983848094940e-02
2.261492908000945976e-02
2.258798349648714204e-02
2.255729008466005395e-02
2.253006901592016081e-02
2.250092830508947442e-02
2.247299123555421968e-02
2.244199365377426078e-02
2.241362538188695908e-02
2.238587345927953859e-02
2.235840596258640428e-02
2.233014944940805296e-02
2.230349127203225951e-02
2.227351907640695572e-02
2.224610522389412065e-02
2.221958264708518913e-02
2.219080235809087892e-02
2.216206286102533410e-02
2.213627640157938073e-02
2.210902813822030952e-02
2.208222914487123489e-02
2.205335274338722160e-02
2.202788628637790749e-02
2.199889700859785149e-02
2.197347078472376009e-02
2.194546908140182495e-02
2.191897574812173843e-02
2.189165595918893953e-02
2.186625171452760696e-02
2.183878291398286958e-02
2.181428559124469826e-02
2.178730983287096093e-02
2.176045477390289168e-02
2.173221539705991884e-02
2.170677278190851281e-02
2.168063614517450402e-02
2.165484186261892180e-02
2.162838373333215644e-02
2.160248514264822076e-02
2.157637141644954543e-02
2.155172266066074371e-02
2.152460385113954405e-02
2.149912174791097572e-02
2.147375680506229470e-02
2.144931722432374954e-02
2.142372000962495734e-02
2.139725163578987122e-02
2.137318588793277879e-02
2.134717069566249847e-02
2.132205199450254440e-02
2.129870411008596282e-02
2.127244304865598748e-02
2.124830279499292235e-02
2.122327405959367752e-02
2.119712214916944643e-02
2.117371000349521637e-02
2.114889994263648848e-02
2.112436350435018678e-02
2.109879255294799805e-02
2.107489686459302833e-02
2.105255983769893646e-02
2.102661635726690154e-02
2.100292947143316338e-02
2.097985614091157913e-02
2.095299102365970681e-02
2.093028035014867644e-02
2.090563047677278588e-02
2.088235523551702430e-02
2.085864823311567307e-02
2.083461172878742218e-02
2.081081364303827286e-02
2.078782916069030900e-02
2.076694164425134728e-02
2.073972690850496223e-02
2.071614377200603485e-02
2.069304939359426637e-02
2.067035697400569985e-02
2.064832616597413878e-02
2.062465418130159447e-02
2.060153912752866676e-02
2.057746779173612664e-02
2.055440619587898393e-02
2.053246814757585595e-02
2.051001805812120368e-02
2.048704233020543983e-02
2.046300787478685240e-02
2.044073734432459016e-02
2.041815780103206635e-02
2.039665319025516649e-02
2.037396691739559035e-02
2.035045158118009567e-02
2.032816596329212189e-02
2.030639629811048508e-02
2.028639800846576691e-02
2.026219069957733293e-02
2.024140655994415353e-02
2.021815758198499541e-02
2.019567564129829546e-02
2.017353642731905053e-02
2.015138044953346252e-02
2.013039644807577272e-02
2.010895386338234017e-02
2.008677646517753601e-02
2.006900850683450768e-02
2.004371657967567513e-02
2.002145759761333327e-02
2.000026553869247575e-02
1.997876726090908051e-02
1.995753180235624452e-02
1.993576418608427117e-02
1.991488654166460176e-02
1.989362761378288269e-02
1.987221483141183784e-02
1.985130105167627265e-02
1.983245089650154114e-02
1.981062628328800201e-02
1.978902425616979599e-02
1.976811904460191657e-02
1.974702309817075868e-02
1.972621344029903273e-02
1.970587018877267838e-02
1.968463752418756624e-02
1.966382879763841490e-02
1.964504942297935416e-02
1.962339896708726814e-02
1.960292570292949607e-02
1.958196274936199049e-02
1.956210248172283311e-02
1.954237483441829612e-02
1.952155269682407518e-02
1.950135529041290353e-02
1.948092970997095108e-02
1.946115344762801985e-02
1.944168768823146751e-02
1.942196413874626090e-02
1.940105482935905457e-02
1.938179973512887955e-02
1.936291866004467149e-02
1.934210415929555824e-02
1.932194046676159044e-02
1.930232699960470269e-02
1.928229797631502221e-02
1.926305629312992027e-02
1.924613369628786971e-02
1.922537386417388916e-02
1.920475019142031670e-02
1.918675769120454719e-02
1.916758054867386679e-02
1.914757201448082785e-02
1.912812320515513281e-02
1.910934625193476746e-02
1.908903736621141503e-02
1.907041380181908469e-02
1.905089085921645234e-02
1.903184903785586427e-02
1.901282332837581773e-02
1.899460796266794205e-02
1.897620251402258942e-02
1.895686686038971017e-02
1.893784264102578094e-02
1.891973195597529411e-02
1.890107179060578416e-02
1.888556452468037605e-02
1.886416366323828697e-02
1.884473226964473655e-02
1.882689585909247398e-02
1.880789594724774361e-02
1.878934856504201750e-02
1.877176407724618842e-02
1.875322526320815156e-02
1.873573567718267441e-02
1.871611373499035974e-02
1.869842633605003218e-02
1.868127193301916122e-02
1.866360865533351829e-02
1.864389181137084822e-02
1.862585470080375602e-02
1.860839631408452849e-02
1.859062425792217324e-02
1.857293266803026338e-02
1.855494342744350503e-02
1.853712648153305054e-02
1.851928336545825143e-02
1.850252700969576974e-02
1.848368607461452554e-02
1.846685456112027307e-02
1.845103641971945763e-02
1.843190025538206031e-02
1.841407082974910736e-02
1.839674003422260215e-02
1.837902637198567460e-02
1.836366439238190651e-02
1.834387928247451643e-02
1.832677405327558587e-02
1.830960456281900336e-02
1.829227898269891739e-02
1.827892772853374412e-02
1.825805734843015740e-02
1.824231930077075889e-02
1.822423953562974860e-02
1.820733547210693498e-02
1.818994535133242746e-02
1.817343477159738541e-02
1.815660446882248064e-02
1.814049789682030747e-02
1.812279047444462915e-02
1.810587234795093398e-02
1.809009164571762085e-02
1.807290762662887643e-02
1.805699281394481520e-02
1.804043920710683008e-02
1.802310971543192794e-02
1.800749059766531060e-02
1.798984855413436959e-02
1.797418920323252609e-02
1.795672532171010971e-02
1.794117307290434699e-02
1.792581379413604736e-02
1.791005199775099616e-02
1.789263617247343133e-02
1.787769673392176559e-02
1.785981506109237532e-02
1.784370187669992447e-02
1.782728657126426627e-02
1.781222522258758476e-02
1.779723782092332979e-02
1.778038423508405616e-02
1.776307960972189903e-02
1.774725764989852975e-02
1.773265628144144943e-02
1.771714184433221748e-02
1.770030250772833963e-02
1.768465386703610420e-02
1.766928276047110419e-02
1.765304114669561525e-02
1.763769583776593139e-02
1.762145757675170898e-02
1.760740950703620911e-02
1.759069245308637550e-02
1.757744662463665147e-02
1.755956877022981505e-02
1.754469880834221701e-02
1.752835130318999152e-02
1.751281330361962457e-02
1.749805277213454385e-02
1.748447278514504363e-02
1.746706571429967880e-02
1.745252078399062157e-02
1.743674380704760690e-02
1.742424312978983064e-02
1.740653980523347924e-02
1.739257592707872321e-02
1.737642334774136543e-02
1.736161550506949355e-02
1.734653208404779434e-02
1.733112065121531625e-02
1.731665562838315825e-02
1.730105867609381745e-02
1.728611681610345979e-02
1.727266134694218497e-02
1.725669121369719644e-02
1.724137514829635759e-02
1.722681159153580804e-02
1.721274787560105393e-02
1.719839489087462286e-02
1.718410542234778335e-02
1.716911001130938530e-02
1.715718563646078179e-02
1.713947812095284462e-02
1.712478073313832352e-02
1.711068451404571672e-02
1.709583709016442368e-02
1.708096256479620795e-02
1.706758001819252968e-02
1.705358400940894942e-02
1.703837979584932327e-02
1.702372496947646141e-02
1.701067909598350664e-02
1.699536740779876778e-02
1.698104878887534211e-02
1.696745902299880843e-02
1.695259111002087732e-02
1.693927971646189828e-02
1.692567979916930268e-02
1.691045975312590460e-02
1.689647994935512473e-02
1.688354434445500304e-02
1.686879415065050195e-02
1.685434244573116164e-02
1.684149969369173189e-02
1.682702535763382773e-02
1.681372234597802023e-02
1.679895315319299837e-02
1.678626136854290823e-02
1.677229227498173644e-02
1.675838232040405273e-02
1.674439571797847748e-02
1.673042997717857222e-02
1.671863757073879103e-02
1.670373622328042915e-02
1.668958337977528503e-02
1.667587216943502287e-02
1.666252575814724038e-02
1.665203953161835740e-02
1.663629012182354927e-02
1.662299577146768639e-02
1.660829214379191260e-02
1.659701745957136224e-02
1.658254582434892654e-02
1.656863642856478552e-02
1.655636262148618698e-02
1.654220493510365556e-02
1.652812082320451875e-02
1.651580072939395905e-02
1.650287406519055505e-02
1.648930646479129791e-02
1.647578533738851617e-02
1.646275464445352485e-02
1.644980115815997124e-02
1.643743989989161422e-02
1.642443826422095368e-02
1.641226969659328322e-02
1.639759074896574020e-02
1.638531303033232550e-02
1.637241858989000459e-02
1.635952498763799598e-02
1.634740456938743591e-02
1.633588513359427591e-02
1.632008617743849893e-02
1.630791816860437463e-02
1.629500705748796602e-02
1.628170087933540275e-02
1.626977501437067847e-02
1.625897111371159623e-02
1.624361807480454584e-02
1.623096438124775956e-02
1.621825993061065674e-02
1.620679926127195289e-02
1.619374258443713119e-02
1.618114914745092531e-02
1.616902314126491408e-02
1.615636236965656281e-02
1.614484637975692818e-02
1.613227212801575730e-02
1.611901624128222327e-02
1.610648240894079278e-02
1.609442271292209695e-02
1.608139062300324371e-02
1.606952231377363136e-02
1.605744464322924475e-02
1.604462796822190424e-02
1.603260478004813264e-02
1.602060161530971527e-02
1.600844282656908174e-02
1.599570708349347045e-02
1.598391095176339080e-02
1.597273712977766852e-02
1.596028655767440727e-02
1.594742396846413751e-02
1.593559086322784285e-02
1.592321656644344469e-02
1.591268572956323554e-02
1.589926881715655188e-02
1.588789066299796035e-02
1.587529471144080023e-02
1.586365727707743714e-02
1.585240848362445831e-02
1.583992280066013475e-02
1.582886725664138863e-02
1.581641929224133353e-02
1.580569716170430322e-02
1.579256756231188843e-02
1.578095760196447303e-02
1.576925683766603609e-02
1.575879640877246926e-02
1.574813649058342049e-02
1.573404604569077561e-02
1.572262588888406754e-02
1.571449656039476325e-02
1.570025747641921182e-02
1.569004347547888617e-02
1.567589463666081359e-02
1.566474195569753786e-02
1.565377069637179444e-02
1.564219035208225250e-02
1.563070071861148019e-02
1.561901662498712574e-02
1.560946889221668209e-02
1.559663731604814599e-02
1.558651588857173920e-02
1.557319480925798381e-02
1.556234611198306118e-02
1.555046765133738518e-02
1.554022794589400222e-02
1.552837835624814103e-02
1.551766870543360745e-02
1.550574498251080548e-02
1.549453511834144627e-02
1.548349615186452900e-02
1.547226328402757575e-02
1.546162571758031776e-02
1.544988369569182465e-02
1.543958671391010284e-02
1.542829554527997901e-02
1.541819199919700588e-02
1.540574766695499385e-02
1.539583094418048824e-02
1.538507398217916523e-02
1.537270862609147956e-02
1.536472886800765991e-02
1.535107819363474776e-02
1.534173237159848144e-02
1.532991901040077140e-02
1.531883934512734413e-02
1.530843824148178135e-02
1.529780309647321701e-02
1.528597455471754005e-02
1.527794189751148154e-02
1.526465686038136482e-02
1.525358101353049313e-02
1.524291280657052994e-02
1.523379813879728248e-02
1.522390749305486610e-02
1.521088350564241479e-02
1.520070387050509453e-02
1.518966704607009957e-02
1.517893597483634983e-02
1.516880644485354458e-02
1.515854531899094547e-02
1.514708409085869720e-02
1.513971947133541107e-02
1.512613277882337605e-02
1.511566182598471711e-02
1.510514356195926701e-02
1.509521231055259774e-02
1.508440673351287876e-02
1.507634026929736103e-02
1.506370110437274014e-02
1.505488911643624271e-02
1.504289628937840496e-02
1.503362385556101730e-02
1.502218097448348999e-02
1.501258127391338383e-02
1.500254040583968128e-02
1.499170642346143653e-02
1.498179556801915169e-02
1.497293906286358868e-02
1.496142316609621117e-02
1.495201466605067253e-02
1.494090817868709564e-02
1.493056472390890191e-02
1.492002420127391815e-02
1.491107549518346821e-02
1.490148613229393994e-02
1.489097895100712811e-02
1.487976061180234025e-02
1.487039607018232276e-02
1.486261170357465813e-02
1.485055321827530826e-02
1.483993744477629662e-02
1.483085909858345916e-02
1.481988215819001267e-02
1.481080176308751176e-02
1.480120429769158329e-02
1.479022176936268737e-02
1.478060847148299217e-02
1.477155257016420434e-02
1.476114457473158906e-02
1.475264476612210204e-02
1.474116044119000435e-02
1.473153019323945011e-02
1.472285864874720539e-02
1.471244320273399318e-02
1.470260508358478546e-02
1.469347057864069973e-02
1.468316791579127312e-02
1.467358842492103542e-02
1.466363761574029922e-02
1.465363446623086860e-02
1.464425986632704804e-02
1.463520303368568386e-02
1.462481059134006570e-02
1.461797701194882462e-02
1.460786787793040206e-02
1.459640935063362052e-02
1.458690119907259976e-02
1.457724757492542302e-02
1.456804759800434113e-02
1.455903062596917118e-02
1.455148523673415253e-02
1.453910525888204609e-02
1.453008567914366653e-02
1.452054660767316749e-02
1.451186146587133373e-02
1.450274558737874031e-02
1.449325382709503243e-02
1.448330795392394066e-02
1.447340082377195428e-02
1.446436662226915394e-02
1.445507220923900570e-02
1.444602450355887344e-02
1.443632533773779938e-02
1.442844364792108570e-02
1.441899416968226398e-02
1.441226843744516407e-02
1.440118541941046680e-02
1.439150180667638813e-02
1.438193507492542197e-02
1.437255674973130296e-02
1.436383156105875900e-02
1.435511298477649619e-02
1.434469567611813476e-02
1.433613393455743755e-02
1.432673437520861660e-02
1.431793728843331302e-02
1.430881563574075768e-02
1.429949989542365039e-02
1.429115952923893859e-02
1.428134543821215664e-02
1.427246043458580901e-02
1.426428733393549954e-02
1.425448711961507797e-02
1.424602717161178519e-02
1.423850161954760482e-02
1.422781283035874297e-02
1.421877443790435860e-02
1.421059034764766624e-02
1.420169230550527573e-02
1.419195188209414552e-02
1.418381296098232200e-02
1.417620573192834854e-02
1.416718242689967225e-02
1.415789686143398285e-02
1.414938131347298622e-02
1.413952019065618446e-02
1.413065064698457683e-02
1.412210557609796559e-02
1.411318639293313026e-02
1.410478791221976211e-02
1.409667488187551533e-02
1.408998249098658562e-02
1.407831562682986329e-02
1.407171580940485070e-02
1.406150301918387448e-02
1.405315855517983402e-02
1.404475336894392933e-02
1.403679782524704968e-02
1.402683509513735771e-02
1.401966931298375199e-02
1.401058007031679223e-02
1.400121981278061936e-02
1.399389989674091304e-02
1.398504273965954850e-02
1.397565258666872909e-02
1.396795660257339408e-02
1.395927015691995551e-02
1.395074259489774773e-02
1.394263012334704364e-02
1.393539467826485599e-02
1.392602585256099736e-02
1.391745433211326669e-02
1.390907047316431930e-02
1.390060996636748383e-02
1.389166079461574485e-02
1.388395512476563523e-02
1.387520898133516242e-02
1.386721441522240604e-02
1.385945761576294968e-02
1.385036511346697877e-02
1.384385852143168484e-02
1.383533077314496110e-02
1.382581852376460994e-02
1.381750106811523507e-02
1.380946449935436214e-02
1.380079677328467300e-02
1.379356049001216958e-02
1.378464400768280099e-02
1.377735519781708717e-02
1.376809030771255528e-02
1.376233296468853951e-02
1.375255836173891986e-02
1.374589586630463670e-02
1.373638994991779362e-02
1.373005555942654644e-02
1.372019872069358756e-02
1.371169704943895305e-02
1.370359361171722377e-02
1.369634587317705189e-02
1.368745081126689946e-02
1.367925992235541344e-02
1.367311356589198147e-02
1.366521706804633106e-02
1.365599706768989494e-02
1.364793796092271874e-02
1.364090861752629245e-02
1.363250669091939891e-02
1.362341996282339165e-02
1.361644864082336460e-02
1.360898157581686904e-02
1.360033247619867394e-02
1.359268641099333798e-02
1.358459563925862312e-02
1.357690906152129139e-02
1.356888273730874096e-02
1.356397988274693489e-02
1.355304876342415879e-02
1.354632936418056523e-02
1.353785684332251514e-02
1.352967331185936893e-02
1.352345813065767254e-02
1.351449396461248433e-02
1.351013109087944100e-02
1.349872620776295697e-02
1.349296960979700158e-02
1.348503157496452366e-02
1.347617059946060181e-02
1.346826534718275140e-02
1.346222050487995078e-02
1.345385201275348629e-02
1.344551695510745083e-02
1.343745794147253002e-02
1.343101533129811322e-02
1.342501910403370857e-02
1.341646993532776867e-02
1.340765273198485374e-02
1.340061724185943534e-02
1.339293560013174976e-02
1.338859479874372413e-02
1.337750181555747916e-02
1.337055945768952404e-02
1.336224274709820782e-02
1.335519468411803211e-02
1.334841148927807739e-02
1.333998348563909461e-02
1.333202710375189746e-02
1.332627115771174361e-02
1.331801135092973778e-02
1.331012491136789391e-02
1.330267321318387951e-02
1.329572424292564323e-02
1.328981555998325417e-02
1.328129749745130504e-02
1.327376300469040871e-02
1.326786177232861484e-02
1.325936783105135033e-02
1.325183473527431419e-02
1.324361590668559144e-02
1.323645096272230148e-02
1.322887726128101418e-02
1.322182649746537174e-02
1.321484213694930007e-02
1.320792790502309764e-02
1.320056198164820671e-02
1.319320388138294289e-02
1.318565718829631771e-02
1.317930221557617188e-02
1.317196367308497498e-02
1.316466936841607059e-02
1.315895123407244752e-02
1.315132593736052444e-02
1.314603015780448948e-02
1.313891001045703819e-02
1.312865223735570908e-02
1.312286602333188022e-02
1.311423107981681858e-02
1.310763163492083619e-02
1.309950295835733344e-02
1.309257745742797852e-02
1.308632288128137519e-02
1.307979123666882550e-02
1.307215997949242627e-02
1.306450227275490761e-02
1.305741444230079651e-02
1.305226860567927291e-02
1.304342336952686240e-02
1.303709885105490754e-02
1.302945688366890023e-02
1.302248444408178260e-02
1.301533747464418342e-02
1.300862720236182178e-02
1.300247609615325962e-02
1.299430280923843418e-02
1.298788841813802719e-02
1.298048356547951664e-02
1.297446647658944199e-02
1.296675633639097179e-02
1.295976340770721436e-02
1.295370608568191528e-02
1.294593056663870777e-02
1.293946569785475731e-02
1.293426649644970929e-02
1.292625395581126213e-02
1.291872160509228637e-02
1.291199941188097070e-02
1.290637273341417243e-02
1.289916243404149940e-02
1.289255097508430412e-02
1.288552340120077168e-02
1.287795659154653514e-02
1.287168618291616509e-02
1.286425050348043511e-02
1.285824654623866047e-02
1.285152854397892883e-02
1.284452779218554427e-02
1.283735483884811471e-02
1.283151833340525662e-02
1.282605398446321453e-02
1.281733466312289307e-02
1.281270738691091607e-02
1.280532395467162167e-02
1.280011115595698287e-02
1.279101613909006119e-02
1.278418153524398838e-02
1.277747042477130925e-02
1.277182539924979175e-02
1.276401737704873154e-02
1.275833453983068501e-02
1.275180615484714473e-02
1.274623293429613148e-02
1.273798756301403046e-02
1.273129815235734055e-02
1.272619636729359696e-02
1.271834857761859963e-02
1.271308111026883160e-02
1.270596021786332165e-02
1.269867848604917457e-02
1.269295690581202438e-02
1.268611224368214677e-02
1.267955135554075206e-02
1.267292005941271851e-02
1.266713058575987851e-02
1.266146088019013370e-02
1.265320079401135479e-02
1.264829011633992160e-02
1.264137644320726360e-02
1.263415003195405076e-02
1.262771217152476241e-02
1.262133847922086716e-02
1.261556940153241158e-02
1.260919291526079247e-02
1.260330360382795264e-02
1.259657312184572255e-02
1.258988361805677379e-02
1.258380478248000145e-02
1.257673939689993824e-02
1.257058009505271877e-02
1.256469422951340606e-02
1.255862955003976891e-02
1.255242479965090752e-02
1.254548784345388412e-02
1.253931997343897889e-02
1.253337506204843521e-02
1.252712896093726228e-02
1.252327077090740169e-02
1.251742281019687687e-02
1.250830413773655961e-02
1.250171875581145356e-02
1.249572839587926795e-02
1.248955763876438176e-02
1.248353980481624673e-02
1.247743703424930573e-02
1.247152201831340859e-02
1.246570758521556820e-02
1.245975056663155625e-02
1.245341645553708042e-02
1.244691591709852149e-02
1.244130870327353477e-02
1.243404038250446250e-02
1.242990810424089362e-02
1.242187479510903358e-02
1.241536876186728408e-02
1.240954305976629292e-02
1.240326724946498940e-02
1.239740513265132939e-02
1.239140462130308186e-02
1.238458082079887425e-02
1.237874245271086693e-02
1.237496947869658540e-02
1.236644517630338704e-02
1.236095689237117802e-02
1.235479172319173778e-02
1.235013343393802712e-02
1.234382977709174226e-02
1.233775988221168587e-02
1.233186200261116028e-02
1.232578102499246563e-02
1.231876900419592857e-02
1.231313962489366531e-02
1.230669151991605793e-02
1.230070991441607406e-02
1.229545865207910468e-02
1.228929525241255830e-02
1.228397274389863084e-02
1.227792818099260330e-02
1.227203849703073502e-02
1.226710686460137298e-02
1.226017791777849267e-02
1.225352678447961738e-02
1.224920265376567771e-02
1.224311506375670364e-02
1.223652632907032932e-02
1.223461749032139778e-02
1.222526337951421703e-02
1.222051037475466694e-02
1.221713377162814140e-02
1.220726557075977291e-02
1.220159018412232330e-02
1.219506915658712456e-02
1.218997025862336193e-02
1.218389943242073094e-02
1.217768089845776627e-02
1.217246633023023536e-02
1.216624490916728973e-02
1.216076379641890456e-02
1.215528417378664017e-02
1.214906098321080243e-02
1.214571101590991055e-02
1.213777204975485802e-02
1.213285578414797714e-02
1.212603989988565376e-02
1.212111599743366172e-02
1.211490966379642417e-02
1.210966436192393268e-02
1.210618279874324868e-02
1.209772452712059090e-02
1.209368910640478204e-02
1.208788640797138145e-02
1.208140328526496887e-02
1.207504170015454362e-02
1.206988133490085637e-02
1.206422941759228637e-02
1.205854630097746849e-02
1.205242360010743211e-02
1.204923158511519467e-02
1.204173853620886872e-02
1.203661328181624378e-02
1.203024657443165814e-02
1.202462371438741719e-02
1.201928472146391799e-02
1.201339690014719894e-02
1.200816594064235687e-02
1.200366886332631181e-02
1.199699137359857594e-02
1.199164530262351001e-02
1.198649508878588642e-02
1.198096470907330548e-02
1.197504000738263200e-02
1.197045026347041095e-02
1.196454651653766632e-02
1.195835964754223858e-02
1.195359034463763272e-02
1.194738792255520786e-02
1.194214755669236253e-02
1.193642355501651695e-02
1.193099198862910236e-02
1.192599507048726012e-02
1.192042753100395168e-02
1.191478408873081207e-02
1.191065451130270993e-02
1.190414158627390792e-02
1.189908366650343011e-02
1.189367817714810302e-02
1.188779696822166512e-02
1.188277341425418923e-02
1.187774147838354180e-02
1.187209524214267661e-02
1.186667196452617645e-02
1.186065142974257469e-02
1.185655370354652370e-02
1.185052860528230598e-02
1.184469927102327347e-02
1.183935869485139812e-02
1.183461714535951649e-02
1.182919051498174633e-02
1.182327279821038246e-02
1.181872785091400181e-02
1.181315351277589798e-02
1.180819682776928017e-02
1.180340573191642796e-02
1.179700670763850212e-02
1.179151982069015503e-02
1.178652057424187626e-02
1.178185949102044175e-02
1.177590154111385345e-02
1.177057214081287349e-02
1.176742222160100972e-02
1.176116997376084293e-02
1.175615666434168781e-02
1.175174824893474544e-02
1.174489492550492321e-02
1.174001181498169830e-02
1.173466853797435795e-02
1.173028778284788097e-02
1.172381276264786686e-02
1.171942241489887238e-02
1.171357138082385063e-02
1.170933246612548828e-02
1.170394048094749485e-02
1.169841578230261872e-02
1.169374538585543633e-02
1.168754538521170686e-02
1.168316463008522987e-02
1.167789427563548088e-02
1.167365126311778988e-02
1.166795743629336392e-02
1.166316084563732113e-02
1.165795410051941906e-02
1.165227247402072022e-02
1.164708090946078335e-02
1.164182247593998840e-02
1.163666229695081711e-02
1.163148423656821216e-02
1.162639521062374184e-02
1.162156192585825885e-02
1.161654591560363700e-02
1.161191547289490769e-02
1.160767106339335476e-02
1.160192508250474860e-02
1.159722311422228813e-02
1.159110907465219463e-02
1.158623462542891433e-02
1.158153424039483001e-02
1.157813016325235332e-02
1.157111376523971627e-02
1.156931249424815109e-02
1.156259002164006233e-02
1.155677866190671886e-02
1.155143743380904198e-02
1.154673462733626400e-02
1.154135428369045327e-02
1.153864311054348876e-02
1.153446938842534950e-02
1.152844922617077793e-02
1.152215339243412018e-02
1.151743512600660393e-02
1.151241529732942651e-02
1.151012685149908031e-02
1.150222094729542663e-02
1.149752009660005500e-02
1.149257346987724374e-02
1.148745836690068245e-02
1.148274186998605659e-02
1.147804772481322323e-02
1.147505976259708370e-02
1.146940598264336621e-02
1.146308295428752864e-02
1.145844524726271664e-02
1.145474202930927242e-02
1.144887963309884106e-02
1.144357612356543610e-02
1.143919937312603066e-02
1.143391309306025436e-02
1.143020633608102764e-02
1.142418878152966569e-02
1.141976192593574524e-02
1.141476733610033954e-02
1.141069643199443817e-02
1.140611320734024117e-02
1.140144541859626839e-02
1.139677958562970196e-02
1.139132091775536468e-02
1.138660106807947228e-02
1.138141220435500214e-02
1.137695247307419708e-02
1.137189706787467003e-02
1.136773386970162461e-02
1.136248372495174408e-02
1.135896835476160084e-02
1.135344412177801202e-02
1.134828096255660092e-02
1.134600145742297242e-02
1.133999628946185181e-02
1.133528770878911018e-02
1.132935844361782074e-02
1.132541354745626380e-02
1.132021825760603020e-02
1.131625752896070480e-02
1.131046442314982345e-02
1.130582485347986221e-02
1.130202719941735337e-02
1.129785403609275853e-02
1.129196584224700928e-02
1.128796916455030407e-02
1.128254523500800063e-02
1.128023834899067809e-02
1.127374665811657975e-02
1.126862503588199615e-02
1.126451855525374343e-02
1.125949388369917870e-02
1.125664934515952995e-02
1.125046741217374836e-02
1.124642984941601719e-02
1.124269971624016796e-02
1.123667377978563274e-02
1.123268445953726734e-02
1.122790118679404224e-02
1.122495066374540329e-02
1.121885702013969421e-02
1.121376799419522216e-02
1.120939236134290730e-02
1.120532965287566150e-02
1.120007811114192078e-02
1.119676576927304198e-02
1.119096111506223679e-02
1.118826931342482497e-02
1.118172388523817028e-02
1.117750629782676697e-02
1.117340726777911117e-02
1.116979196667671273e-02
1.116377972066402366e-02
1.115980753675103153e-02
1.115747243165969918e-02
1.115129869431257317e-02
1.114636678248643806e-02
1.114199524745345185e-02
1.113757435232400929e-02
1.113433046266436646e-02
1.113265622407197918e-02
1.112515302374958957e-02
1.112069832161068951e-02
1.111808624118566444e-02
1.111049912869930233e-02
1.110698627308010986e-02
1.110196802765131031e-02
1.109754489734768833e-02
1.109295869246125152e-02
1.108855521306395531e-02
1.108422037214040756e-02
1.108065210282802547e-02
1.107614673674106598e-02
1.107116956263780663e-02
1.106660282239317963e-02
1.106280144304037059e-02
1.106011169031262398e-02
1.105638109147548745e-02
1.104913614690303768e-02
1.104528103023767402e-02
1.104352362453937461e-02
1.103656413033604622e-02
1.103307008743286202e-02
1.102746264077722992e-02
1.102275345474481617e-02
1.101864823140203883e-02
1.101697464473545482e-02
1.101034018211066723e-02
1.100584827363491024e-02
1.100276475772261550e-02
1.099946214817464421e-02
1.099298377521336009e-02
1.098975483328104054e-02
1.098449500277638366e-02
1.098157749511301587e-02
1.097679054364562000e-02
1.097159469500184024e-02
1.096756183542311157e-02
1.096328790299594402e-02
1.095923967659473419e-02
1.095515177585184609e-02
1.095031625591218541e-02
1.094711250625550816e-02
1.094159279018640588e-02
1.093909586779773235e-02
1.093420400284230744e-02
1.093062139116227592e-02
1.092584407888352871e-02
1.092257634736597607e-02
1.091677662916481530e-02
1.091482238844037125e-02
1.090816170908510616e-02
1.090488815680146217e-02
1.090048286132514442e-02
1.089726714417338371e-02
1.089174970984458854e-02
1.088780895806848968e-02
1.088314210064709152e-02
1.087992456741631100e-02
1.087446403689682449e-02
1.087200827896595001e-02
1.086792801506817306e-02
1.086295647546648910e-02
1.085806619375944207e-02
1.085370276123285259e-02
1.085162302479147911e-02
1.084644058719277417e-02
1.084299338981509209e-02
1.083772038109600579e-02
1.083375569432973827e-02
1.083059720695018699e-02
1.082510361447930336e-02
1.082098134793341160e-02
1.081653959117829730e-02
1.081292303279042175e-02
1.080935038626193966e-02
1.080583846196532180e-02
1.080475300550460746e-02
1.079610199667513371e-02
1.079298183321952820e-02
1.078798817470669712e-02
1.078557181172072957e-02
1.078257444314658677e-02
1.077593802474439109e-02
1.077374252490699222e-02
1.077055213972926209e-02
1.076558246277272736e-02
1.076134648174047539e-02
1.075653866864740779e-02
1.075181630440056289e-02
1.074819220229983330e-02
1.074435007758438657e-02
1.074043712578713963e-02
1.073588309809565475e-02
1.073193103075027396e-02
1.072836145758628880e-02
1.072389669716358220e-02
1.071945438161492348e-02
1.071833837777376106e-02
1.071239332668483257e-02
1.070959959179162979e-02
1.070514442399144242e-02
1.069996184669435094e-02
1.069708694703877007e-02
1.069376263767480781e-02
1.068794559687375953e-02
1.068403180688619683e-02
1.068065199069678783e-02
1.067662318237125839e-02
1.067242063581943547e-02
1.066811489872634446e-02
1.066417321562767098e-02
1.066294414922594989e-02
1.065618153661489556e-02
1.065388252027332783e-02
1.064917077310383389e-02
1.064567272551357816e-02
1.064090360887348652e-02
1.063729845918715000e-02
1.063365684822201694e-02
1.062974543310701847e-02
1.062680068425834144e-02
1.062164790928363765e-02
1.061819083988666500e-02
1.061603138223290478e-02
1.061016987077891861e-02
1.060618436895310879e-02
1.060186191461980412e-02
1.059998511336743797e-02
1.059439140371978318e-02
1.059115249663591420e-02
1.058778455480933155e-02
1.058495901525020530e-02
1.057974938303232228e-02
1.057739164680242608e-02
1.057485188357532024e-02
1.056772265583276818e-02
1.056429226882755687e-02
1.056239316239953110e-02
1.055705132894218037e-02
1.055500288493931363e-02
1.055102972313761746e-02
1.054571922868490289e-02
1.054176390171051095e-02
1.053720894269645145e-02
1.053443597629666328e-02
1.052992288023233379e-02
1.052677701227366924e-02
1.052297456189990078e-02
1.051990655250847374e-02
1.051509836688637768e-02
1.051155300810933078e-02
1.050835135392844642e-02
1.050361650995910133e-02
1.049975212663412094e-02
1.049738544970750878e-02
1.049210303463041748e-02
1.048880419693887234e-02
1.048450362868607114e-02
1.048125866800546716e-02
1.047881701961159671e-02
1.047402042895555566e-02
1.046990794129669736e-02
1.046593626961112022e-02
1.046282588504254818e-02
1.045910650864243473e-02
1.045504836365580489e-02
1.045204806141555344e-02
1.044757431373000145e-02
1.044367318972945144e-02
1.044076657854020596e-02
1.043738396838307311e-02
1.043290575034916401e-02
1.043048892170190742e-02
1.042553414590656827e-02
1.042190403677523136e-02
1.041960753500461613e-02
1.041524470783770050e-02
1.041114144027233124e-02
1.040744818747043644e-02
1.040341951884329354e-02
1.040066378191113403e-02
1.039975713938474586e-02
1.039379993453621795e-02
1.038914863020181691e-02
1.038739341311156750e-02
1.038420526310801506e-02
1.038085315376520087e-02
1.037525041028857301e-02
1.037082783877849544e-02
1.036996287293732132e-02
1.036616582423448632e-02
1.036203359253704513e-02
1.035803807899355819e-02
1.035420265980064800e-02
1.034973245114088024e-02
1.034654988907277549e-02
1.034227665513753891e-02
1.033883858472108876e-02
1.033497559837997029e-02
1.033239164389669965e-02
1.032788464799523284e-02
1.032482031732797657e-02
1.032077833078801597e-02
1.031731795519590447e-02
1.031436906196176936e-02
1.031004344113171066e-02
1.030748193152248790e-02
1.030306783504784073e-02
1.030211350880563294e-02
1.029610969126224483e-02
1.029278193600475719e-02
1.028975048102438380e-02
1.028592423535883496e-02
1.028214218094944919e-02
1.027831812389195035e-02
1.027501882053911617e-02
1.027139374054968426e-02
1.026786160655319621e-02
1.026464696042239666e-02
1.026239558123052086e-02
1.025719507597386802e-02
1.025385046377778019e-02
1.025048028677701985e-02
1.024828734807670116e-02
1.024425621144473518e-02
1.024067350663244655e-02
1.023634453304111958e-02
1.023304020054638386e-02
1.022930406033992733e-02
1.022646459750831127e-02
1.022346755489706924e-02
1.022072285413742031e-02
1.021605208516120945e-02
1.021372936666011845e-02
1.020877701230347122e-02
1.020577750168740784e-02
1.020232005976140499e-02
1.020064125768840348e-02
1.019634087570011650e-02
1.019288944080471923e-02
1.018807776272296836e-02
1.018507862463593518e-02
1.018128730356693268e-02
1.017859252169728279e-02
1.017482038587331702e-02
1.017203275114297867e-02
1.016821251250803540e-02
1.016638902947306598e-02
1.016260157339274849e-02
1.015761275775730645e-02
1.015467368997633422e-02
1.015126281417906215e-02
1.014741817489266465e-02
1.014397540129721199e-02
1.014068592339754070e-02
1.013843165710568393e-02
1.013439656235277583e-02
1.013051546178758179e-02
1.012968705035746132e-02
1.012480361387133564e-02
1.012091645970940659e-02
1.011788113974034821e-02
1.011614110320806573e-02
1.011158502660691738e-02
1.010747374966740678e-02
1.010366710834205081e-02
1.010093553923070361e-02
1.009767339564859867e-02
1.009401897899806465e-02
1.009292197413742473e-02
1.008727615699172089e-02
1.008508140221238067e-02
1.008072947151958908e-02
1.007801974192261765e-02
1.007574102841317723e-02
1.007255287840962479e-02
1.006765710189938545e-02
1.006431062705814838e-02
1.006134524941444328e-02
1.005734298378229211e-02
1.005453458055853913e-02
1.005100426264107262e-02
1.004804945550858905e-02
1.004830501042306388e-02
1.004140353761613300e-02
1.004003076814114978e-02
1.003444134257733787e-02
1.003117854706942966e-02
1.002850336953997612e-02
1.002447167411446571e-02
1.002188092097639968e-02
1.001865323632955551e-02
1.001494904048740898e-02
1.001444384455680778e-02
1.000861311331391335e-02
1.000540708191692899e-02
1.000373088754713535e-02
9.999685781076550137e-03
9.995743166655302048e-03
9.992972901090978882e-03
9.991215169429778706e-03
9.986070962622762420e-03
9.982899483293294213e-03
9.980553807690740326e-03
9.976152330636978149e-03
9.975538961589336742e-03
9.970584930852056244e-03
9.968637302517891624e-03
9.964317455887794842e-03
9.963020542636513363e-03
9.958016173914074204e-03
9.953598910942672989e-03
9.951875032857059739e-03
9.948231512680649757e-03
9.945056913420558670e-03
9.942907327786087296e-03
9.938141983002423546e-03
9.935716073960066189e-03
9.931784961372614254e-03
9.930323204025625836e-03
9.925985196605324051e-03
9.922642167657614101e-03
9.919882426038384785e-03
9.917655354365706097e-03
9.914027666673064579e-03
9.910651110112666737e-03
9.907166846096516002e-03
9.904048498719930302e-03
9.900385513901710510e-03
9.897012216970323822e-03
9.895429294556380012e-03
9.892144333571195255e-03
9.887967351824044834e-03
9.884979156777263382e-03
9.884136123582720410e-03
9.878672799095511783e-03
9.875745419412851681e-03
9.874028433114290931e-03
9.869374660775065075e-03
9.868816612288356174e-03
9.864514507353306511e-03
9.861120302230120399e-03
9.856615401804446480e-03
9.854843607172369957e-03
9.850956220179795525e-03
9.847678244113922119e-03
9.844783274456859329e-03
9.843029081821441650e-03
9.838451305404305805e-03
9.835485089570283196e-03
9.832428675144911159e-03
9.828916937112807534e-03
9.826933033764362335e-03
9.823170164600015034e-03
9.819889860227703354e-03
9.817346557974815022e-03
9.814512124285102238e-03
9.812162211164831421e-03
9.809398325160145760e-03
9.807043056935072639e-03
9.802143974229692719e-03
9.800661634653807380e-03
9.795489488169550896e-03
9.792606858536601760e-03
9.789563342928886067e-03
9.786204714328051307e-03
9.783852286636829723e-03
9.780974825844168663e-03
9.778518648818134568e-03
9.775242442265153278e-03
9.771569725126027714e-03
9.768762625753879547e-03
9.766906220465897820e-03
9.762836806476115487e-03
9.759347094222903599e-03
9.757588291540742267e-03
9.755116188898682594e-03
9.751476719975471844e-03
9.749633818864822041e-03
9.745148150250316013e-03
9.741506911814213146e-03
9.739544009789824486e-03
9.735503233969211578e-03
9.734281012788415302e-03
9.732637088745832443e-03
9.727628901600837708e-03
9.723357623443007469e-03
9.721186058595777252e-03
9.719568723812698624e-03
9.714531106874346386e-03
9.713186696171761253e-03
9.708684543147683491e-03
9.705559257417917599e-03
9.703155793249606392e-03
9.699804848060012211e-03
9.697667788714170456e-03
9.694059612229466438e-03
9.691934054717420838e-03
9.688653424382210125e-03
9.686018619686365821e-03
9.682393632829189301e-03
9.682529140263795853e-03
9.680234547704457543e-03
9.673475939780473015e-03
9.673116821795701634e-03
9.667618013918400505e-03
9.665615577250718377e-03
9.662181464955210339e-03
9.659977164119482040e-03
9.656187007203697811e-03
9.654004871845246055e-03
9.652245510369538567e-03
9.647882264107465050e-03
9.644603217020630490e-03
9.642012882977724075e-03
9.639873309060931553e-03
9.637342719361185334e-03
9.633674332872033813e-03
9.630578802898526192e-03
9.627825068309902451e-03
9.624394401907921531e-03
9.621577570214867592e-03
9.619164606556296002e-03
9.615762764587998737e-03
9.613577881827950825e-03
9.610387310385704734e-03
9.607841586694121014e-03
9.605267224833369602e-03
9.602340357378124497e-03
9.599617403000592492e-03
9.596230369061231960e-03
9.592991601675749519e-03
9.590795077383518913e-03
9.586973721161485065e-03
9.585287328809500088e-03
9.582621604204177510e-03
9.579464234411716808e-03
9.576639300212264408e-03
9.573693294078111996e-03
9.570213034749031067e-03
9.568696003407239567e-03
9.566902229562402465e-03
9.562083426862955440e-03
9.561142092570662845e-03
9.556491207331419685e-03
9.553493279963732460e-03
9.551042411476372979e-03
9.547891607508064010e-03
9.545590588822960507e-03
9.542444068938494423e-03
9.542122157290578235e-03
9.536713548004626534e-03
9.535711770877242782e-03
9.531465265899896969e-03
9.529487974941731193e-03
9.525512484833598484e-03
9.522950369864701878e-03
9.519854886457323681e-03
9.517411608248949398e-03
9.515053965151310314e-03
9.512270055711268685e-03
9.509043954312800667e-03
9.506384702399372708e-03
9.503704542294145324e-03
9.502050234004855156e-03
9.497963124886155128e-03
9.496564883738756527e-03
9.495221776887774467e-03
9.490736061707139015e-03
9.487493615597485802e-03
9.484177874401211045e-03
9.481473173946142891e-03
9.479802334681153297e-03
9.477115748450160720e-03
9.475805656984448086e-03
9.471599804237484585e-03
9.468645183369516979e-03
9.465636173263191483e-03
9.462542040273547519e-03
9.459921019151806484e-03
9.456965792924165032e-03
9.456246765330434192e-03
9.453163761645556190e-03
9.449100540950893662e-03
9.447053540498018265e-03
9.445404401049017906e-03
9.440731722861528397e-03
9.437694074586033474e-03
9.435729542747139237e-03
9.434341220185160637e-03
9.430320560932159077e-03
9.427868854254483830e-03
9.424671763554215431e-03
9.422848606482148517e-03
9.419031348079443325e-03
9.417413547635079124e-03
9.414223674684762261e-03
9.412068314850330700e-03
9.408760396763683059e-03
9.405724750831723907e-03
9.403042634949088444e-03
9.401465766131877899e-03
9.397614654153585781e-03
9.395953407511115421e-03
9.393459837883710167e-03
9.390333853662013314e-03
9.388151206076144825e-03
9.388175839558244445e-03
9.383068513125180851e-03
9.380407724529504429e-03
9.376529697328805577e-03
9.374646423384546540e-03
9.371180552989244461e-03
9.369123354554175984e-03
9.369366848841310241e-03
9.363185707479715000e-03
9.360703779384494175e-03
9.360725339502096870e-03
9.358323086053133358e-03
9.352887142449617039e-03
9.350286144763231971e-03
9.349946677684784629e-03
9.345117118209600102e-03
9.343057079240680088e-03
9.339360985904932022e-03
9.337642695754766464e-03
9.335022326558828701e-03
9.332494251430034984e-03
9.329487988725303910e-03
9.327363874763249657e-03
9.324319195002317429e-03
9.321611281484365810e-03
9.318951051682233810e-03
9.316920721903442643e-03
9.314737189561128963e-03
9.311459492892026901e-03
9.308471111580729485e-03
9.306532936170697559e-03
9.303522575646639564e-03
9.301158506423235287e-03
9.298186935484408638e-03
9.295729175209998391e-03
9.293078584596515049e-03
9.291418921202420841e-03
9.288349840790032647e-03
9.285642718896269104e-03
9.283522795885800621e-03
9.280323237180709145e-03
9.279210027307272304e-03
9.275428764522076347e-03
9.272556286305189133e-03
9.270511753857135079e-03
9.268128452822566379e-03
9.266962297260761261e-03
9.265149245038628578e-03
9.259784454479813229e-03
9.258147748187183640e-03
9.255021996796130440e-03
9.252136293798684380e-03
9.249410592019557953e-03
9.247313952073454857e-03
9.245848981663584709e-03
9.243211988359690406e-03
9.239479992538690220e-03
9.237021766602992665e-03
9.234040183946490635e-03
9.233150351792573235e-03
9.232495445758104324e-03
9.227659460157156338e-03
9.224288677796722152e-03
9.222428919747472156e-03
9.219306148588657032e-03
9.217417286708950303e-03
9.216600889340042721e-03
9.212130634114145539e-03
9.210528945550322880e-03
9.207291295751929283e-03
9.205043641850351940e-03
9.201428992673755039e-03
9.200799977406859398e-03
9.198124194517732014e-03
9.194221254438162197e-03
9.191600373014807701e-03
9.189779590815305016e-03
9.187777293846011162e-03
9.186996053904295315e-03
9.184427140280605056e-03
9.179329778999090889e-03
9.179204888641833565e-03
9.174304315820336342e-03
9.171991376206278801e-03
9.169374033808708538e-03
9.167890436947346081e-03
9.165152674540877342e-03
9.163090400397777904e-03
9.159884043037891041e-03
9.158855769783258438e-03
9.155689319595695236e-03
9.152585174888372421e-03
9.149709017947316170e-03
9.147757617756723664e-03
9.145206632092594753e-03
9.143093740567565311e-03
9.141617827117443432e-03
9.137850627303123821e-03
