1.000000000000000000e+02
9.611111111111112848e+01
7.888888888888891415e+01
4.388888888888888573e+01
3.055555555555555358e+01
2.277777777777777857e+01
2.000000000000000000e+01
1.777777777777777501e+01
2.111111111111111072e+01
2.000000000000000000e+01
1.388888888888888928e+01
2.222222222222222499e+01
1.777777777777777857e+01
1.666666666666666785e+01
1.888888888888889284e+01
1.777777777777777857e+01
1.777777777777777857e+01
1.333333333333333570e+01
1.944444444444444287e+01
2.388888888888888218e+01
1.777777777777777857e+01
