0.000000000000000000e+00
1.507866887838687608e+00
3.418660965693133047e+00
3.887565912531881107e+00
3.692111488403126085e+00
2.884968850349983960e+00
2.876039801232173954e+00
2.476224392658782136e+00
2.068776302780583887e+00
2.766644355108607733e+00
2.731089111806041636e+00
3.271022543084387557e+00
2.476224392658781692e+00
2.721655269759086337e+00
2.691244759197770620e+00
3.036133560284325128e+00
3.233059680414102743e+00
2.533723166886973299e+00
2.841853565411630811e+00
3.303882240649976154e+00
3.233059680414102743e+00
