0.000000000000000000e+00
8.258927081843614459e+00
1.872477727372523759e+01
2.129307544081866865e+01
2.022252747022365682e+01
1.580162517036431957e+01
1.575271875417536016e+01
1.356283957303744891e+01
1.133115447465063319e+01
1.515353521887317534e+01
1.495879113092917656e+01
1.791612832955233259e+01
1.356283957303744714e+01
1.490711984999859574e+01
1.474055462380177950e+01
1.662958838566196107e+01
1.770819716723247339e+01
1.387777332977421807e+01
1.556547302902433216e+01
1.809610830544703575e+01
1.770819716723247339e+01
