1.000000000000000000e+02
4.555555555555555003e+01
2.277777777777777501e+01
1.222222222222222321e+01
2.000000000000000000e+01
1.333333333333333570e+01
1.555555555555555891e+01
2.111111111111111072e+01
2.055555555555555358e+01
1.444444444444444642e+01
1.666666666666666785e+01
1.388888888888889284e+01
1.888888888888888928e+01
2.055555555555555358e+01
1.888888888888888928e+01
1.666666666666666785e+01
1.666666666666667140e+01
1.500000000000000178e+01
1.611111111111111782e+01
1.888888888888888218e+01
1.555555555555556069e+01
