0.000000000000000000e+00
4.643682375898512404e+00
3.377789960991674167e+00
2.212943592042912133e+00
3.181738014061411768e+00
1.987615979999813431e+00
2.932715984419133726e+00
2.825515721890467624e+00
2.315185155560294916e+00
2.574007459836156197e+00
2.605786533235238789e+00
2.233766311447188624e+00
3.015733775677375217e+00
2.177796674143264610e+00
2.803583832263046638e+00
2.222222222222222321e+00
2.222222222222222321e+00
2.646917611015910055e+00
1.839775438077005942e+00
2.451169201151747856e+00
2.714084586749816452e+00
