0.000000000000000000e+00
2.543449587168799297e+01
1.850091756149635103e+01
1.212079123848412898e+01
1.742709682373124735e+01
1.088662107903634890e+01
1.606314699422328829e+01
1.547598697464902529e+01
1.268079134501480709e+01
1.409841948938835721e+01
1.427248064296125563e+01
1.223484196974735561e+01
1.651785416368722892e+01
1.192828364087993798e+01
1.535586106787250493e+01
1.217161238900369291e+01
1.217161238900369291e+01
1.449776483411098837e+01
1.007686508178725049e+01
1.342560663732730397e+01
1.486565351139961244e+01
