1.321937178305347960e-01
1.361978496251793624e-01
7.737383876619932654e-02
1.385187883086914651e-01
8.848561980864229348e-02
5.293561767466740259e-02
8.013540822991724322e-02
4.589840835625993987e-02
5.596342836599185050e-02
1.303799936586694415e-02
1.483295447923825734e-02
2.665580890886640186e-02
6.654797541158131817e-03
1.554419195235418397e-02
4.561296701934077109e-03
5.216449585926494562e-03
5.939145160370993236e-03
3.725280252004758291e-03
4.328571420760284061e-03
3.265117611701937473e-03
2.961319378053691234e-03
2.610271703740331579e-03
2.652061258968024370e-03
2.107341662206237316e-03
1.789005582653139040e-03
1.523561144211559460e-03
1.275686489063883626e-03
1.124942504807589696e-03
9.544340920644920874e-04
9.740247224770404166e-04
7.652293519918809293e-04
8.381818569219985464e-04
5.999042761591738245e-04
6.211098551952108767e-04
5.065418874641602117e-04
4.999532708587583031e-04
5.488991775877208323e-04
4.697611843358768754e-04
4.736462562372652230e-04
4.378883306894044546e-04
4.160133246941744500e-04
4.171871975380218173e-04
3.836800305433657010e-04
4.243873658040663195e-04
3.735108480784292266e-04
3.689905688638900512e-04
3.556874623365127003e-04
3.402973934835923191e-04
3.288577235071756108e-04
3.138406391337168885e-04
3.072510664854285209e-04
3.008516432106182682e-04
2.922459008224490289e-04
3.287222419872412138e-04
2.794675429213563499e-04
2.986263870235504928e-04
2.669934053604034298e-04
2.793487507494441750e-04
2.634344945430772242e-04
2.601146070732418655e-04
2.517019345980149808e-04
2.459733648838091733e-04
2.379165335575424308e-04
2.304472384724777923e-04
2.214071086876406370e-04
2.457277595033942590e-04
2.176619296822400072e-04
2.210585476571512063e-04
2.141660115507998765e-04
2.114778009583341437e-04
2.053409176119461263e-04
2.023353849484279448e-04
1.951592960825537175e-04
2.663253461902373204e-04
1.967067208512069559e-04
1.919160973784386564e-04
1.884628367068981556e-04
2.072837054731321968e-04
1.848952322300345707e-04
1.967583735289164316e-04
1.841832182481794927e-04
1.871946104654682798e-04
1.800084265480997130e-04
1.774279899757813582e-04
1.755982894186576950e-04
1.715289778506221994e-04
1.693810303210495957e-04
1.692315864565639683e-04
1.731240091667342437e-04
1.664307476314586854e-04
1.662793834910361796e-04
1.656379916692134072e-04
1.625078126482888523e-04
1.668942477848750884e-04
1.625007942116408631e-04
1.615467523384857414e-04
1.599344381631629558e-04
1.579844778986163613e-04
1.556880000246060945e-04
1.531581797785903432e-04
1.508794525281800249e-04
1.495627685445466632e-04
1.486056814388221224e-04
1.591054934356698895e-04
1.492758344880501769e-04
1.467174809113373486e-04
1.443329307376770606e-04
1.442151056223313300e-04
1.418758002798922605e-04
1.448503392682032093e-04
1.415943997534769704e-04
1.429795131434822696e-04
1.401719340932555138e-04
1.401677899363775283e-04
1.392185646232083573e-04
1.380197793453712184e-04
1.367725523022665678e-04
1.351882066242289916e-04
1.386025486798273063e-04
1.357595227613020460e-04
1.348770230327482784e-04
1.332997486595098732e-04
1.330626946156062795e-04
1.318602619392501038e-04
1.305359514842068631e-04
1.291301788744540725e-04
1.286576611137848223e-04
1.270010112088085523e-04
1.325494790999203073e-04
1.269379610959211178e-04
1.267496875536785442e-04
1.249921919848055881e-04
1.236188721843949729e-04
1.234233925239942929e-04
1.287135990414363818e-04
1.234376987336081139e-04
1.238129179871037041e-04
1.224278838547240410e-04
1.218961993665225853e-04
1.206310349138708032e-04
1.203563857068443773e-04
1.250581451512117908e-04
1.194162085437613306e-04
1.224047497413165858e-04
1.194254513950928698e-04
1.178530110026745453e-04
1.172509150706501578e-04
1.161860056122084538e-04
1.169959520745400967e-04
1.150310644554366785e-04
1.151183997466044751e-04
1.141709037779399375e-04
1.129411601460178407e-04
1.119302964992122205e-04
1.108776856951302627e-04
1.111812207205323510e-04
1.120179590011398878e-04
1.118962414180081437e-04
1.104984690924679520e-04
1.099211849666788346e-04
1.091171390058624362e-04
1.082906874234206582e-04
1.071953110261961238e-04
1.059818686065735224e-04
1.081126375660111731e-04
1.075147072263946086e-04
1.060729173763002604e-04
1.066235469700876161e-04
1.054309183040909976e-04
1.047196040434279318e-04
1.050850713575156005e-04
1.038880602853362853e-04
1.043167409430175617e-04
1.023216790016704802e-04
1.017982848216974535e-04
1.007269350986429653e-04
9.944921104538620720e-05
9.780666819941389613e-05
9.675425366350079697e-05
9.290916762122042587e-05
9.510646591750251651e-05
9.474364447768191216e-05
9.527967238536425834e-05
9.291370831826815729e-05
9.194468440110559833e-05
9.037926993293323406e-05
8.864816032251295139e-05
8.645458287558056105e-05
8.876726398495647923e-05
8.755637222509314176e-05
8.581004061831400337e-05
8.456989885015516427e-05
8.515235162094210734e-05
8.564607243912623024e-05
8.480972191378549922e-05
8.507355363373915783e-05
8.443160575368025369e-05
8.381384347126270243e-05
8.386424986786471616e-05
8.346223818175648487e-05
8.278905360445978868e-05
8.200202351385494455e-05
8.112585595740123747e-05
8.001000288265026949e-05
7.892332389175516199e-05
7.741195024262201004e-05
7.778423864961608652e-05
7.743556339673220070e-05
7.987006409189526283e-05
7.665546861327161745e-05
7.924070628804739578e-05
7.731826882226621258e-05
7.844418412989780803e-05
7.774898332253612349e-05
7.759677889704565048e-05
7.754474147867400748e-05
7.712045965590126628e-05
7.709201487183636042e-05
7.664107313967495367e-05
7.666865689076417375e-05
7.626264435664803119e-05
7.617439961513539515e-05
7.531723121326878382e-05
7.700541886488628310e-05
7.580414798001767910e-05
7.555802504568468034e-05
7.583163320304904856e-05
7.502093625345183827e-05
7.511335149411573885e-05
7.463208985401599169e-05
7.450410851145507403e-05
7.392011053374457558e-05
7.337473612664086411e-05
7.340046315163451191e-05
7.136875320182915219e-05
7.299431236714008797e-05
7.213262832989707067e-05
7.324197769783082936e-05
7.127529217075594331e-05
7.235248958836817945e-05
7.135310810420021253e-05
7.179140588417315882e-05
7.165874232613365176e-05
7.100349691857188071e-05
7.106856306954992069e-05
7.075437505520003909e-05
7.061410738698511275e-05
7.074100216322874919e-05
7.137903769689990475e-05
7.044335550722770377e-05
7.108793520682306702e-05
7.050981110681962024e-05
7.037405424141253689e-05
7.021403479781563228e-05
7.005354886366477868e-05
6.971301564201962282e-05
6.967173248367571471e-05
6.958465234844128731e-05
6.861878394885178396e-05
7.004655181960288348e-05
6.887454030742369852e-05
6.872004795348987216e-05
6.837529571420965192e-05
6.812215968783672090e-05
6.773713314731257115e-05
6.715233069971627861e-05
6.773179904043956010e-05
6.734978862356875984e-05
6.677745570662331693e-05
6.583467290368236690e-05
6.619820449929270871e-05
6.498478461491184646e-05
6.470594979067933095e-05
6.502544769476892002e-05
6.614462875570408646e-05
6.576771474856790364e-05
6.556040291082406454e-05
6.536338056451236199e-05
6.517238163504141825e-05
6.455962745439431251e-05
6.467164055169144607e-05
6.441126684594463672e-05
6.407555772126141181e-05
6.336360066277933148e-05
6.291219402240854199e-05
6.249489851669526622e-05
6.351802210456978593e-05
6.355179211765360318e-05
6.303576363109873900e-05
6.314930083960156330e-05
6.276804584750026806e-05
6.257540076583786371e-05
6.223856126190663004e-05
6.197129902163730554e-05
6.147751461508637856e-05
6.023506357486104173e-05
6.063090012777625756e-05
5.955216759895077844e-05
5.972184374552676076e-05
5.972991202144299649e-05
5.948929953592822561e-05
5.921032405762397351e-05
5.883558727374795753e-05
5.839609202617757316e-05
5.758246848551321263e-05
5.798678471459767366e-05
5.657849271446758685e-05
5.716130045403406551e-05
5.616481299684330158e-05
5.579296963840859122e-05
5.495995500549163227e-05
5.442839558021431813e-05
5.359704667072005889e-05
5.277153643931958729e-05
5.386828824534772246e-05
5.294188779082161813e-05
5.220351570010927890e-05
5.216192999046424014e-05
5.227699991086860108e-05
5.149970375644947438e-05
5.207552454850354948e-05
5.197717384529047222e-05
5.140304557304651212e-05
5.195780118601762575e-05
5.137113122908277613e-05
5.127608279301116385e-05
5.084442911293293428e-05
5.011675052478254647e-05
5.010283511152410497e-05
4.969904509659741552e-05
4.926664850056550925e-05
4.876743777598665396e-05
4.828230253092671826e-05
5.242027427265713330e-05
4.795038259653850967e-05
4.740778721405239653e-05
4.679319582002542115e-05
5.017131863812116242e-05
4.729002896508705244e-05
4.655615137147060790e-05
4.641390267819424094e-05
4.682510874316554077e-05
4.622146407299286032e-05
4.670399563656695582e-05
4.609053497227013794e-05
4.654086632148134037e-05
4.622027628185491216e-05
4.607237572565831094e-05
4.588319657837424607e-05
4.561223930899186964e-05
4.523752393668968190e-05
4.487332828082487581e-05
4.464988462746260394e-05
4.400174706920377538e-05
4.568413596237425137e-05
4.434353545534501967e-05
4.408213935416522688e-05
4.376721151308574911e-05
4.355635720507677753e-05
4.318939226112668647e-05
4.273988321279176679e-05
4.256921790474684370e-05
4.417235460501009952e-05
4.238652223117216929e-05
4.347023710399345757e-05
4.244043725559342746e-05
4.240628455198247479e-05
4.229599133089884013e-05
4.204798886537962170e-05
4.183369182882901762e-05
4.153083462157307012e-05
4.149917484696502156e-05
4.103880270799787234e-05
4.069004810180292111e-05
4.040043253408743748e-05
3.985775592586922425e-05
3.966786750550499034e-05
3.861172290922311776e-05
4.482735927973055556e-05
3.839187630247970249e-05
4.157507233632811756e-05
3.886238475448594316e-05
3.829970078482715449e-05
3.908186101629146169e-05
3.845028332922278080e-05
3.853453741019705297e-05
3.835986838097441080e-05
3.820394765467050166e-05
3.879031162370978711e-05
3.802585455790419901e-05
3.836895676996891161e-05
3.800248007226460852e-05
3.793933328824965017e-05
3.769492752245347033e-05
3.747154911160405417e-05
3.725277453479915304e-05
3.699976453974731643e-05
3.680233968328047045e-05
3.641107772961175624e-05
3.755107770243747487e-05
3.672847476166624412e-05
3.706881078067948351e-05
3.702000232322360537e-05
3.664809230364848798e-05
3.670383501720395227e-05
3.642431407849711263e-05
3.626228680350587747e-05
3.602549544430512420e-05
3.573098873457136075e-05
3.538808863319235927e-05
3.494420805913841583e-05
3.430821439801398827e-05
3.466409913073799343e-05
3.453081267739470882e-05
3.452867930864488363e-05
3.462360882212786134e-05
3.438614072696923426e-05
3.434740461149977643e-05
3.408903418754224729e-05
3.382742967050680877e-05
3.351192198621916050e-05
3.322786660495210436e-05
3.314449310998010133e-05
3.373070698171342393e-05
3.327970507986431701e-05
3.317610456973638994e-05
3.297713698546550514e-05
3.275966313994637313e-05
3.252375640755159818e-05
3.223334448340443609e-05
3.197664211365113662e-05
3.223033398551970925e-05
3.198376509310594412e-05
3.216899465747022634e-05
3.203198918120724666e-05
3.205533764569434640e-05
3.204625675041914763e-05
3.195726595534909199e-05
3.188439187337873944e-05
3.186495650733104816e-05
3.185504300403963911e-05
3.167208192146152827e-05
3.244940692575186387e-05
3.154322584130365861e-05
3.159720629099673183e-05
3.109557684003918111e-05
3.115319447204448406e-05
3.065227886883926608e-05
3.153462601977639554e-05
3.083353655911453645e-05
3.119440053191629503e-05
3.090366335262386039e-05
3.084484707210777429e-05
3.075534398867080607e-05
3.064421587721781487e-05
3.051299789171950451e-05
3.053910394191970771e-05
3.037285339942282807e-05
3.022510144610901996e-05
2.998044488361825062e-05
3.038544578665929692e-05
3.011008592667401113e-05
3.019943204715554570e-05
3.005046183354649511e-05
2.979590608542425888e-05
2.992350659213561937e-05
2.981046152980600518e-05
2.978397321135413527e-05
2.951930843272398839e-05
2.973272729207793747e-05
2.949665538413626383e-05
2.951697802381331347e-05
2.940980521760448317e-05
2.929299845747058563e-05
2.915603597608821773e-05
2.900416699764695158e-05
2.866251899362680627e-05
2.881895459869923879e-05
2.835010149775720476e-05
2.881556032570254506e-05
2.842908097012077044e-05
2.869984568935749544e-05
2.850762684173849910e-05
2.849592888123901008e-05
2.840338978541898096e-05
2.830197203255750482e-05
2.815905713038581971e-05
2.800967998527008600e-05
2.781663721466015661e-05
2.763828627597184623e-05
2.717747749475354267e-05
2.719050082043737306e-05
2.703638032137461314e-05
2.721056353633420687e-05
2.697109960844815100e-05
2.677146695050137235e-05
2.664889837432480766e-05
2.634157446961284439e-05
2.681971937603943874e-05
2.643747317045792847e-05
2.666146259288819395e-05
2.654553255204190158e-05
2.650006404457083518e-05
2.643347004202703540e-05
2.636918036200542906e-05
2.609201524036197152e-05
2.633032663876440360e-05
2.626553079834792942e-05
2.621155609203198425e-05
2.599005962357985351e-05
2.591907034010232426e-05
2.581173928098351781e-05
2.595464519946316082e-05
2.551010290531154865e-05
2.562776751253405128e-05
2.530774214031182749e-05
2.521479864190735696e-05
2.499844187229811036e-05
2.474434776956919380e-05
2.447396910362377291e-05
2.416230255268270245e-05
2.382588513952943753e-05
2.355503346377556088e-05
2.848463610722853689e-05
2.332030090381889085e-05
2.577737703489340907e-05
2.341506352394821230e-05
2.415866403035998964e-05
2.350963117305397175e-05
2.353748847141302233e-05
2.335230275457980808e-05
2.320787895893026016e-05
2.320508279072640826e-05
2.297413666326157954e-05
2.346375537382511717e-05
2.312452491211396236e-05
2.306773476213537949e-05
2.315140599604320387e-05
2.304248763520131958e-05
2.297541043244424254e-05
2.291816087547846929e-05
2.282791537587480375e-05
2.271803051451535131e-05
2.254046180859109089e-05
2.278010744963347904e-05
2.237777497243162821e-05
2.287717693904408255e-05
2.260304529912165886e-05
2.248739899482537897e-05
2.246151640804535800e-05
2.227555172563383721e-05
2.220712297322793377e-05
2.204226791382175984e-05
2.188366252676926603e-05
2.172521392040685327e-05
2.149815781419025029e-05
2.125554950871463624e-05
2.104503886329060276e-05
2.068513261166109925e-05
2.136780412194065531e-05
2.066193608621107229e-05
2.112022558411935148e-05
2.114450279221738224e-05
2.082226434330558792e-05
2.107892764939629085e-05
2.102783538235524763e-05
2.092992484146763581e-05
2.097738369393788160e-05
2.075111007527154146e-05
2.084392387446424311e-05
2.082356521496501469e-05
2.078975225082683269e-05
2.073450196906402734e-05
2.061021076964746017e-05
2.064608490203825885e-05
2.034229452264025046e-05
2.017396109988523912e-05
2.051210127091037178e-05
2.026328982059140725e-05
2.027263189290874751e-05
2.023220514738099813e-05
2.017852495703060988e-05
2.011338644129855607e-05
2.003130705475420696e-05
1.994292515533633558e-05
1.981114841391023104e-05
1.969786862626282439e-05
1.943558475252885821e-05
1.950904083173974553e-05
1.912803329019741874e-05
2.115753807582405424e-05
1.898844684776253248e-05
2.009045504283754654e-05
1.916132278094664982e-05
1.904584336808970123e-05
1.894626575494201356e-05
1.941798501243906344e-05
1.886533748785750456e-05
1.929041350905064640e-05
1.894243835221593442e-05
1.892146313739345064e-05
1.885552053123387106e-05
1.890537122468496345e-05
1.882504419563734368e-05
1.876850623420314764e-05
1.869110243112865382e-05
1.859987878177141789e-05
1.850451339512994081e-05
1.881412062061876164e-05
1.841900047651121635e-05
1.879276669688627194e-05
1.839998777049699945e-05
1.862394100935418651e-05
1.848921993163395877e-05
1.857939416455634050e-05
1.842021880878755248e-05
1.841173375853119310e-05
1.835552363882669594e-05
1.829362176454328633e-05
1.822184185782797669e-05
1.810653310191023759e-05
1.802410790898276006e-05
1.791304722270367923e-05
1.814427462381634751e-05
1.793790965926149539e-05
1.798167052631163883e-05
1.803223341644106192e-05
1.792381735933679660e-05
1.791809214358029931e-05
1.781752640502809698e-05
1.776241582679676662e-05
1.762144129779575670e-05
1.753178417188934465e-05
1.741729889081531250e-05
1.694701617338624429e-05
1.820424261519573261e-05
1.689370942728527744e-05
1.757401288394810096e-05
1.713536893354822613e-05
1.690821561892052647e-05
1.707346881358764217e-05
1.681655939217208251e-05
1.713995093189579769e-05
1.693192098703386061e-05
1.694302683873873426e-05
1.694607403815476425e-05
1.690224393582472417e-05
1.685171182234582646e-05
1.671937663608681401e-05
1.664705485244308161e-05
1.671210766125125728e-05
1.662977832647218439e-05
1.655059465457525128e-05
1.636402777149553332e-05
1.675546333530239797e-05
1.617482383693327804e-05
1.655909804975756806e-05
1.628510425735687852e-05
1.648180764508232313e-05
1.646761309640938178e-05
1.629057860728707423e-05
1.657710741812667090e-05
1.626666726831728065e-05
1.638623292154240709e-05
1.613152110155290821e-05
1.612826066178959622e-05
1.597101188895312635e-05
1.585991263628839870e-05
1.544411887277112686e-05
1.586211170706099520e-05
1.576904639011789350e-05
1.571385881429717083e-05
1.532743101301750366e-05
1.572515243827726466e-05
1.548385031787302604e-05
1.557533551635501720e-05
1.553067279599732868e-05
1.548815630736113271e-05
1.544015116463444407e-05
1.521816121210575519e-05
1.512723759320759600e-05
1.545741028895165895e-05
1.490825354236358072e-05
1.490190115663073372e-05
1.453695591312441766e-05
1.442758683416061697e-05
1.412317219976756283e-05
1.386088747569699728e-05
1.449461113177557548e-05
1.364244533214875057e-05
1.425261304029905642e-05
1.370639596835713827e-05
1.412267317822368638e-05
1.382926217935832460e-05
1.407096618703947755e-05
1.398325662403765803e-05
1.396168916004768218e-05
1.389813694334148286e-05
1.393905693254005055e-05
1.388485673013963019e-05
1.383042440225872788e-05
1.361949053896848052e-05
1.373316169976801340e-05
1.350791394101295235e-05
1.349665735633425846e-05
1.338576276090909784e-05
1.320210368404316946e-05
1.306238246743783356e-05
1.284532702728385383e-05
1.263160040801542119e-05
1.211209825700293536e-05
1.374433861960448450e-05
1.214244410854771385e-05
1.310743201418663307e-05
1.240677454146103943e-05
1.284820787017037479e-05
1.253571211850971332e-05
1.267322679690870230e-05
1.252010301356050162e-05
1.243478740829729840e-05
1.254727075528005030e-05
1.239760824473251785e-05
1.242940032913434513e-05
1.232133210727012705e-05
1.225683312408010263e-05
1.238989966360136618e-05
1.216633565452100641e-05
1.254637374246401110e-05
1.224526739695339762e-05
1.239515065863842639e-05
1.234252426196414945e-05
1.233197014130224576e-05
1.231556475154359866e-05
1.217350915517906262e-05
1.233826481186567745e-05
1.232024470566587385e-05
1.217391393872364987e-05
1.231109800023956052e-05
1.220235050999608977e-05
1.226305342754408070e-05
1.228924423759674770e-05
1.220188152555571102e-05
1.222655122458548702e-05
1.220974944335822724e-05
1.219002286396696752e-05
1.211839878644439110e-05
1.224152543798863766e-05
1.178572908086456411e-05
1.221128933112415198e-05
1.203617625522744699e-05
1.207005445861699111e-05
1.199423009605510308e-05
1.198398633545117214e-05
1.195725588632925030e-05
1.182404092003492401e-05
1.185589034901212517e-05
1.146417775202332988e-05
1.188290947900087959e-05
1.161491738740280147e-05
1.199011994379251347e-05
1.172600019596965199e-05
1.182694407775120971e-05
1.190957901947891125e-05
1.186647706791812330e-05
1.180183341987698109e-05
1.182972880841360100e-05
1.184727028361849323e-05
1.186741998932584729e-05
1.188651975673462968e-05
1.190486406804889395e-05
1.189463309580317178e-05
1.194164531517264257e-05
1.194658068321943534e-05
1.202682754446801679e-05
1.197631533229927382e-05
1.206761510327277990e-05
1.204097942086766740e-05
1.212364601593164731e-05
1.236212354222034783e-05
1.216100807663035364e-05
1.239553698333394206e-05
1.633286715733825087e-05
1.251280302871518067e-05
1.218899092514113232e-05
1.333308457055077387e-05
1.234574588277053699e-05
1.306855463958254352e-05
1.255306955049318918e-05
1.230689824917941234e-05
1.259237860794128900e-05
1.242339994441895196e-05
1.244229614553224264e-05
1.244187982224808845e-05
1.254005699303520498e-05
1.249835206118453810e-05
1.249355819492818197e-05
1.255400203322425839e-05
1.254542468183483339e-05
1.255293429876250946e-05
1.258425052234728079e-05
1.249275673692925680e-05
1.266750555882194584e-05
1.256926400728708876e-05
1.267811139625985282e-05
1.266738230463432287e-05
1.299378376291015572e-05
1.244385746402608550e-05
1.279990358391271190e-05
1.254167641442123194e-05
1.278381380056939882e-05
1.260766831803947604e-05
1.269082996885038633e-05
1.266608489633848962e-05
1.267031846345025752e-05
1.265616041341656437e-05
1.266100610079536996e-05
1.266543013882866224e-05
1.267013689934412085e-05
1.263115948482269035e-05
1.264148961107434293e-05
1.268182880672299424e-05
1.297490443011455977e-05
1.253482577301553632e-05
1.279740746788220403e-05
1.256819451074251162e-05
1.263296857578851487e-05
1.261463541842876876e-05
1.259847561402712920e-05
1.260419072054980799e-05
1.254280757343432276e-05
1.257940982800460603e-05
1.255208462353426379e-05
1.252311752517226908e-05
1.255835291777281433e-05
1.244009562651905896e-05
