1.666666666666667140e+01
3.739999999999999858e+01
1.666666666666667140e+01
3.744166666666666998e+01
6.617777777777777715e+01
3.962222222222222001e+01
6.204722222222222427e+01
6.023333333333333428e+01
9.345555555555554861e+01
9.016388888888889142e+01
8.307777777777778283e+01
9.622222222222222854e+01
8.638888888888888573e+01
9.815555555555555145e+01
9.633055555555554861e+01
9.528888888888889142e+01
9.863055555555555998e+01
9.685555555555555429e+01
9.878055555555555145e+01
9.858888888888888857e+01
9.894166666666666288e+01
9.846111111111110858e+01
9.901666666666666572e+01
9.918888888888888289e+01
9.925833333333333997e+01
9.933611111111110858e+01
9.934722222222222854e+01
9.960277777777777430e+01
9.940833333333333144e+01
9.970277777777778283e+01
9.944444444444444287e+01
9.975277777777777999e+01
9.964444444444444571e+01
9.976388888888888573e+01
9.977777777777777146e+01
9.968055555555555713e+01
9.980555555555555713e+01
9.974166666666666003e+01
9.973888888888889426e+01
9.974444444444444002e+01
9.972777777777777430e+01
9.979166666666667140e+01
9.973888888888889426e+01
9.979999999999999716e+01
9.975277777777777999e+01
9.976944444444444571e+01
9.977222222222222570e+01
9.977777777777777146e+01
9.978888888888889142e+01
9.979166666666667140e+01
9.980555555555555713e+01
9.979444444444445139e+01
9.979722222222221717e+01
9.979999999999999716e+01
9.979722222222221717e+01
9.983055555555554861e+01
9.981111111111111711e+01
9.983055555555554861e+01
9.983611111111110858e+01
9.984444444444444855e+01
9.984444444444444855e+01
9.984722222222222854e+01
9.984999999999999432e+01
9.986944444444444002e+01
9.983333333333332860e+01
9.986944444444444002e+01
9.984444444444444855e+01
9.986666666666666003e+01
9.985277777777777430e+01
9.986666666666666003e+01
9.986388888888889426e+01
9.986944444444444002e+01
9.981388888888888289e+01
9.985555555555555429e+01
9.987777777777777999e+01
9.986666666666666003e+01
9.986111111111111427e+01
9.987222222222222001e+01
9.988333333333333997e+01
9.986388888888889426e+01
9.986944444444444002e+01
9.986388888888889426e+01
9.986388888888889426e+01
9.987222222222222001e+01
9.988055555555555998e+01
9.987500000000000000e+01
9.989166666666666572e+01
9.988333333333333997e+01
9.988888888888888573e+01
9.988888888888888573e+01
9.988611111111110574e+01
9.989166666666666572e+01
9.988888888888888573e+01
9.989444444444444571e+01
9.989166666666666572e+01
9.989166666666666572e+01
9.989166666666666572e+01
9.989444444444444571e+01
9.989444444444444571e+01
9.989444444444444571e+01
9.989722222222222570e+01
9.990000000000000568e+01
9.988888888888888573e+01
9.989722222222222570e+01
9.989722222222222570e+01
9.989722222222222570e+01
9.989444444444444571e+01
9.990277777777777146e+01
9.989166666666666572e+01
9.989722222222222570e+01
9.989444444444444571e+01
9.990000000000000568e+01
9.989722222222222570e+01
9.989722222222222570e+01
9.990277777777777146e+01
9.990277777777777146e+01
9.990277777777777146e+01
9.989444444444444571e+01
9.990277777777777146e+01
9.990277777777777146e+01
9.990000000000000568e+01
9.990277777777777146e+01
9.990555555555555145e+01
9.990555555555555145e+01
9.990555555555555145e+01
9.990555555555555145e+01
9.990555555555555145e+01
9.990000000000000568e+01
9.990833333333333144e+01
9.990555555555555145e+01
9.990833333333333144e+01
9.990833333333333144e+01
9.991111111111111143e+01
9.990000000000000568e+01
9.991111111111111143e+01
9.990833333333333144e+01
9.990833333333333144e+01
9.990833333333333144e+01
9.990833333333333144e+01
9.991111111111111143e+01
9.990277777777777146e+01
9.991388888888889142e+01
9.990555555555555145e+01
9.990833333333333144e+01
9.991388888888889142e+01
9.991388888888889142e+01
9.991388888888889142e+01
9.991111111111111143e+01
9.991388888888889142e+01
9.991666666666667140e+01
9.991388888888889142e+01
9.991388888888889142e+01
9.991388888888889142e+01
9.991388888888889142e+01
9.991666666666667140e+01
9.991666666666667140e+01
9.991388888888889142e+01
9.991388888888889142e+01
9.991388888888889142e+01
9.991666666666667140e+01
9.991666666666667140e+01
9.991666666666667140e+01
9.992222222222221717e+01
9.991944444444445139e+01
9.991944444444445139e+01
9.992222222222221717e+01
9.991944444444445139e+01
9.991944444444445139e+01
9.991944444444445139e+01
9.991944444444445139e+01
9.992499999999999716e+01
9.991944444444445139e+01
9.992499999999999716e+01
9.991944444444445139e+01
9.991944444444445139e+01
9.991944444444445139e+01
9.991944444444445139e+01
9.991944444444445139e+01
9.992777777777777715e+01
9.992499999999999716e+01
9.992222222222221717e+01
9.992222222222221717e+01
9.993055555555555713e+01
9.992777777777777715e+01
9.992777777777777715e+01
9.992499999999999716e+01
9.992499999999999716e+01
9.992222222222221717e+01
9.992499999999999716e+01
9.992499999999999716e+01
9.992499999999999716e+01
9.992499999999999716e+01
9.992499999999999716e+01
9.992777777777777715e+01
9.992777777777777715e+01
9.992777777777777715e+01
9.993055555555555713e+01
9.992777777777777715e+01
9.993055555555555713e+01
9.993055555555555713e+01
9.993055555555555713e+01
9.993055555555555713e+01
9.993055555555555713e+01
9.993055555555555713e+01
9.993055555555555713e+01
9.993333333333333712e+01
9.993055555555555713e+01
9.992499999999999716e+01
9.992777777777777715e+01
9.992777777777777715e+01
9.993055555555555713e+01
9.993055555555555713e+01
9.993055555555555713e+01
9.993055555555555713e+01
9.993055555555555713e+01
9.993055555555555713e+01
9.993055555555555713e+01
9.993055555555555713e+01
9.993055555555555713e+01
9.993055555555555713e+01
9.993055555555555713e+01
9.993611111111111711e+01
9.993055555555555713e+01
9.993055555555555713e+01
9.993055555555555713e+01
9.993055555555555713e+01
9.993055555555555713e+01
9.993055555555555713e+01
9.993055555555555713e+01
9.993055555555555713e+01
9.993055555555555713e+01
9.993055555555555713e+01
9.993055555555555713e+01
9.994722222222222285e+01
9.993055555555555713e+01
9.993611111111111711e+01
9.993055555555555713e+01
9.993611111111111711e+01
9.993055555555555713e+01
9.993611111111111711e+01
9.993055555555555713e+01
9.993055555555555713e+01
9.993611111111111711e+01
9.993611111111111711e+01
9.993333333333333712e+01
9.994166666666666288e+01
9.993055555555555713e+01
9.993611111111111711e+01
9.993333333333333712e+01
9.993333333333333712e+01
9.993333333333333712e+01
9.993333333333333712e+01
9.993333333333333712e+01
9.993333333333333712e+01
9.993888888888888289e+01
9.993611111111111711e+01
9.993888888888888289e+01
9.994722222222222285e+01
9.993611111111111711e+01
9.994722222222222285e+01
9.993611111111111711e+01
9.994444444444444287e+01
9.994166666666666288e+01
9.994444444444444287e+01
9.993888888888888289e+01
9.994166666666666288e+01
9.994166666666666288e+01
9.994722222222222285e+01
9.994722222222222285e+01
9.995000000000000284e+01
9.995000000000000284e+01
9.995277777777778283e+01
9.994444444444444287e+01
9.994722222222222285e+01
9.994166666666666288e+01
9.995277777777778283e+01
9.994166666666666288e+01
9.994722222222222285e+01
9.994444444444444287e+01
9.995000000000000284e+01
9.995000000000000284e+01
9.995000000000000284e+01
9.995000000000000284e+01
9.995277777777778283e+01
9.995555555555554861e+01
9.995277777777778283e+01
9.994722222222222285e+01
9.995277777777778283e+01
9.994722222222222285e+01
9.994722222222222285e+01
9.994722222222222285e+01
9.994722222222222285e+01
9.994722222222222285e+01
9.995000000000000284e+01
9.995555555555554861e+01
9.995000000000000284e+01
9.995555555555554861e+01
9.995555555555554861e+01
9.995555555555554861e+01
9.995555555555554861e+01
9.995833333333332860e+01
9.995833333333332860e+01
9.995833333333332860e+01
9.995833333333332860e+01
9.995833333333332860e+01
9.995833333333332860e+01
9.995833333333332860e+01
9.995833333333332860e+01
9.995555555555554861e+01
9.995555555555554861e+01
9.995555555555554861e+01
9.995555555555554861e+01
9.995555555555554861e+01
9.996944444444444855e+01
9.995833333333332860e+01
9.996666666666666856e+01
9.996111111111110858e+01
9.995833333333332860e+01
9.996388888888888857e+01
9.995833333333332860e+01
9.995833333333332860e+01
9.996111111111110858e+01
9.995833333333332860e+01
9.995833333333332860e+01
9.996111111111110858e+01
9.995833333333332860e+01
9.996388888888888857e+01
9.996388888888888857e+01
9.996388888888888857e+01
9.996666666666666856e+01
9.996944444444444855e+01
9.996666666666666856e+01
9.995833333333332860e+01
9.996666666666666856e+01
9.996666666666666856e+01
9.996666666666666856e+01
9.996388888888888857e+01
9.996666666666666856e+01
9.996666666666666856e+01
9.996666666666666856e+01
9.996666666666666856e+01
9.996944444444444855e+01
9.996944444444444855e+01
9.996666666666666856e+01
9.996944444444444855e+01
9.996944444444444855e+01
9.996944444444444855e+01
9.996944444444444855e+01
9.996944444444444855e+01
9.996944444444444855e+01
9.996944444444444855e+01
9.996944444444444855e+01
9.996666666666666856e+01
9.996944444444444855e+01
9.996666666666666856e+01
9.996666666666666856e+01
9.996666666666666856e+01
9.996666666666666856e+01
9.996666666666666856e+01
9.996666666666666856e+01
9.996944444444444855e+01
9.996666666666666856e+01
9.996944444444444855e+01
9.996944444444444855e+01
9.996666666666666856e+01
9.996666666666666856e+01
9.996944444444444855e+01
9.996944444444444855e+01
9.996944444444444855e+01
9.996944444444444855e+01
9.996944444444444855e+01
9.996944444444444855e+01
9.997222222222222854e+01
9.997222222222222854e+01
9.997222222222222854e+01
9.997222222222222854e+01
9.997222222222222854e+01
9.996388888888888857e+01
9.997222222222222854e+01
9.996666666666666856e+01
9.997499999999999432e+01
9.997222222222222854e+01
9.997222222222222854e+01
9.997499999999999432e+01
9.997499999999999432e+01
9.997499999999999432e+01
9.997499999999999432e+01
9.997499999999999432e+01
9.997499999999999432e+01
9.997499999999999432e+01
9.997499999999999432e+01
9.997499999999999432e+01
9.997777777777777430e+01
9.997777777777777430e+01
9.997777777777777430e+01
9.997777777777777430e+01
9.997777777777777430e+01
9.997499999999999432e+01
9.997499999999999432e+01
9.997499999999999432e+01
9.997499999999999432e+01
9.997777777777777430e+01
9.997777777777777430e+01
9.997777777777777430e+01
9.997777777777777430e+01
9.997777777777777430e+01
9.997777777777777430e+01
9.997777777777777430e+01
9.997777777777777430e+01
9.997777777777777430e+01
9.997777777777777430e+01
9.997777777777777430e+01
9.998055555555555429e+01
9.997777777777777430e+01
9.997777777777777430e+01
9.997777777777777430e+01
9.997777777777777430e+01
9.997777777777777430e+01
9.997777777777777430e+01
9.998055555555555429e+01
9.998055555555555429e+01
9.998055555555555429e+01
9.997777777777777430e+01
9.998055555555555429e+01
9.998055555555555429e+01
9.998055555555555429e+01
9.998055555555555429e+01
9.998055555555555429e+01
9.998055555555555429e+01
9.998055555555555429e+01
9.997777777777777430e+01
9.998055555555555429e+01
9.997777777777777430e+01
9.998055555555555429e+01
9.998055555555555429e+01
9.998055555555555429e+01
9.998055555555555429e+01
9.998055555555555429e+01
9.998055555555555429e+01
9.998055555555555429e+01
9.998055555555555429e+01
9.998055555555555429e+01
9.998055555555555429e+01
9.998055555555555429e+01
9.998055555555555429e+01
9.998055555555555429e+01
9.998055555555555429e+01
9.997777777777777430e+01
9.998333333333333428e+01
9.998055555555555429e+01
9.998055555555555429e+01
9.998055555555555429e+01
9.998055555555555429e+01
9.998055555555555429e+01
9.998333333333333428e+01
9.998055555555555429e+01
9.998055555555555429e+01
9.998055555555555429e+01
9.998333333333333428e+01
9.998055555555555429e+01
9.998333333333333428e+01
9.998055555555555429e+01
9.998333333333333428e+01
9.998333333333333428e+01
9.998333333333333428e+01
9.998333333333333428e+01
9.998333333333333428e+01
9.998333333333333428e+01
9.998055555555555429e+01
9.998333333333333428e+01
9.998333333333333428e+01
9.998333333333333428e+01
9.998333333333333428e+01
9.998333333333333428e+01
9.998333333333333428e+01
9.998333333333333428e+01
9.998333333333333428e+01
9.998333333333333428e+01
9.998333333333333428e+01
9.998333333333333428e+01
9.998333333333333428e+01
9.998333333333333428e+01
9.998333333333333428e+01
9.998333333333333428e+01
9.998333333333333428e+01
9.998333333333333428e+01
9.998333333333333428e+01
9.998333333333333428e+01
9.998333333333333428e+01
9.998333333333333428e+01
9.998333333333333428e+01
9.998333333333333428e+01
9.998333333333333428e+01
9.998333333333333428e+01
9.998333333333333428e+01
9.998333333333333428e+01
9.998333333333333428e+01
9.998333333333333428e+01
9.998333333333333428e+01
9.998333333333333428e+01
9.998333333333333428e+01
9.998333333333333428e+01
9.998333333333333428e+01
9.998611111111111427e+01
9.998333333333333428e+01
9.998611111111111427e+01
9.998611111111111427e+01
9.998611111111111427e+01
9.998333333333333428e+01
9.998333333333333428e+01
9.998333333333333428e+01
9.998333333333333428e+01
9.998333333333333428e+01
9.998611111111111427e+01
9.998611111111111427e+01
9.998611111111111427e+01
9.998611111111111427e+01
9.998611111111111427e+01
9.998611111111111427e+01
9.998611111111111427e+01
9.998611111111111427e+01
9.998611111111111427e+01
9.998055555555555429e+01
9.998888888888889426e+01
9.998055555555555429e+01
9.998611111111111427e+01
9.998333333333333428e+01
9.998611111111111427e+01
9.998611111111111427e+01
9.998611111111111427e+01
9.998611111111111427e+01
9.998611111111111427e+01
9.998611111111111427e+01
9.998611111111111427e+01
9.998611111111111427e+01
9.998611111111111427e+01
9.998611111111111427e+01
9.998611111111111427e+01
9.998611111111111427e+01
9.998611111111111427e+01
9.998611111111111427e+01
9.998611111111111427e+01
9.998611111111111427e+01
9.998611111111111427e+01
9.998611111111111427e+01
9.998611111111111427e+01
9.998611111111111427e+01
9.998611111111111427e+01
9.998611111111111427e+01
9.998611111111111427e+01
9.998611111111111427e+01
9.998611111111111427e+01
9.998611111111111427e+01
9.998611111111111427e+01
9.998611111111111427e+01
9.998611111111111427e+01
9.998611111111111427e+01
9.999166666666666003e+01
9.998611111111111427e+01
9.998888888888889426e+01
9.998611111111111427e+01
9.998611111111111427e+01
9.998888888888889426e+01
9.998611111111111427e+01
9.998611111111111427e+01
9.998611111111111427e+01
9.998611111111111427e+01
9.998611111111111427e+01
9.998611111111111427e+01
9.998611111111111427e+01
9.998611111111111427e+01
9.998611111111111427e+01
9.998611111111111427e+01
9.998611111111111427e+01
9.998611111111111427e+01
9.998888888888889426e+01
9.998611111111111427e+01
9.998888888888889426e+01
9.998611111111111427e+01
9.998611111111111427e+01
9.998888888888889426e+01
9.998888888888889426e+01
9.998888888888889426e+01
9.998888888888889426e+01
9.998888888888889426e+01
9.998888888888889426e+01
9.998888888888889426e+01
9.998888888888889426e+01
9.999166666666666003e+01
9.998611111111111427e+01
9.998888888888889426e+01
9.998611111111111427e+01
9.998888888888889426e+01
9.998888888888889426e+01
9.998888888888889426e+01
9.998611111111111427e+01
9.998888888888889426e+01
9.998611111111111427e+01
9.998888888888889426e+01
9.998888888888889426e+01
9.998888888888889426e+01
9.998888888888889426e+01
9.998888888888889426e+01
9.998888888888889426e+01
9.998888888888889426e+01
9.998888888888889426e+01
9.998888888888889426e+01
9.998611111111111427e+01
9.999166666666666003e+01
9.998888888888889426e+01
9.998888888888889426e+01
9.998888888888889426e+01
9.998888888888889426e+01
9.998888888888889426e+01
9.998888888888889426e+01
9.998888888888889426e+01
9.998888888888889426e+01
9.998888888888889426e+01
9.998888888888889426e+01
9.998888888888889426e+01
9.998888888888889426e+01
9.999166666666666003e+01
9.998888888888889426e+01
9.999166666666666003e+01
9.998888888888889426e+01
9.998888888888889426e+01
9.998888888888889426e+01
9.998888888888889426e+01
9.998888888888889426e+01
9.998888888888889426e+01
9.999166666666666003e+01
9.999166666666666003e+01
9.999166666666666003e+01
9.999166666666666003e+01
9.998611111111111427e+01
9.999166666666666003e+01
9.998611111111111427e+01
9.999166666666666003e+01
9.999166666666666003e+01
9.998888888888889426e+01
9.999166666666666003e+01
9.998888888888889426e+01
9.999166666666666003e+01
9.999166666666666003e+01
9.999166666666666003e+01
9.999166666666666003e+01
9.999166666666666003e+01
9.999166666666666003e+01
9.999166666666666003e+01
9.999166666666666003e+01
9.999166666666666003e+01
9.999166666666666003e+01
9.999166666666666003e+01
9.998888888888889426e+01
9.999166666666666003e+01
9.998888888888889426e+01
9.999166666666666003e+01
9.998888888888889426e+01
9.998888888888889426e+01
9.998888888888889426e+01
9.998888888888889426e+01
9.998888888888889426e+01
9.998888888888889426e+01
9.998888888888889426e+01
9.998888888888889426e+01
9.998888888888889426e+01
9.998888888888889426e+01
9.999166666666666003e+01
9.998888888888889426e+01
9.998888888888889426e+01
9.998888888888889426e+01
9.999166666666666003e+01
9.998888888888889426e+01
9.999166666666666003e+01
9.999166666666666003e+01
9.999166666666666003e+01
9.999166666666666003e+01
9.999166666666666003e+01
9.999166666666666003e+01
9.999166666666666003e+01
9.999166666666666003e+01
9.999166666666666003e+01
9.999166666666666003e+01
9.999166666666666003e+01
9.999166666666666003e+01
9.999166666666666003e+01
9.999166666666666003e+01
9.999166666666666003e+01
9.999166666666666003e+01
9.999166666666666003e+01
9.999166666666666003e+01
9.999166666666666003e+01
9.999166666666666003e+01
9.999166666666666003e+01
9.999166666666666003e+01
9.999166666666666003e+01
9.999166666666666003e+01
9.999166666666666003e+01
9.999166666666666003e+01
9.999166666666666003e+01
9.999166666666666003e+01
9.999166666666666003e+01
9.999166666666666003e+01
9.999166666666666003e+01
9.999166666666666003e+01
9.999166666666666003e+01
9.999166666666666003e+01
9.999166666666666003e+01
9.999166666666666003e+01
9.999166666666666003e+01
9.999444444444444002e+01
9.999166666666666003e+01
9.999166666666666003e+01
9.999166666666666003e+01
9.999166666666666003e+01
9.999166666666666003e+01
9.999166666666666003e+01
9.999166666666666003e+01
9.999166666666666003e+01
9.999166666666666003e+01
9.999166666666666003e+01
9.999166666666666003e+01
9.999166666666666003e+01
9.999166666666666003e+01
9.999166666666666003e+01
9.999166666666666003e+01
9.999166666666666003e+01
9.999166666666666003e+01
9.999166666666666003e+01
9.999166666666666003e+01
9.999166666666666003e+01
9.999166666666666003e+01
9.999166666666666003e+01
9.999166666666666003e+01
9.999166666666666003e+01
9.999166666666666003e+01
9.999166666666666003e+01
9.999166666666666003e+01
9.999166666666666003e+01
9.999166666666666003e+01
9.999166666666666003e+01
9.999166666666666003e+01
9.999166666666666003e+01
9.999166666666666003e+01
9.999166666666666003e+01
9.999166666666666003e+01
9.999166666666666003e+01
9.999166666666666003e+01
9.999166666666666003e+01
9.999166666666666003e+01
9.999166666666666003e+01
9.999166666666666003e+01
9.999166666666666003e+01
9.999166666666666003e+01
9.999166666666666003e+01
9.999166666666666003e+01
9.999166666666666003e+01
9.999166666666666003e+01
9.999444444444444002e+01
9.999166666666666003e+01
9.999166666666666003e+01
9.999166666666666003e+01
9.999166666666666003e+01
9.999166666666666003e+01
9.999166666666666003e+01
9.999166666666666003e+01
9.999166666666666003e+01
9.999166666666666003e+01
9.999166666666666003e+01
9.999166666666666003e+01
9.999166666666666003e+01
9.999166666666666003e+01
9.999166666666666003e+01
9.999166666666666003e+01
9.999166666666666003e+01
9.999166666666666003e+01
9.999166666666666003e+01
9.999166666666666003e+01
9.999166666666666003e+01
9.999166666666666003e+01
9.998888888888889426e+01
9.999166666666666003e+01
9.999166666666666003e+01
9.999444444444444002e+01
9.999166666666666003e+01
9.999444444444444002e+01
9.999166666666666003e+01
9.999166666666666003e+01
9.999166666666666003e+01
9.999166666666666003e+01
9.999166666666666003e+01
9.999166666666666003e+01
9.999166666666666003e+01
9.999166666666666003e+01
9.999166666666666003e+01
9.999166666666666003e+01
9.999166666666666003e+01
9.999166666666666003e+01
9.999166666666666003e+01
9.999166666666666003e+01
9.999166666666666003e+01
9.999166666666666003e+01
9.999166666666666003e+01
9.999166666666666003e+01
9.999166666666666003e+01
9.999166666666666003e+01
9.999166666666666003e+01
9.999166666666666003e+01
9.999166666666666003e+01
9.999166666666666003e+01
9.999166666666666003e+01
9.999166666666666003e+01
9.999166666666666003e+01
9.999166666666666003e+01
9.999166666666666003e+01
9.999166666666666003e+01
9.999166666666666003e+01
9.999166666666666003e+01
9.999166666666666003e+01
9.999166666666666003e+01
9.999166666666666003e+01
9.999166666666666003e+01
9.999166666666666003e+01
9.999166666666666003e+01
9.999166666666666003e+01
9.999166666666666003e+01
9.999166666666666003e+01
9.999166666666666003e+01
9.999166666666666003e+01
9.999166666666666003e+01
9.999166666666666003e+01
9.999166666666666003e+01
9.999166666666666003e+01
9.999166666666666003e+01
9.999166666666666003e+01
