1.363777461092255949e-01
7.431973622648212208e-02
1.385368880866287011e-01
8.392416632064801651e-02
5.372881695957011650e-02
8.068355596821789877e-02
4.581019294633234540e-02
5.584774407109507205e-02
1.408982208649631369e-02
1.372353184451169383e-02
2.706379050431906644e-02
5.238763116659433429e-03
1.612000638335837899e-02
3.819412425871226199e-03
3.233733248177091211e-03
5.954240091739733398e-03
2.820656547828660852e-03
4.003915105816369807e-03
2.470222535853439528e-03
2.113011249640456019e-03
1.648837887701076928e-03
2.157661875099608616e-03
1.512224700819404409e-03
1.158517824066568423e-03
9.781459102811153848e-04
7.522085109206153638e-04
7.400549605229064104e-04
4.758447958055561709e-04
7.199156110068346539e-04
6.387873591832939285e-04
4.840642763786517683e-04
5.049509381989311912e-04
3.840211163487581712e-04
3.967671084557990472e-04
3.073577929470177445e-04
4.769668727428974281e-04
2.980875096421627753e-04
3.763900557014033892e-04
3.087090867178479648e-04
2.884296927606350299e-04
2.679133239172252308e-04
2.912904856888240499e-04
3.324037094718766423e-04
2.465731741902177365e-04
2.532081572105611303e-04
2.403683602523633408e-04
2.322862546591309731e-04
2.229778626443098698e-04
2.182857050792168013e-04
2.123273522064828662e-04
1.750623792369533356e-04
2.805443483165956484e-04
1.823000836294345537e-04
2.706278469583318740e-04
2.016268673516481290e-04
2.161715442363866437e-04
2.195716908813613187e-04
2.155424191464879889e-04
2.095423546386341945e-04
2.065808464855071948e-04
2.070807717461681404e-04
2.028680434473806586e-04
1.993969663716728825e-04
2.162710878551956154e-04
1.641551518957927946e-04
2.076502143535627104e-04
1.774972517569485249e-04
2.085592110048613225e-04
1.869860584794433625e-04
1.982659411426648181e-04
1.902273726836744823e-04
1.963019041973212812e-04
1.772701923184456622e-04
1.813432131456397709e-04
1.894984805841795964e-04
1.858293879102263868e-04
1.765869346160988209e-04
1.834186364182013667e-04
1.887859910704165324e-04
1.778320756401233433e-04
1.721523605437016795e-04
1.728849212816421950e-04
1.701958607825258710e-04
1.676566728320293717e-04
1.661340305790446053e-04
1.587027813881490492e-04
1.924794672985758229e-04
1.610638456287218306e-04
1.624254178104882782e-04
1.675982534213019592e-04
1.591298117669146612e-04
1.766832949949594383e-04
1.609474693482533124e-04
1.628709006566623867e-04
1.627638894955077268e-04
1.607145308720573393e-04
1.600998212341590724e-04
1.588776599671359575e-04
1.570678178855596180e-04
1.590732568702667290e-04
1.527837796008106965e-04
1.829506116998542097e-04
1.530394877876068793e-04
1.543639472572083541e-04
1.532858521099054430e-04
1.519505117791636242e-04
1.479289996414587184e-04
1.793290120465168504e-04
1.517637893733971228e-04
1.505973904025854578e-04
1.457093632201565041e-04
1.629458970463245162e-04
1.507038310508797480e-04
1.487227460636706441e-04
1.466020119987148642e-04
1.445792872262182999e-04
1.581840124430364714e-04
1.445852366837645188e-04
1.442024644270548778e-04
1.420229659031642584e-04
1.517060184056424487e-04
1.445531363177104934e-04
1.432517400085025290e-04
1.412321729119052317e-04
1.389366643347368386e-04
1.367507727835473488e-04
1.490250355254077604e-04
1.360075643819192652e-04
1.419795947229132542e-04
1.383346066527101840e-04
1.376430697235514326e-04
1.360180567430979974e-04
1.388988285127895270e-04
1.295904685676401032e-04
1.389530581567983427e-04
1.349366165184966789e-04
1.354849265469733745e-04
1.342388840772289974e-04
1.338840850619293639e-04
1.351420737959408086e-04
1.296559961101758209e-04
1.368599303842940465e-04
1.309486372539864576e-04
1.303480236979384611e-04
1.339996536667346070e-04
1.329834229873033972e-04
1.330249117568509326e-04
1.304829215680202619e-04
1.267113407654454297e-04
1.421615742594449516e-04
1.285028623312653516e-04
1.285018309729415748e-04
1.271674010613245290e-04
1.287535289120883130e-04
1.232467304658911762e-04
1.395810976957998861e-04
1.255142286683366714e-04
1.260630350312271213e-04
1.246714860291013235e-04
1.247424901461276572e-04
1.236706413996585779e-04
1.235941515544576326e-04
1.184492961602796537e-04
1.369614460793253119e-04
1.193966690165050164e-04
1.272664692519360390e-04
1.193586633835045464e-04
1.200296819519999417e-04
1.174487567791429778e-04
1.242244847714309326e-04
1.203575935662925796e-04
1.175726657297212872e-04
1.163656061429038695e-04
1.147171378513091365e-04
1.116855436284332431e-04
1.097423207641144553e-04
1.064700325254727551e-04
1.063748192455628088e-04
9.940748719756806087e-05
1.143505346693461791e-04
1.004635116140661249e-04
1.081741902720444426e-04
1.041774657296140968e-04
1.010199125991106906e-04
9.749508443838655436e-05
9.477606504120663473e-05
9.023892647565990189e-05
8.383173933672979537e-05
9.214336761029435271e-05
8.927937363091224398e-05
8.743607070277022511e-05
8.312496492981272776e-05
8.912032686877025109e-05
8.603306689438924642e-05
8.931906620671052730e-05
8.823357753186129014e-05
8.804479408413793545e-05
8.612520304635267344e-05
8.626299136696698806e-05
8.559857561359583960e-05
8.491479059340319678e-05
8.417774125160618786e-05
8.353743040029379776e-05
8.311825801752601816e-05
8.260131666645791179e-05
7.960417343709764277e-05
9.793134353029190838e-05
7.937622842372266585e-05
8.467839613638644789e-05
8.333320553513567409e-05
8.304058365486130305e-05
8.240379232245671195e-05
8.315238198540445447e-05
8.288178647616726734e-05
8.216844154611504972e-05
8.381045899637099353e-05
8.246865844880247774e-05
8.296930086487274043e-05
8.423895911702462748e-05
8.348042246354822789e-05
8.407627203167172413e-05
7.833085715007409393e-05
9.168356965960046607e-05
7.959804809106711817e-05
8.829732532629218963e-05
8.055469013665403008e-05
8.202946744078411538e-05
8.337866083981716747e-05
8.302055859798157880e-05
8.203959285642717738e-05
8.259461797772998546e-05
8.305367305188671775e-05
8.276106226449628234e-05
7.635979576448682178e-05
8.328480934569988594e-05
8.228039353548694478e-05
8.418964371843516725e-05
7.620284721362411166e-05
8.424554990231762804e-05
7.890597800176539240e-05
8.218130047539553272e-05
8.257900472750679408e-05
7.912075719780662720e-05
8.040644396556101273e-05
8.066946602858221646e-05
7.674316654872749381e-05
8.469850379302804131e-05
7.469516016707754692e-05
8.059737712859624281e-05
7.838491688327702564e-05
8.080086855517457220e-05
7.794014816721669828e-05
7.885985109714174952e-05
7.905775820414681805e-05
7.805720047694168968e-05
7.876316147585909653e-05
7.714168228239846490e-05
7.545190645984211665e-05
8.536445059477207049e-05
7.375189366838635517e-05
7.845764778442664250e-05
7.473371396257648251e-05
7.584294561823254474e-05
7.183138698660188612e-05
8.080243557515736676e-05
7.339192267814476024e-05
7.296655365700825289e-05
7.024387026302022835e-05
7.288368376156813093e-05
6.790284153785921498e-05
6.992383804509078949e-05
6.690974876879137421e-05
6.841377685738718624e-05
5.950541894915656934e-05
7.117539463551191339e-05
6.189243817309994565e-05
6.959231598386599244e-05
6.691375040674812100e-05
6.964245509928569840e-05
6.664615861180564070e-05
6.655852494220034009e-05
6.592796497045451561e-05
6.704164501504717615e-05
6.341362482092031516e-05
6.448241468291807360e-05
5.771959534873203138e-05
7.097859557347997543e-05
6.017999914686506446e-05
6.656735096573057327e-05
6.599963861259378517e-05
6.599935296297461959e-05
6.609160878523376000e-05
6.586275333161922688e-05
6.636516274828166753e-05
5.996173414900258071e-05
6.706817581721319398e-05
5.710609403404142971e-05
7.171293875455016285e-05
6.112013735384212417e-05
6.248688001529227013e-05
6.036087903333690197e-05
6.044597590577750301e-05
6.021910732271988490e-05
6.337254021291140735e-05
5.730996506780059244e-05
6.063789072619903890e-05
5.948379821625611978e-05
5.901568184567772111e-05
6.000261723633648370e-05
6.139283106695246324e-05
6.075952478007150189e-05
6.168825539469735715e-05
6.287595767111863224e-05
4.881648827185325568e-05
6.440721117929443771e-05
5.055560896578031502e-05
5.948096158047517043e-05
6.108304023614465473e-05
5.326946830855149836e-05
5.996388564596407235e-05
6.078007506573692868e-05
5.930684042957900913e-05
5.714105510365621702e-05
6.019691673137733055e-05
5.724654625944231641e-05
5.877752438939557746e-05
5.353342312092619219e-05
5.456427017139276646e-05
5.343728619079046391e-05
5.273429746197745409e-05
5.157148370544612425e-05
4.760023526657532363e-05
7.125379682708089758e-05
4.891490836953557559e-05
4.838622935162870640e-05
4.664097365128452995e-05
6.493402991235652593e-05
4.809193734366826401e-05
5.138097723512972432e-05
4.606452169875951470e-05
5.270063298423972398e-05
4.247507807502957109e-05
5.125104167619951376e-05
4.576452232214843469e-05
4.875818313755434609e-05
4.853833182213078905e-05
4.852342079595678431e-05
4.846009835919865472e-05
4.797502193744793223e-05
4.704609182543279271e-05
4.681865331567237187e-05
4.526619343238697999e-05
4.275594869433373000e-05
5.214467854824518083e-05
4.400732033055140520e-05
4.360578708658768512e-05
4.264110223756696432e-05
4.211247535845108757e-05
4.098620330726710263e-05
4.057964822605756737e-05
3.788269215561231279e-05
5.141923288328998737e-05
3.917811857318416582e-05
4.603981064083561040e-05
4.147488098665738079e-05
3.999099485156811147e-05
4.016176667774380325e-05
3.939364977568684281e-05
3.883902633401315477e-05
3.801118814359328077e-05
3.917602300976047778e-05
3.837380013288656244e-05
3.753625839922093970e-05
3.638083618038158944e-05
3.566536561750400326e-05
3.327015523247533687e-05
3.375088799982099437e-05
5.507707447041740328e-05
3.344563860193972308e-05
4.610111759366235815e-05
3.510495303647132942e-05
3.264726446839855719e-05
3.714186830930354380e-05
3.431418436554880533e-05
3.458552659565584269e-05
3.370953978886505998e-05
3.326713478563461044e-05
3.424024184429210794e-05
3.419384755889517431e-05
3.374001456470017988e-05
3.457156017582714330e-05
3.386120255125934109e-05
3.404123538615962135e-05
3.398273908519962462e-05
3.397558056897724419e-05
3.391225448697414039e-05
3.409843709425920862e-05
3.282279419138923283e-05
3.709308128950823165e-05
3.307617037149038674e-05
3.576776537240953889e-05
3.220290115187149534e-05
3.396811188937110410e-05
3.282328319559244510e-05
3.329145377266770601e-05
3.294626691351537775e-05
3.286579013660689770e-05
3.244370456382376797e-05
3.201553039341030102e-05
3.209288626894076093e-05
2.929181758889192773e-05
3.267484936914288933e-05
2.959998904232100282e-05
3.265609973573675284e-05
3.014933162144334779e-05
3.110306063380145687e-05
3.020634716458622424e-05
2.961333310758691655e-05
2.916582399424726409e-05
2.850133125632679893e-05
2.763029400944596469e-05
2.777108160669172982e-05
2.887414572164512017e-05
2.773588861545223572e-05
2.749144821359776915e-05
2.708116777844980140e-05
2.675009849911665218e-05
2.624323152084277633e-05
2.577531921716900095e-05
2.485098624365901019e-05
2.877841758875394180e-05
2.529723892506066649e-05
2.646930856622874118e-05
2.554896861228139933e-05
2.585026795689456916e-05
2.554251771319878170e-05
2.555531069977067196e-05
2.532415637008351116e-05
2.559993622015476985e-05
2.551438057850903513e-05
2.605178217940517398e-05
2.323423665019938393e-05
2.528668243174584637e-05
2.436659874348211843e-05
2.613105540475224912e-05
2.479495780854293799e-05
2.533813656991960896e-05
2.669903161799585612e-05
2.473407476422946928e-05
2.583654025065250081e-05
2.473680827875902264e-05
2.489578946384609373e-05
2.486149510940849672e-05
2.485307596005389432e-05
2.490407815335480090e-05
2.592250206145263000e-05
2.615128264076972377e-05
2.663911834962882371e-05
2.657652675653972819e-05
2.884510509575958497e-05
2.462411962917142021e-05
2.752692761850241066e-05
2.535590369658023160e-05
2.618491353840361077e-05
2.569930962551158273e-05
2.577393275762340690e-05
2.607490694897411098e-05
2.521591915476296077e-05
2.598959825414148581e-05
2.541630885135861352e-05
2.554666738740641582e-05
2.550086889382417979e-05
2.545605733298217781e-05
2.541053405364420564e-05
2.530557364119060868e-05
2.692883837456674389e-05
2.475661658366847245e-05
2.595633929315527142e-05
2.579293862685181713e-05
2.497652746790869215e-05
2.600939594416598125e-05
2.533590334011915192e-05
2.539302503528396450e-05
2.535652892742639960e-05
2.535642745467684103e-05
2.542021949971725125e-05
2.549706608472846909e-05
2.547707940638471689e-05
2.555633542991650584e-05
2.784057656660045044e-05
2.451431486946564081e-05
2.701499220094259794e-05
2.433412273047813544e-05
2.568531621804763260e-05
2.518396725800830369e-05
2.541243704842190767e-05
2.404893970971281570e-05
2.567112515149126388e-05
2.417963986546906800e-05
2.501804343788649698e-05
2.446987072206081740e-05
2.429133633166666111e-05
2.415660782037141725e-05
2.392444434435040391e-05
2.385185525469672691e-05
2.428935415250471351e-05
2.400662908319433009e-05
2.399177170570373843e-05
2.400176040225966519e-05
2.405942661336454971e-05
2.410623420880664484e-05
2.206843946966559705e-05
2.568434313795717939e-05
2.240957575572745896e-05
2.403327778022808841e-05
2.238735786947662089e-05
2.246460207430030762e-05
2.208935824696950560e-05
2.167008581589811682e-05
2.119389012085912287e-05
2.066131915919923614e-05
2.060841375487187265e-05
2.665515592991068820e-05
2.186393871258510816e-05
2.333668616393602520e-05
2.145531998046636222e-05
2.216320526483152745e-05
1.995583110064395443e-05
2.453952564400964571e-05
2.100429041761024581e-05
2.321725172628071778e-05
2.151538387505865950e-05
2.278586110629776424e-05
2.166530808241381477e-05
2.215575120298439324e-05
2.201464113129969499e-05
2.193950806975302850e-05
2.180803028827879412e-05
2.169605957693255998e-05
2.197604693065356463e-05
2.183577254371816222e-05
2.180947038373228113e-05
2.164966375883667758e-05
2.106046949092884560e-05
2.142018953209668040e-05
2.154900546812527426e-05
2.004400972303179050e-05
2.217639226244469999e-05
2.072794272533160247e-05
2.190147668399743263e-05
2.140370731474853467e-05
2.180658915090963161e-05
2.197333544985169112e-05
2.196877266511519891e-05
2.241380667520101298e-05
2.280255477665424515e-05
2.325109713136104092e-05
2.307823108674275374e-05
2.204985695964933868e-05
2.345563848563057886e-05
2.209671898539981169e-05
2.291891140692767741e-05
2.216024582346674726e-05
2.220501132603945629e-05
2.244668936002294454e-05
2.257887276344490524e-05
2.262285038422505440e-05
2.248199397562213037e-05
2.233993913536566281e-05
2.243734525887058125e-05
2.243644735735440766e-05
2.247953187540900022e-05
2.277239542920009725e-05
2.152456036009312102e-05
2.486467845619185627e-05
2.132176084610435551e-05
2.344851095712320675e-05
2.184086220333342920e-05
2.193872595566600245e-05
2.169743615357133066e-05
2.150804265286825184e-05
2.127608380987688273e-05
2.114467367868346219e-05
2.089047337995097260e-05
2.072694759197891097e-05
2.012717225868337022e-05
2.111644619450913501e-05
1.802503655737156853e-05
1.976236141792270433e-05
2.306441882596795429e-05
2.045471995590010091e-05
2.157447975488409477e-05
2.043280543068559340e-05
2.048634917480581265e-05
2.041147795315245334e-05
2.142432393490190269e-05
2.094275080915238230e-05
2.023772559445423380e-05
2.105821773491138330e-05
2.052253536893628396e-05
2.070903203708603855e-05
2.104133954412125098e-05
2.116971343778123064e-05
2.113242763458805980e-05
2.127825204021325975e-05
2.149141259794445913e-05
2.167630341068393736e-05
2.142531016797596472e-05
2.074898188304263744e-05
2.004253478619592014e-05
2.356196071988270682e-05
2.014267246007355117e-05
2.157883681633450401e-05
1.995384803476802577e-05
2.046104039842374820e-05
1.994156863802615950e-05
1.970603851270779410e-05
1.940451628488932073e-05
1.909417343166095330e-05
1.880110303526938482e-05
1.878145918692554915e-05
1.857100695300221231e-05
1.944758976031692253e-05
1.766308179253191164e-05
1.919812615172450512e-05
1.840574575650662839e-05
1.836711570772522304e-05
1.827531520931474534e-05
1.801871144290899569e-05
1.782629942716297723e-05
1.754645440622888656e-05
1.746403399176966597e-05
1.710037160261455703e-05
1.927554620472982289e-05
1.855998130867944295e-05
1.788713382632432035e-05
1.926726907152203179e-05
1.727377160341264238e-05
1.843615089772080963e-05
1.826047788760076305e-05
1.806805440413165862e-05
1.819588279896974366e-05
1.791505203398531591e-05
1.839416321915471786e-05
1.790074382031427264e-05
1.785795890498108603e-05
1.779322239360095503e-05
1.820605358807972851e-05
1.804098972766780612e-05
1.768139919742918077e-05
1.761620757324474450e-05
1.746187347945605661e-05
1.706144309588687396e-05
1.753696647226492259e-05
1.752272928350976771e-05
1.753079978764897389e-05
1.737409041811529642e-05
1.739627169170326827e-05
1.717097949877637215e-05
1.884205276397558232e-05
1.589746928990138676e-05
1.787110142703089645e-05
1.629261425687040060e-05
1.718417785459624097e-05
1.645042241186722723e-05
1.685729351516358475e-05
1.657750992690458958e-05
1.748356237869522632e-05
1.648600049428443080e-05
1.637117371070668021e-05
1.619857011682941363e-05
1.669143597030998337e-05
1.621045820358570566e-05
1.635274266777447867e-05
1.614518873975407949e-05
1.601758390057251148e-05
1.586654504045603614e-05
1.568646669839470780e-05
1.568614117613616554e-05
1.597039473785842923e-05
1.362526700745018115e-05
1.556612184656997670e-05
1.457017000253274824e-05
1.601618966371448283e-05
1.481531130068853124e-05
1.561090752478028472e-05
1.502814767356324873e-05
1.569472884966454033e-05
1.629471847831243862e-05
1.533224729401775398e-05
1.555346302573155129e-05
1.524544328686412213e-05
1.535461059096858302e-05
1.521848180765250996e-05
1.517868315494495983e-05
1.514013624205374347e-05
1.506960042300991457e-05
1.489783395397821943e-05
1.478641276466822486e-05
1.462723198505805287e-05
1.617848685109948067e-05
1.413038532146591372e-05
1.526750232249724190e-05
1.414900263647012129e-05
1.388828398058905423e-05
1.402494479877219023e-05
1.356678711095402115e-05
1.330179040362392138e-05
1.298102208458712762e-05
1.467985808464144433e-05
1.283192246702081773e-05
1.471412982814819145e-05
1.277520079402904499e-05
1.338857698303548990e-05
1.287472366112469587e-05
1.313358859563140139e-05
1.302417107756639883e-05
1.312202640526784523e-05
1.408142413954350036e-05
1.284267497173327540e-05
1.371710151037063293e-05
1.311786122391045778e-05
1.355928958203626110e-05
1.358614237936633828e-05
1.334656197283057589e-05
1.366985972094863939e-05
1.295152790941819618e-05
1.332081803401498528e-05
1.320875735194912376e-05
1.324874005657337135e-05
1.319951847106007939e-05
1.317004228542657519e-05
1.337279022937197126e-05
1.321462992524606529e-05
1.257475941329702769e-05
1.413823550890314471e-05
1.280424532056155851e-05
1.366261650661726574e-05
1.302996946539272286e-05
1.297201729023108784e-05
1.323559912987440956e-05
1.320362074385865218e-05
1.321769315114765555e-05
1.323475728999461772e-05
1.317306592688513036e-05
1.284961744184611034e-05
1.438868357963654677e-05
1.268432781960818750e-05
1.367147129906668993e-05
1.301805156841374044e-05
1.343278413148396465e-05
1.318359323416724845e-05
1.315530551336600130e-05
1.328775498468901581e-05
1.313546806216079082e-05
1.455669284437285605e-05
1.316986566248157979e-05
1.367261866730457296e-05
1.311791706943545476e-05
1.319692373514863484e-05
1.375299480269529617e-05
1.297786590472967469e-05
1.352623002509470437e-05
1.333941794357202094e-05
1.344096301984599145e-05
1.344723304075563997e-05
1.345654843207485926e-05
1.348948703258057136e-05
1.352946261626586388e-05
1.363328082927421612e-05
1.363400956659002325e-05
1.374098384843026488e-05
1.369736404155916354e-05
1.391324445326739585e-05
1.388695988920621172e-05
1.400154637451584856e-05
1.408103808299887824e-05
1.311700580220776408e-05
1.566340277656177993e-05
1.405655889882899877e-05
1.716585609476807298e-05
1.432483046385623905e-05
1.620834009311968656e-05
1.382026961139543102e-05
1.454048911694012088e-05
1.390079547930153883e-05
1.411209232838702298e-05
1.471367665946120137e-05
1.424771974241456568e-05
1.440996776112408306e-05
1.445331256806142347e-05
1.454364967513219121e-05
1.435929082042294562e-05
1.450366443308905174e-05
1.460759804258976364e-05
1.436697012561652372e-05
1.442872269095256262e-05
1.446707151012166542e-05
1.433389330280556703e-05
1.557350938989283384e-05
1.403525238541656368e-05
1.514196788367173493e-05
1.441279204989821296e-05
1.487057835703260794e-05
1.412110432986604982e-05
1.596003586813921131e-05
1.438443945022363834e-05
1.495667854664700377e-05
1.425211831749248163e-05
1.454849002563217822e-05
1.427445149447646016e-05
1.433011066059302931e-05
1.428307282109719541e-05
1.438309768073713173e-05
1.426745242434612771e-05
1.426551679040905864e-05
1.421242468869406669e-05
1.428067409022427161e-05
1.457109407796753496e-05
1.392828030142399984e-05
1.392265593066143334e-05
1.458932494689407449e-05
1.405991465212721424e-05
1.452274101073637084e-05
1.432226746545080968e-05
1.435010715246570438e-05
1.437147038183765755e-05
1.419845325447710288e-05
1.460351292791661756e-05
1.427270499329369127e-05
1.434720646503085115e-05
1.436776480756238056e-05
1.426546612255085070e-05
1.449411657843531613e-05
1.370618435923935866e-05
