1.666666666666667140e+01
4.110000000000000142e+01
1.666666666666667140e+01
4.139166666666666572e+01
6.539166666666666572e+01
3.429166666666667140e+01
6.274166666666666714e+01
6.076666666666666572e+01
9.226666666666666572e+01
9.046666666666666856e+01
8.303333333333333144e+01
9.826666666666666572e+01
8.527500000000000568e+01
9.851666666666666572e+01
9.915833333333333144e+01
9.555833333333333712e+01
9.927500000000000568e+01
9.730833333333333712e+01
9.933333333333332860e+01
9.934999999999999432e+01
9.972499999999999432e+01
9.878333333333333144e+01
9.940833333333333144e+01
9.969166666666666288e+01
9.968333333333333712e+01
9.972499999999999432e+01
9.965833333333333144e+01
9.980833333333333712e+01
9.959999999999999432e+01
9.975000000000000000e+01
9.974166666666666003e+01
9.973333333333333428e+01
9.977500000000000568e+01
9.979166666666667140e+01
9.984999999999999432e+01
9.962500000000000000e+01
9.984999999999999432e+01
9.977500000000000568e+01
9.980833333333333712e+01
9.981666666666666288e+01
9.979166666666667140e+01
9.985833333333333428e+01
9.978333333333333144e+01
9.984999999999999432e+01
9.982500000000000284e+01
9.983333333333332860e+01
9.983333333333332860e+01
9.983333333333332860e+01
9.984999999999999432e+01
9.985833333333333428e+01
9.987500000000000000e+01
9.982500000000000284e+01
9.985833333333333428e+01
9.982500000000000284e+01
9.984999999999999432e+01
9.985833333333333428e+01
9.984166666666666856e+01
9.985833333333333428e+01
9.985833333333333428e+01
9.985833333333333428e+01
9.985833333333333428e+01
9.985833333333333428e+01
9.985833333333333428e+01
9.984999999999999432e+01
9.987500000000000000e+01
9.984999999999999432e+01
9.986666666666666003e+01
9.984999999999999432e+01
9.985833333333333428e+01
9.985833333333333428e+01
9.985833333333333428e+01
9.985833333333333428e+01
9.986666666666666003e+01
9.986666666666666003e+01
9.985833333333333428e+01
9.986666666666666003e+01
9.986666666666666003e+01
9.986666666666666003e+01
9.985833333333333428e+01
9.986666666666666003e+01
9.986666666666666003e+01
9.986666666666666003e+01
9.987500000000000000e+01
9.987500000000000000e+01
9.987500000000000000e+01
9.989166666666666572e+01
9.986666666666666003e+01
9.987500000000000000e+01
9.987500000000000000e+01
9.987500000000000000e+01
9.990000000000000568e+01
9.987500000000000000e+01
9.987500000000000000e+01
9.989166666666666572e+01
9.987500000000000000e+01
9.989166666666666572e+01
9.990000000000000568e+01
9.990000000000000568e+01
9.990833333333333144e+01
9.990000000000000568e+01
9.990833333333333144e+01
9.987500000000000000e+01
9.990833333333333144e+01
9.990833333333333144e+01
9.990833333333333144e+01
9.990833333333333144e+01
9.990833333333333144e+01
9.987500000000000000e+01
9.990833333333333144e+01
9.990833333333333144e+01
9.990833333333333144e+01
9.990000000000000568e+01
9.990833333333333144e+01
9.990833333333333144e+01
9.990833333333333144e+01
9.990833333333333144e+01
9.990000000000000568e+01
9.990833333333333144e+01
9.990833333333333144e+01
9.990833333333333144e+01
9.990833333333333144e+01
9.990833333333333144e+01
9.990833333333333144e+01
9.990833333333333144e+01
9.990833333333333144e+01
9.991666666666667140e+01
9.990833333333333144e+01
9.990833333333333144e+01
9.990833333333333144e+01
9.990833333333333144e+01
9.990833333333333144e+01
9.990833333333333144e+01
9.990833333333333144e+01
9.991666666666667140e+01
9.990833333333333144e+01
9.991666666666667140e+01
9.990833333333333144e+01
9.991666666666667140e+01
9.991666666666667140e+01
9.991666666666667140e+01
9.991666666666667140e+01
9.990833333333333144e+01
9.991666666666667140e+01
9.991666666666667140e+01
9.991666666666667140e+01
9.991666666666667140e+01
9.991666666666667140e+01
9.991666666666667140e+01
9.991666666666667140e+01
9.990833333333333144e+01
9.991666666666667140e+01
9.991666666666667140e+01
9.991666666666667140e+01
9.991666666666667140e+01
9.992499999999999716e+01
9.990833333333333144e+01
9.991666666666667140e+01
9.991666666666667140e+01
9.992499999999999716e+01
9.992499999999999716e+01
9.992499999999999716e+01
9.992499999999999716e+01
9.992499999999999716e+01
9.991666666666667140e+01
9.992499999999999716e+01
9.992499999999999716e+01
9.992499999999999716e+01
9.992499999999999716e+01
9.992499999999999716e+01
9.992499999999999716e+01
9.992499999999999716e+01
9.992499999999999716e+01
9.992499999999999716e+01
9.992499999999999716e+01
9.992499999999999716e+01
9.992499999999999716e+01
9.992499999999999716e+01
9.992499999999999716e+01
9.994166666666666288e+01
9.992499999999999716e+01
9.992499999999999716e+01
9.992499999999999716e+01
9.992499999999999716e+01
9.992499999999999716e+01
9.992499999999999716e+01
9.992499999999999716e+01
9.993333333333333712e+01
9.995000000000000284e+01
9.993333333333333712e+01
9.993333333333333712e+01
9.993333333333333712e+01
9.995000000000000284e+01
9.993333333333333712e+01
9.995000000000000284e+01
9.993333333333333712e+01
9.994166666666666288e+01
9.994166666666666288e+01
9.994166666666666288e+01
9.994166666666666288e+01
9.994166666666666288e+01
9.995000000000000284e+01
9.995000000000000284e+01
9.995000000000000284e+01
9.995000000000000284e+01
9.995000000000000284e+01
9.995000000000000284e+01
9.994166666666666288e+01
9.995000000000000284e+01
9.995000000000000284e+01
9.994166666666666288e+01
9.995000000000000284e+01
9.995000000000000284e+01
9.995000000000000284e+01
9.995000000000000284e+01
9.995000000000000284e+01
9.995000000000000284e+01
9.995000000000000284e+01
9.995000000000000284e+01
9.995000000000000284e+01
9.995000000000000284e+01
9.995000000000000284e+01
9.995000000000000284e+01
9.993333333333333712e+01
9.995000000000000284e+01
9.994166666666666288e+01
9.995000000000000284e+01
9.995000000000000284e+01
9.995000000000000284e+01
9.995000000000000284e+01
9.995000000000000284e+01
9.995000000000000284e+01
9.995000000000000284e+01
9.994166666666666288e+01
9.995000000000000284e+01
9.995000000000000284e+01
9.995000000000000284e+01
9.994166666666666288e+01
9.995000000000000284e+01
9.994166666666666288e+01
9.995000000000000284e+01
9.995000000000000284e+01
9.995000000000000284e+01
9.995000000000000284e+01
9.995000000000000284e+01
9.995000000000000284e+01
9.995000000000000284e+01
9.995000000000000284e+01
9.995000000000000284e+01
9.995000000000000284e+01
9.995000000000000284e+01
9.995000000000000284e+01
9.995000000000000284e+01
9.995000000000000284e+01
9.995000000000000284e+01
9.995000000000000284e+01
9.995000000000000284e+01
9.995000000000000284e+01
9.995000000000000284e+01
9.994166666666666288e+01
9.995000000000000284e+01
9.995000000000000284e+01
9.995000000000000284e+01
9.995000000000000284e+01
9.995000000000000284e+01
9.995000000000000284e+01
9.995000000000000284e+01
9.995000000000000284e+01
9.995000000000000284e+01
9.995000000000000284e+01
9.995000000000000284e+01
9.995000000000000284e+01
9.995833333333332860e+01
9.995000000000000284e+01
9.996666666666666856e+01
9.995000000000000284e+01
9.996666666666666856e+01
9.995833333333332860e+01
9.995833333333332860e+01
9.995833333333332860e+01
9.995833333333332860e+01
9.995833333333332860e+01
9.995833333333332860e+01
9.995833333333332860e+01
9.996666666666666856e+01
9.995833333333332860e+01
9.996666666666666856e+01
9.995000000000000284e+01
9.996666666666666856e+01
9.995833333333332860e+01
9.995833333333332860e+01
9.995833333333332860e+01
9.995833333333332860e+01
9.995833333333332860e+01
9.995833333333332860e+01
9.996666666666666856e+01
9.995000000000000284e+01
9.996666666666666856e+01
9.995833333333332860e+01
9.996666666666666856e+01
9.996666666666666856e+01
9.996666666666666856e+01
9.996666666666666856e+01
9.996666666666666856e+01
9.996666666666666856e+01
9.996666666666666856e+01
9.996666666666666856e+01
9.996666666666666856e+01
9.996666666666666856e+01
9.996666666666666856e+01
9.996666666666666856e+01
9.996666666666666856e+01
9.996666666666666856e+01
9.995833333333332860e+01
9.998333333333333428e+01
9.995833333333332860e+01
9.996666666666666856e+01
9.996666666666666856e+01
9.996666666666666856e+01
9.996666666666666856e+01
9.996666666666666856e+01
9.996666666666666856e+01
9.996666666666666856e+01
9.996666666666666856e+01
9.996666666666666856e+01
9.996666666666666856e+01
9.996666666666666856e+01
9.996666666666666856e+01
9.996666666666666856e+01
9.996666666666666856e+01
9.996666666666666856e+01
9.996666666666666856e+01
9.998333333333333428e+01
9.995833333333332860e+01
9.997499999999999432e+01
9.997499999999999432e+01
9.998333333333333428e+01
9.996666666666666856e+01
9.997499999999999432e+01
9.997499999999999432e+01
9.998333333333333428e+01
9.997499999999999432e+01
9.998333333333333428e+01
9.996666666666666856e+01
9.998333333333333428e+01
9.997499999999999432e+01
9.997499999999999432e+01
9.997499999999999432e+01
9.997499999999999432e+01
9.997499999999999432e+01
9.997499999999999432e+01
9.997499999999999432e+01
9.997499999999999432e+01
9.999166666666666003e+01
9.996666666666666856e+01
9.998333333333333428e+01
9.998333333333333428e+01
9.999166666666666003e+01
9.999166666666666003e+01
9.999166666666666003e+01
9.999166666666666003e+01
9.998333333333333428e+01
9.997499999999999432e+01
9.998333333333333428e+01
9.998333333333333428e+01
9.999166666666666003e+01
9.999166666666666003e+01
9.999166666666666003e+01
9.998333333333333428e+01
9.998333333333333428e+01
9.998333333333333428e+01
9.999166666666666003e+01
9.999166666666666003e+01
9.999166666666666003e+01
9.998333333333333428e+01
9.998333333333333428e+01
9.998333333333333428e+01
9.998333333333333428e+01
9.997499999999999432e+01
9.998333333333333428e+01
9.999166666666666003e+01
9.998333333333333428e+01
9.998333333333333428e+01
9.999166666666666003e+01
9.998333333333333428e+01
9.998333333333333428e+01
9.998333333333333428e+01
9.998333333333333428e+01
9.999166666666666003e+01
9.998333333333333428e+01
9.998333333333333428e+01
9.998333333333333428e+01
9.998333333333333428e+01
9.998333333333333428e+01
9.998333333333333428e+01
9.998333333333333428e+01
9.998333333333333428e+01
9.998333333333333428e+01
9.998333333333333428e+01
9.999166666666666003e+01
9.998333333333333428e+01
9.999166666666666003e+01
9.998333333333333428e+01
9.998333333333333428e+01
9.998333333333333428e+01
9.998333333333333428e+01
9.998333333333333428e+01
9.998333333333333428e+01
9.998333333333333428e+01
9.998333333333333428e+01
9.998333333333333428e+01
9.998333333333333428e+01
9.999166666666666003e+01
9.998333333333333428e+01
9.999166666666666003e+01
9.998333333333333428e+01
9.998333333333333428e+01
9.998333333333333428e+01
9.998333333333333428e+01
9.998333333333333428e+01
9.998333333333333428e+01
9.999166666666666003e+01
9.998333333333333428e+01
9.999166666666666003e+01
9.998333333333333428e+01
9.998333333333333428e+01
9.998333333333333428e+01
9.998333333333333428e+01
9.998333333333333428e+01
9.998333333333333428e+01
9.998333333333333428e+01
9.999166666666666003e+01
9.999166666666666003e+01
9.999166666666666003e+01
9.998333333333333428e+01
9.999166666666666003e+01
9.998333333333333428e+01
9.998333333333333428e+01
9.998333333333333428e+01
9.998333333333333428e+01
9.998333333333333428e+01
9.998333333333333428e+01
9.998333333333333428e+01
9.998333333333333428e+01
9.998333333333333428e+01
9.998333333333333428e+01
9.999166666666666003e+01
9.999166666666666003e+01
9.999166666666666003e+01
9.999166666666666003e+01
9.999166666666666003e+01
9.998333333333333428e+01
9.998333333333333428e+01
9.998333333333333428e+01
9.998333333333333428e+01
9.998333333333333428e+01
9.999166666666666003e+01
9.999166666666666003e+01
9.998333333333333428e+01
9.998333333333333428e+01
9.999166666666666003e+01
9.999166666666666003e+01
9.999166666666666003e+01
9.998333333333333428e+01
9.998333333333333428e+01
9.998333333333333428e+01
9.998333333333333428e+01
9.999166666666666003e+01
9.999166666666666003e+01
9.999166666666666003e+01
9.999166666666666003e+01
9.998333333333333428e+01
9.998333333333333428e+01
9.999166666666666003e+01
9.999166666666666003e+01
9.999166666666666003e+01
9.999166666666666003e+01
1.000000000000000000e+02
9.999166666666666003e+01
9.999166666666666003e+01
9.999166666666666003e+01
1.000000000000000000e+02
9.999166666666666003e+01
1.000000000000000000e+02
1.000000000000000000e+02
1.000000000000000000e+02
1.000000000000000000e+02
1.000000000000000000e+02
1.000000000000000000e+02
1.000000000000000000e+02
1.000000000000000000e+02
1.000000000000000000e+02
1.000000000000000000e+02
9.999166666666666003e+01
1.000000000000000000e+02
1.000000000000000000e+02
1.000000000000000000e+02
9.999166666666666003e+01
1.000000000000000000e+02
9.999166666666666003e+01
1.000000000000000000e+02
1.000000000000000000e+02
1.000000000000000000e+02
1.000000000000000000e+02
1.000000000000000000e+02
1.000000000000000000e+02
1.000000000000000000e+02
1.000000000000000000e+02
1.000000000000000000e+02
1.000000000000000000e+02
1.000000000000000000e+02
1.000000000000000000e+02
1.000000000000000000e+02
1.000000000000000000e+02
1.000000000000000000e+02
1.000000000000000000e+02
1.000000000000000000e+02
1.000000000000000000e+02
1.000000000000000000e+02
1.000000000000000000e+02
1.000000000000000000e+02
1.000000000000000000e+02
1.000000000000000000e+02
9.999166666666666003e+01
1.000000000000000000e+02
1.000000000000000000e+02
1.000000000000000000e+02
1.000000000000000000e+02
1.000000000000000000e+02
1.000000000000000000e+02
1.000000000000000000e+02
1.000000000000000000e+02
1.000000000000000000e+02
1.000000000000000000e+02
1.000000000000000000e+02
1.000000000000000000e+02
1.000000000000000000e+02
1.000000000000000000e+02
1.000000000000000000e+02
1.000000000000000000e+02
1.000000000000000000e+02
1.000000000000000000e+02
1.000000000000000000e+02
1.000000000000000000e+02
1.000000000000000000e+02
1.000000000000000000e+02
1.000000000000000000e+02
1.000000000000000000e+02
1.000000000000000000e+02
1.000000000000000000e+02
1.000000000000000000e+02
1.000000000000000000e+02
1.000000000000000000e+02
1.000000000000000000e+02
1.000000000000000000e+02
1.000000000000000000e+02
1.000000000000000000e+02
1.000000000000000000e+02
1.000000000000000000e+02
1.000000000000000000e+02
1.000000000000000000e+02
1.000000000000000000e+02
1.000000000000000000e+02
1.000000000000000000e+02
1.000000000000000000e+02
1.000000000000000000e+02
1.000000000000000000e+02
1.000000000000000000e+02
1.000000000000000000e+02
1.000000000000000000e+02
1.000000000000000000e+02
1.000000000000000000e+02
1.000000000000000000e+02
1.000000000000000000e+02
1.000000000000000000e+02
1.000000000000000000e+02
1.000000000000000000e+02
1.000000000000000000e+02
1.000000000000000000e+02
1.000000000000000000e+02
1.000000000000000000e+02
1.000000000000000000e+02
1.000000000000000000e+02
1.000000000000000000e+02
1.000000000000000000e+02
1.000000000000000000e+02
1.000000000000000000e+02
1.000000000000000000e+02
1.000000000000000000e+02
1.000000000000000000e+02
1.000000000000000000e+02
1.000000000000000000e+02
1.000000000000000000e+02
1.000000000000000000e+02
1.000000000000000000e+02
1.000000000000000000e+02
1.000000000000000000e+02
1.000000000000000000e+02
1.000000000000000000e+02
1.000000000000000000e+02
1.000000000000000000e+02
1.000000000000000000e+02
1.000000000000000000e+02
1.000000000000000000e+02
1.000000000000000000e+02
1.000000000000000000e+02
1.000000000000000000e+02
1.000000000000000000e+02
1.000000000000000000e+02
1.000000000000000000e+02
1.000000000000000000e+02
1.000000000000000000e+02
1.000000000000000000e+02
1.000000000000000000e+02
1.000000000000000000e+02
1.000000000000000000e+02
1.000000000000000000e+02
1.000000000000000000e+02
1.000000000000000000e+02
1.000000000000000000e+02
1.000000000000000000e+02
1.000000000000000000e+02
1.000000000000000000e+02
1.000000000000000000e+02
1.000000000000000000e+02
1.000000000000000000e+02
1.000000000000000000e+02
1.000000000000000000e+02
1.000000000000000000e+02
1.000000000000000000e+02
1.000000000000000000e+02
1.000000000000000000e+02
1.000000000000000000e+02
1.000000000000000000e+02
1.000000000000000000e+02
1.000000000000000000e+02
1.000000000000000000e+02
1.000000000000000000e+02
1.000000000000000000e+02
1.000000000000000000e+02
1.000000000000000000e+02
1.000000000000000000e+02
1.000000000000000000e+02
1.000000000000000000e+02
1.000000000000000000e+02
1.000000000000000000e+02
1.000000000000000000e+02
1.000000000000000000e+02
1.000000000000000000e+02
1.000000000000000000e+02
1.000000000000000000e+02
1.000000000000000000e+02
1.000000000000000000e+02
1.000000000000000000e+02
1.000000000000000000e+02
1.000000000000000000e+02
1.000000000000000000e+02
1.000000000000000000e+02
1.000000000000000000e+02
1.000000000000000000e+02
1.000000000000000000e+02
1.000000000000000000e+02
1.000000000000000000e+02
1.000000000000000000e+02
1.000000000000000000e+02
1.000000000000000000e+02
1.000000000000000000e+02
1.000000000000000000e+02
1.000000000000000000e+02
1.000000000000000000e+02
1.000000000000000000e+02
1.000000000000000000e+02
1.000000000000000000e+02
1.000000000000000000e+02
1.000000000000000000e+02
1.000000000000000000e+02
1.000000000000000000e+02
1.000000000000000000e+02
1.000000000000000000e+02
1.000000000000000000e+02
1.000000000000000000e+02
1.000000000000000000e+02
1.000000000000000000e+02
1.000000000000000000e+02
1.000000000000000000e+02
1.000000000000000000e+02
1.000000000000000000e+02
1.000000000000000000e+02
1.000000000000000000e+02
1.000000000000000000e+02
1.000000000000000000e+02
1.000000000000000000e+02
1.000000000000000000e+02
1.000000000000000000e+02
1.000000000000000000e+02
1.000000000000000000e+02
1.000000000000000000e+02
1.000000000000000000e+02
1.000000000000000000e+02
1.000000000000000000e+02
1.000000000000000000e+02
1.000000000000000000e+02
1.000000000000000000e+02
1.000000000000000000e+02
1.000000000000000000e+02
1.000000000000000000e+02
1.000000000000000000e+02
1.000000000000000000e+02
1.000000000000000000e+02
1.000000000000000000e+02
1.000000000000000000e+02
1.000000000000000000e+02
1.000000000000000000e+02
1.000000000000000000e+02
1.000000000000000000e+02
1.000000000000000000e+02
1.000000000000000000e+02
1.000000000000000000e+02
1.000000000000000000e+02
1.000000000000000000e+02
1.000000000000000000e+02
1.000000000000000000e+02
1.000000000000000000e+02
1.000000000000000000e+02
1.000000000000000000e+02
1.000000000000000000e+02
1.000000000000000000e+02
1.000000000000000000e+02
1.000000000000000000e+02
1.000000000000000000e+02
1.000000000000000000e+02
1.000000000000000000e+02
1.000000000000000000e+02
1.000000000000000000e+02
1.000000000000000000e+02
1.000000000000000000e+02
1.000000000000000000e+02
1.000000000000000000e+02
1.000000000000000000e+02
1.000000000000000000e+02
1.000000000000000000e+02
1.000000000000000000e+02
1.000000000000000000e+02
1.000000000000000000e+02
1.000000000000000000e+02
1.000000000000000000e+02
1.000000000000000000e+02
1.000000000000000000e+02
1.000000000000000000e+02
1.000000000000000000e+02
1.000000000000000000e+02
1.000000000000000000e+02
1.000000000000000000e+02
1.000000000000000000e+02
1.000000000000000000e+02
1.000000000000000000e+02
1.000000000000000000e+02
1.000000000000000000e+02
1.000000000000000000e+02
1.000000000000000000e+02
1.000000000000000000e+02
1.000000000000000000e+02
1.000000000000000000e+02
1.000000000000000000e+02
1.000000000000000000e+02
1.000000000000000000e+02
1.000000000000000000e+02
1.000000000000000000e+02
1.000000000000000000e+02
1.000000000000000000e+02
1.000000000000000000e+02
1.000000000000000000e+02
1.000000000000000000e+02
1.000000000000000000e+02
1.000000000000000000e+02
1.000000000000000000e+02
1.000000000000000000e+02
1.000000000000000000e+02
1.000000000000000000e+02
1.000000000000000000e+02
1.000000000000000000e+02
1.000000000000000000e+02
1.000000000000000000e+02
1.000000000000000000e+02
1.000000000000000000e+02
1.000000000000000000e+02
1.000000000000000000e+02
1.000000000000000000e+02
1.000000000000000000e+02
1.000000000000000000e+02
1.000000000000000000e+02
1.000000000000000000e+02
1.000000000000000000e+02
1.000000000000000000e+02
1.000000000000000000e+02
1.000000000000000000e+02
1.000000000000000000e+02
1.000000000000000000e+02
1.000000000000000000e+02
1.000000000000000000e+02
1.000000000000000000e+02
1.000000000000000000e+02
1.000000000000000000e+02
1.000000000000000000e+02
1.000000000000000000e+02
1.000000000000000000e+02
1.000000000000000000e+02
1.000000000000000000e+02
1.000000000000000000e+02
1.000000000000000000e+02
1.000000000000000000e+02
1.000000000000000000e+02
1.000000000000000000e+02
1.000000000000000000e+02
1.000000000000000000e+02
1.000000000000000000e+02
1.000000000000000000e+02
1.000000000000000000e+02
1.000000000000000000e+02
1.000000000000000000e+02
1.000000000000000000e+02
1.000000000000000000e+02
1.000000000000000000e+02
1.000000000000000000e+02
1.000000000000000000e+02
1.000000000000000000e+02
1.000000000000000000e+02
1.000000000000000000e+02
1.000000000000000000e+02
1.000000000000000000e+02
1.000000000000000000e+02
1.000000000000000000e+02
1.000000000000000000e+02
1.000000000000000000e+02
1.000000000000000000e+02
1.000000000000000000e+02
