1.000000000000000000e+02
8.666666666666667140e+01
5.666666666666666430e+01
4.555555555555554292e+01
2.777777777777777501e+01
2.555555555555555713e+01
2.833333333333333570e+01
2.555555555555556069e+01
2.111111111111110716e+01
1.666666666666666785e+01
2.055555555555555713e+01
2.333333333333333215e+01
1.833333333333333215e+01
1.999999999999999645e+01
2.111111111111110716e+01
2.055555555555555713e+01
1.666666666666667140e+01
1.555555555555555891e+01
2.166666666666667496e+01
1.333333333333333748e+01
1.833333333333333215e+01
