0.000000000000000000e+00
2.277100170213244290e+00
4.485917608485855190e+00
4.001028674313005240e+00
3.364055948997212830e+00
3.400556720337193362e+00
2.849084756657352280e+00
3.490138959819184095e+00
3.136142685928377194e+00
3.042903097250922340e+00
3.485714526652587963e+00
2.788866755113585061e+00
2.527625148017182966e+00
2.533723166886973743e+00
2.348276664318127427e+00
3.303882240649976598e+00
2.721655269759086782e+00
2.714084586749816452e+00
3.058079765449530196e+00
2.277100170213244734e+00
2.761060808842039194e+00
