0.000000000000000000e+00
1.247219128924647258e+01
2.457038265277331135e+01
2.191453658146223660e+01
1.842569327975222038e+01
1.862561623804467459e+01
1.560507989465348899e+01
1.911627837120583706e+01
1.717736092637811751e+01
1.666666666666666430e+01
1.909204475271064894e+01
1.527525231651946669e+01
1.384437310486345574e+01
1.387777332977422162e+01
1.286204100310025211e+01
1.809610830544703930e+01
1.490711984999859929e+01
1.486565351139961244e+01
1.674979270186815228e+01
1.247219128924647613e+01
1.512295287646244191e+01
