7.161132487020367698e-02
6.523909233852680234e-02
5.032849077704529273e-02
2.632363448797123140e-02
2.410929453967064137e-02
8.724042887712342431e-03
5.148533271715916536e-03
1.192531863243353682e-02
3.276031292841094251e-03
1.126798987830800050e-03
6.992125484679527492e-04
6.006108956196629708e-04
4.868986687557895010e-04
3.375184073698043693e-04
1.814027732859467730e-04
1.093045255363727974e-04
2.094691762154561501e-04
1.504410338477950391e-03
1.229472632824026208e-04
1.006834544928949095e-04
6.793524373672370827e-05
6.185424716475663000e-04
3.815752823580951890e-05
2.783572533924551828e-05
2.369356724939391577e-05
1.494536702511954368e-05
1.147924535317994010e-05
9.168535267294949259e-06
6.783379016444701020e-06
4.822482966692204040e-06
3.673733166997260069e-06
2.700692103848507715e-06
1.613868675041348651e-06
1.215020571712389215e-06
4.562756674163878033e-07
1.903737644249015566e-07
1.059524268887492242e-06
1.913885768225233255e-07
2.224176551222220825e-07
3.672926665798804919e-05
1.175435729058524829e-07
1.702256208197739213e-07
6.540465480186442357e-08
8.149037357829228970e-08
4.381436980223402280e-08
5.538702648726734955e-08
4.374784030615632423e-08
2.470332820681262145e-08
2.433374682991274692e-08
1.745363280472987241e-08
2.666360198495045982e-08
1.744359317486701439e-03
1.764657988632770079e-05
2.871429118065475522e-08
2.328754132762740316e-08
2.030684544657349596e-08
1.908784796678748720e-08
1.493848964892780773e-08
6.958241615446825773e-08
1.756619056403478036e-08
1.594924594489559506e-08
1.709165169256485887e-08
1.432751863370258374e-08
1.479439495680268471e-08
1.387975293171420215e-08
1.673523007191867357e-08
1.009051611179305041e-03
1.361897227900927502e-08
1.193472967843149932e-08
1.326077928308980236e-08
1.252861187858024697e-08
7.469655322173761151e-04
4.591454514416126904e-03
1.499202010999548604e-08
1.233244272710711037e-08
1.211831360914474514e-08
3.095453163607625566e-04
1.230732709480493749e-08
1.089121003792528693e-08
1.284937819637639924e-08
1.124595887531563223e-08
4.506896616102707407e-06
1.140221882965990294e-08
1.298223075015088931e-08
1.235386666906080291e-08
1.251528381854413801e-08
7.401470649640560801e-04
3.436910925221637503e-08
1.264176203287870902e-08
1.466193804594390346e-08
1.296918190982147634e-08
1.603808127518630102e-08
1.277998332945867491e-08
1.806450037528600342e-06
1.309865648936142624e-04
1.548855758059914563e-08
1.310864582702454123e-08
1.272928559088048206e-08
1.264664678374998286e-08
1.415449887501858874e-08
1.241313769032594830e-08
6.799374948439301607e-05
1.330870388221053646e-08
1.411581138440492063e-08
1.330397165614267262e-08
1.359652872081904702e-08
1.323307985571039165e-08
1.535828857766615022e-08
1.221382882819975943e-08
1.349656060496765691e-08
1.080724335411897670e-08
1.050703461997540809e-08
1.000412302677130773e-08
9.368277871510107192e-09
1.009797337627482581e-08
9.718032964488684991e-09
1.300606959726614638e-08
9.269812453261055567e-09
9.534958135762844974e-09
8.897278406168144810e-09
8.655307215252853880e-09
9.343597901264942819e-09
8.703193009428483108e-09
1.056690451469895209e-08
2.899289127836925700e-05
8.741695859644730351e-09
9.147787456090148196e-09
1.020836192877282980e-08
6.181673387415291846e-08
1.408796662573432018e-07
9.691919929695935506e-09
8.232460151279783207e-09
8.439114823052331403e-09
8.202470045548179830e-09
8.915170896285946449e-09
7.675003599445665302e-09
7.924552588693985683e-09
8.496873364532387191e-09
8.450574780108820057e-09
7.878270118892204203e-09
7.845769513940470452e-09
7.576339877101758279e-09
8.641653599200957739e-09
6.908358160180617770e-09
7.156009534383682284e-09
7.521301280681994270e-09
6.953101092237790327e-09
7.136332565494272734e-09
6.942123518059371806e-09
7.718002679249956844e-09
6.675099985933982112e-09
8.191881576069636898e-09
6.365767488883876325e-09
6.595406391239681029e-09
6.326612190580275439e-09
6.740003978602991452e-09
6.697280013858250894e-09
6.972643089494947028e-09
6.178057819854249817e-09
7.503228571217116851e-09
6.075397716223703479e-09
6.451795383764064789e-09
6.186451121006671670e-09
6.118389468032773755e-09
5.823264728398830405e-09
5.664293778885089549e-09
6.305900498015262077e-09
5.494756862735457984e-09
5.830421463332032507e-09
5.146618928672529952e-09
5.129716684407689425e-09
4.982532665636682096e-09
5.444281289659353271e-09
4.884591469323040057e-09
5.028975634970883069e-09
4.807152158931741730e-09
4.779590126533390272e-09
4.800275348589838269e-09
4.436569362450938798e-09
4.812030527870415718e-09
4.413671740728935975e-09
4.638094670812604012e-09
4.522044965358638961e-09
4.374520731632359928e-09
4.410820251711620685e-09
4.762367980640752366e-09
4.330094345048429879e-09
4.930358757638792448e-09
4.421795475846279776e-09
4.781242052209488913e-09
4.608995793419678564e-09
4.715177716710605063e-09
4.418384394796228639e-09
4.436656515324043607e-09
4.474987088858282031e-09
4.428966558209389140e-09
4.231113805060280555e-09
4.984325479444748416e-09
4.281372298809711067e-09
4.581180792204393833e-09
4.183965102959250291e-09
4.392156210102015079e-09
4.270535420918707617e-09
4.388690677300171609e-09
4.244036224742803278e-09
4.292312224660704909e-09
4.227371433833336125e-09
4.361520171101486300e-09
4.261802957477589918e-09
4.246580829570664939e-09
4.357251374565824525e-09
4.376117042855341477e-09
4.329504063089351962e-09
4.146964674217337172e-09
4.359383809773877058e-09
4.360021653431598593e-09
4.187384704935876793e-09
4.358295185563714581e-09
4.322099279258169013e-09
4.483128812995406162e-09
4.645835805303896627e-09
4.584241574773580367e-09
5.284558289013960831e-09
4.404667801525952573e-09
4.626383002568858225e-09
4.629424416721130258e-09
4.625302740600072331e-09
4.675643288015087239e-09
4.283212487119207307e-09
4.650775944295115943e-09
4.319249757378890165e-09
4.990180986584138938e-09
4.422882400423255780e-09
4.555899420744687809e-09
4.412141469680122805e-09
4.495106424482726221e-09
4.320596043066227722e-09
4.446392488224481749e-09
4.285709253650577429e-09
4.256710995436899701e-09
4.390761820039421034e-09
4.286022925872221169e-09
4.309325650272121231e-09
4.342110781057784683e-09
4.335774053168270345e-09
4.405355409059666250e-09
4.368835053130531673e-09
4.223779562565156740e-09
4.253153342673777299e-09
4.199978894072420699e-09
4.185077525435612567e-09
4.194579692789333954e-09
4.265300688805828836e-09
4.071480333851151212e-09
4.214509526860735768e-09
4.021637045497581967e-09
4.301723774391699932e-09
4.028644550815336275e-09
4.091404331863028506e-09
4.069034421547769700e-09
4.106600683869043425e-09
4.056001312179137321e-09
4.163881683189136055e-09
4.075948064419525318e-09
4.105271629409283289e-09
4.266513038724398037e-09
3.823476517933505053e-09
4.192687757597741226e-09
4.053083679288303399e-09
4.186269273373937902e-09
4.164496430491431994e-09
4.182061000937544124e-09
4.260612882839033832e-09
4.049098422692490264e-09
4.386012126961503819e-09
4.037890860700757747e-09
4.218798580944502361e-09
4.198143180038581608e-09
4.211274002342194278e-09
4.207970595742004337e-09
4.270732845231230847e-09
4.094003380445523499e-09
4.169398030813231667e-09
4.062471153422349653e-09
4.047978389574142583e-09
3.992782170712239201e-09
3.984566350654343393e-09
3.887448461185855243e-09
4.482990275578641924e-09
3.856705184853983564e-09
4.188597100806053693e-09
3.942910275361924677e-09
4.117932264957539707e-09
4.151149985542380173e-09
4.202073622478357340e-09
4.336174584363683438e-09
4.025872878927599506e-09
4.187712812743698652e-09
4.051129389527309522e-09
4.146021114306874162e-09
4.043709361195770154e-09
4.022758766838632718e-09
4.031995376833329100e-09
4.232374398553973820e-09
3.972153801740053983e-09
4.139722002842666628e-09
4.086348921728997116e-09
3.886474711447724697e-09
4.158165895194491605e-09
4.125789970521220306e-09
4.020199336095040584e-09
4.196338091722024990e-09
4.099404623811058931e-09
4.091682889375230824e-09
4.104042353668774474e-09
4.154562800403374870e-09
4.140300748212988880e-09
4.150441519300619350e-09
4.212025268802904428e-09
4.106578926831004164e-09
4.363854644495520218e-09
3.951054639816795531e-09
4.217463519538172654e-09
3.974814246196604889e-09
4.074638363866692622e-09
4.184554530283273487e-09
4.055470602841836113e-09
4.103361224379230068e-09
4.066460638633394638e-09
4.133057229091252824e-09
4.131319178272506316e-09
4.047653246012646559e-09
4.277079210298072338e-09
4.001788706439566835e-09
4.119506055721433304e-09
4.018025184638048910e-09
4.044801863334501063e-09
4.105830036051983826e-09
4.095918680488659397e-09
4.128881879030848739e-09
4.034515227840850039e-09
4.214747556159759036e-09
4.054361026077013935e-09
4.085245653019394928e-09
4.055058401801377030e-09
4.072621522924832160e-09
4.095286483533968968e-09
3.984045214594107017e-09
4.254291680669632729e-09
3.968341990979565006e-09
4.142417927614649686e-09
4.042556956629720681e-09
4.029692251532175753e-09
4.024825318616329375e-09
4.035523454051836699e-09
3.965752551127303521e-09
4.119203810757677400e-09
3.940624356219737833e-09
4.127789387004716801e-09
4.009195382955527357e-09
4.005241287618007150e-09
3.986632008237988223e-09
4.032336670377776289e-09
4.037091335698451887e-09
4.037824843515573100e-09
4.043444894277838897e-09
4.043594171733526399e-09
3.993320307371645965e-09
4.039116740460133238e-09
4.168203222351865159e-09
3.875912381313554502e-09
4.134799268787967492e-09
3.921953768508629885e-09
4.072271665706679747e-09
4.046825339423691373e-09
4.072445558341857324e-09
4.091156284206005521e-09
4.061552461945754310e-09
4.099549575144376355e-09
4.083474565248727969e-09
4.118259879893454678e-09
4.048367999326192667e-09
4.215539875755296616e-09
3.970207872415203510e-09
4.200376663538281134e-09
3.986737796434693102e-09
4.071328729031531738e-09
4.103710783968969586e-09
4.050490373751223891e-09
4.079389963912124796e-09
3.992773474690705513e-09
4.115427145305654532e-09
4.113997980959120219e-09
4.117400359990704785e-09
4.191777688566752447e-09
4.102349442503515882e-09
4.295654405490464984e-09
3.952353202274268255e-09
4.284522095255520985e-09
4.018857010046350274e-09
4.235397958443097697e-09
4.110396589552074358e-09
4.121254283527311183e-09
4.122525942716803108e-09
4.263756990088532107e-09
4.009870249035262567e-09
4.271651362556573414e-09
4.096828720373083987e-09
4.400315011514605609e-09
4.125596326913918888e-09
4.283435242975476340e-09
4.179592730093781188e-09
4.212759568340972014e-09
4.233688448882329283e-09
4.117309178215473829e-09
4.269073119392657385e-09
4.188834112151765820e-09
4.191240354256258464e-09
4.184491395114581888e-09
4.155979826021189932e-09
