6.165921802756409165e-02
4.861047412669332324e-02
2.666964567574716533e-02
1.805848828209020984e-02
8.579592313197145770e-03
2.138556173843486272e-03
1.256459878475644533e-02
2.981683758915088488e-03
9.458871580647646923e-04
3.332948773458556716e-04
8.169717947842982655e-04
1.727383320236731479e-04
2.116641593644535166e-04
9.222669305149840038e-05
6.350741856291491894e-05
7.490184949865741934e-05
4.276694679864783549e-03
5.019062004546521333e-05
4.450514822665657037e-05
1.473403106743749068e-04
1.936877725766935308e-03
2.259706248214193825e-05
1.501198598106116963e-05
1.373545976508148508e-05
2.401089241433958542e-05
1.024263016141505099e-04
1.275343032085435617e-04
5.904288853244989523e-06
1.427301984161924496e-04
1.089559004033522222e-04
1.120133271285351432e-04
1.216330033520237697e-04
1.590232615249902203e-04
1.226934706493636108e-04
1.209972933996872839e-04
1.170894892765949913e-04
2.218337828068862904e-04
1.329340711331347268e-04
2.309591486016636711e-04
2.664849291888503119e-04
3.756203955135052597e-04
1.219701055802055351e-06
1.103925815634717873e-04
2.374402974241592522e-04
2.647610485924243771e-04
3.013088384354342219e-04
2.414085926767094712e-04
3.658968504890207298e-04
2.794239579534989128e-04
3.751959294593823859e-04
3.710450507119719709e-04
8.891989610289800349e-04
2.315770741972290989e-04
2.587571639427898207e-04
2.812377744411703089e-04
3.447209283649157237e-04
1.578044052516225110e-04
2.019684428933013942e-04
1.621343554615075476e-07
1.360431802931006508e-07
9.476586402458755263e-08
1.229200170260619600e-07
1.290784738261769130e-07
2.204037379877994387e-07
9.548902590675627452e-08
2.390524566595039811e-04
1.142202540770988658e-07
1.599208518874607531e-07
8.786665746190391591e-08
9.008913571660999728e-08
8.625978113947219942e-08
1.038033625781645090e-02
1.360333505160234931e-07
9.799484931611054511e-08
9.027981222113610059e-08
8.714643428973987941e-08
7.561290856960827007e-08
9.540005797114834314e-08
7.192400849647353095e-08
9.050251641025939329e-08
8.834927086047442632e-08
8.556097297929223049e-08
8.256742545094391059e-08
8.881064086220212086e-08
9.368529886530852070e-08
9.460013493111887053e-08
1.382040691068323978e-07
1.002043491776247915e-07
8.929572627881485047e-08
1.087905867595505291e-07
8.361345252286623277e-08
1.086304904840057877e-07
9.150147229136033995e-08
9.609920775286690626e-04
1.080731648547458212e-07
9.134159363979219281e-08
9.497092178006845656e-08
1.021455233309269816e-07
8.014320423858124625e-08
1.054974400581531425e-07
9.196582883294426399e-08
1.141333781271482630e-07
9.324745036921634688e-08
1.091817751133253807e-07
1.031609389411712558e-07
1.034499965680030513e-07
7.070229002532658940e-08
1.290070270282712636e-07
6.570217715083849746e-08
8.938097844080646522e-08
8.282704156164187920e-08
7.945607400374687407e-08
7.952152430409815174e-08
6.856530536135133611e-08
1.257113714636820371e-07
4.755667182798190370e-08
1.115573433840658325e-07
6.597455794700017396e-08
7.048008626873061327e-08
7.059337355941463028e-08
6.716256709408587361e-08
1.015823598960982518e-07
5.112639865044622047e-08
9.678340086101335383e-04
6.562752936994393846e-08
6.376369678650966066e-08
6.702092934378198892e-08
8.796990332377896448e-04
6.508623320467701766e-08
6.131539753486026575e-08
7.493922331812551934e-08
3.460170991124612776e-06
4.559521461674301843e-04
5.703607719425195513e-08
5.976673799907408475e-08
5.437815051802393694e-08
5.626242516551343177e-08
5.338687920773012334e-08
5.545938570289797040e-08
5.048358890617986662e-08
1.092834270240585154e-07
5.081223626873796560e-08
7.160439932423866872e-08
6.378173654287644253e-08
5.440439525260632675e-08
6.363359363473745849e-08
5.548465457063350266e-08
6.391654277726507557e-08
4.590137465668536274e-08
8.455555541368580264e-08
4.299863625558978626e-08
7.245499105279086826e-08
5.662435352551372743e-08
6.015206559042793474e-08
5.505508321816485221e-08
6.251106767713785924e-08
4.671499405228614260e-08
6.975405714869114018e-08
4.187987638468969628e-08
7.301640010462802951e-08
5.098580936359318675e-08
5.569109956673584902e-08
5.554879012341692486e-08
5.377194200906733688e-08
6.185896595504841874e-08
4.453474891542161366e-08
8.103556866237895057e-08
5.913037835511722854e-08
5.996715604063331563e-08
5.758165721599840325e-08
7.105793222603543200e-08
5.423574683346943034e-08
6.129673450059546347e-08
5.506142339279984786e-08
5.663701513796865160e-08
5.708816730079446740e-08
5.508320207745254299e-08
6.133251590769677024e-08
4.088609710915748742e-08
7.993891492512870113e-08
4.759538275854927801e-08
5.730101142648192100e-08
5.466524259532449861e-08
5.546037676135226491e-08
4.528444728741249056e-08
5.714500527487264508e-08
4.289126013601264660e-08
5.228742316408905173e-08
4.627819100783386086e-08
4.666265415111822952e-08
5.204120345345668399e-08
4.692324738334080628e-08
4.720103779794826360e-08
4.474070116008909871e-08
4.393306458842791310e-08
4.424222131091860486e-08
3.602003541635106675e-08
5.465596084018973864e-08
3.678140829524568321e-08
4.553495012318216953e-08
3.861311381157161118e-08
4.217248164667338485e-08
3.809633976208285294e-08
4.188623405136042887e-08
3.821970459166613143e-08
3.674704405322833017e-08
3.696293990409587137e-08
4.333208056170643096e-08
3.945469667581199401e-08
3.927084012099632388e-08
4.001079135992448543e-08
3.840483128488367097e-08
4.467095223526409067e-08
3.872417015347782167e-08
4.180031119699543221e-08
4.311769109141280166e-08
3.976727498283918494e-08
4.190319974907708950e-08
4.194088008259684252e-08
4.061378055058873846e-08
4.609566369590138455e-08
3.361778296890597371e-08
3.893506800390464924e-08
4.143922644617427800e-08
4.007842219405379781e-08
4.030573028706136208e-08
4.075545551255277146e-08
3.844273471524223414e-08
3.953167558248011151e-08
4.905070503534576065e-08
3.175299585995869144e-08
4.579293921586079018e-08
3.748167488762952220e-08
4.623011666361472717e-08
4.276903841299313769e-08
4.066148196419627869e-08
3.991487499710588059e-08
3.914138288428845620e-08
4.391800829637372383e-08
3.751486618192411420e-08
4.084602866668933233e-08
4.035795673669720703e-08
3.967145668313772139e-08
4.071014896334662428e-08
4.082242205887708352e-08
3.638358592206436995e-08
5.024367056788139804e-08
3.770911033318241393e-08
4.077848026374404063e-08
3.968021242083107813e-08
4.004672612809922771e-08
3.914575910234467942e-08
4.123229328744995362e-08
3.614759560576867549e-08
4.692667959544088921e-08
3.526289869653184541e-08
4.293869534469759978e-08
4.052995997749914559e-08
4.056150590169027658e-08
4.008042858680790509e-08
3.658543614934110657e-08
3.873133675037510507e-08
3.812704930845275888e-08
3.705590772432238873e-08
3.023724634319486747e-08
4.288095044024465559e-08
3.334973947195696807e-08
3.746022443197077353e-08
3.622009042601226777e-08
3.616631691907782679e-08
3.594865348775954034e-08
3.490898138269533110e-08
4.139739402129366374e-08
3.204930825534363090e-08
3.940816284322217573e-08
3.601186895215045342e-08
3.614125661441078816e-08
3.582897966267552418e-08
3.618863972499168721e-08
3.445707752522462661e-08
3.980589404865877233e-08
3.723479369148011677e-08
3.759509195232250364e-08
3.732563752107172608e-08
3.710281726813521057e-08
3.659638534395296084e-08
5.115907334323493092e-08
3.054073160948679791e-08
4.476369891866140769e-08
3.427643781867180828e-08
4.072014530337890542e-08
3.564815392969892437e-08
3.694676962700700950e-08
3.553066807211669189e-08
3.814743942447269611e-08
3.776804647781526185e-08
3.510017965965860271e-08
3.859624180956550135e-08
3.707389364884170395e-08
3.609584085464342219e-08
3.602347481343008806e-08
3.558415778199585501e-08
3.498457434020669547e-08
3.508486766948862124e-08
3.502663120066344002e-08
3.299918528622603765e-08
4.172011382443969862e-08
3.186393434220889969e-08
4.015547161713984009e-08
3.590138414978390820e-08
3.540476982521361763e-08
3.428716453525122401e-08
3.612964506095205671e-08
3.478141338291872861e-08
3.428018548586940378e-08
3.556433965699156870e-08
3.463380780364331295e-08
3.394356503555842299e-08
3.746901865020295343e-08
2.918464035285470281e-08
3.859695503590261677e-08
3.202978178734890404e-08
3.655053394921874481e-08
3.465120886289417241e-08
3.714242481889460422e-08
3.463244782673414238e-08
3.455506083725999360e-08
3.394017236227859889e-08
3.594070271411335583e-08
3.410669773524265885e-08
3.828125430910802994e-08
3.125139292625436942e-08
3.670095069434949090e-08
3.554111739443014439e-08
3.591763821603056661e-08
3.629913293803751401e-08
3.614703033450542310e-08
3.666087230470318073e-08
3.240522588351728367e-08
4.198182660289227933e-08
3.250457307924773925e-08
3.734920079540454545e-08
3.410080554448329640e-08
3.541896355779321780e-08
3.473274712608242202e-08
3.508993582763744225e-08
3.719755458930689752e-08
3.325642736036103262e-08
3.791804773751459238e-08
3.475347102156997342e-08
3.535110513886587066e-08
3.503527558397709221e-08
3.464699621139029153e-08
3.465101632883585426e-08
3.607761797550611452e-08
3.287636709365911692e-08
3.761221192749357703e-08
3.240405433268877421e-08
3.572753708296264402e-08
3.586061935534530355e-08
3.553893479740292802e-08
3.677102199182802390e-08
3.471643091731251106e-08
3.488581554549979545e-08
3.470370449508716692e-08
3.556822793164475001e-08
3.551510123129519715e-08
3.635047102975393728e-08
3.064939088812085845e-08
4.327965975514833011e-08
3.306730879485433447e-08
3.839656395069962154e-08
3.406288183660571737e-08
3.564087459796976564e-08
3.528331769027999523e-08
3.519134621892022964e-08
3.588788935957140657e-08
3.536206802957698541e-08
3.433721558183512129e-08
3.518380764447088159e-08
3.662050816925584686e-08
3.238252626570185495e-08
3.938392229804021444e-08
3.119141343526075797e-08
3.726090902114627617e-08
3.441124558911906945e-08
3.431651142587793710e-08
3.414511678864881539e-08
3.406502290844527913e-08
3.670124788555363818e-08
3.387104155067150707e-08
3.390794892339063638e-08
3.396695908853989656e-08
3.440277831096999737e-08
3.550531032897185929e-08
3.040675415457008267e-08
4.275387219777373521e-08
3.304456712736336801e-08
3.782447551399166687e-08
3.344489622988126704e-08
3.423815752666697368e-08
3.381334457089297051e-08
3.332852945508173769e-08
3.350010380352710363e-08
3.704790901014764270e-08
3.221673180484257382e-08
3.555341873784398973e-08
4.046749517226622888e-08
3.494201924790116468e-08
3.805549567927544618e-08
3.568398587229072424e-08
3.557916599387471810e-08
3.355161086599453717e-08
3.778763048691433056e-08
3.347515218532430635e-08
3.598328519981192255e-08
3.611042687677273781e-08
3.619568083424116742e-08
3.619391486850554887e-08
3.436154906958114810e-08
