4.833336180341823329e+00
2.532977802283735702e+00
1.201504736284498165e+00
1.178443558374818068e+00
7.766285276762180390e-01
2.984584686868472780e-01
5.365804086491097191e-01
1.686744765115789080e-01
1.627324117141181747e-01
1.367228436820419613e-01
9.067559899515748034e-02
7.980272560413256833e-02
6.218792730977396044e-02
6.555966499861938523e-02
4.889916869780994851e-02
4.436354404013524017e-02
4.117997516976053957e-02
3.675728904448682249e-02
3.439656290754038864e-02
3.141569767017095283e-02
2.817941245754451707e-02
2.612262061438219360e-02
2.525135943178013001e-02
2.421972240555297223e-02
2.277922635817046862e-02
2.126018291894007234e-02
1.956125697887538262e-02
1.812707296502140061e-02
1.698452949898581268e-02
1.622832483371371148e-02
1.556867766464797680e-02
1.479454313458039572e-02
1.397445919905619151e-02
1.322128254868494036e-02
1.232460036131792676e-02
1.187582864434453059e-02
1.156281839974239445e-02
1.095334253341076480e-02
1.039336744748253771e-02
1.019409001712313911e-02
9.816613143314181777e-03
9.762429323484964061e-03
9.363025357663434106e-03
8.986748490702741593e-03
8.593407040872609939e-03
8.226748730432512091e-03
8.024151869716599286e-03
7.846470704970230983e-03
7.559059011068431679e-03
7.394819159861047535e-03
7.195872208680882329e-03
6.992959034008199883e-03
6.780248068639923610e-03
6.577458698516445643e-03
6.415883979743515313e-03
6.255207952892526645e-03
6.103142312520977615e-03
6.003469661136059954e-03
5.934088275073888703e-03
5.865576147897197043e-03
5.786885079678485456e-03
5.677632334947431067e-03
5.566967815358338928e-03
5.481081908809238429e-03
5.389463351827029035e-03
5.291407104259283206e-03
5.169651549632528660e-03
5.040989342724362839e-03
4.934985517819686675e-03
4.911256081885284272e-03
4.864486232889249015e-03
4.796277152924218259e-03
4.741155284600465959e-03
4.674518508390764285e-03
4.623196761997220086e-03
4.557177342137791118e-03
4.488528940142314134e-03
4.417618436549084100e-03
4.352407948552952308e-03
4.295738882404269779e-03
4.231561825891391737e-03
4.187989667975087170e-03
4.145442731519874240e-03
4.102054080887268181e-03
4.052911568660656078e-03
4.001750016833739362e-03
3.948563531043463096e-03
3.907750671753080877e-03
3.871746758163319580e-03
3.836796632049551108e-03
3.802982421011492052e-03
3.759609616372577671e-03
3.712472297237095261e-03
3.667910984805170492e-03
3.620453572692344541e-03
3.592056701303970780e-03
3.562672695690314618e-03
3.540003901056376114e-03
3.511460080909067742e-03
3.480737539328949363e-03
3.443481115144472055e-03
3.402022029302979953e-03
3.353079723051434393e-03
3.313228896610420117e-03
3.264954434837858029e-03
3.229660385901886050e-03
3.215579405950415304e-03
3.195250262012274897e-03
3.186898738363772542e-03
3.144144368866369065e-03
3.124818986803814137e-03
3.089284655478382376e-03
3.055276270553330172e-03
3.025096040189012396e-03
3.006114862008182117e-03
2.988225496836598074e-03
2.962694251688088431e-03
2.935759810864098113e-03
2.916249393739565356e-03
2.891687544411648565e-03
2.862958040614966768e-03
2.850538935103826953e-03
2.834207105204392986e-03
2.810358339432612006e-03
2.791133231685470183e-03
2.775281512085967482e-03
2.759404568756284280e-03
2.737218159900743283e-03
2.710410350998693554e-03
2.681565617697941311e-03
2.657494196530196025e-03
2.649338164835239855e-03
2.642403053996794648e-03
2.623721577540183078e-03
2.609648117531665826e-03
2.592154544094742944e-03
2.573894312041481378e-03
2.553281657304299224e-03
2.534179157325892016e-03
2.515325352890685102e-03
2.501815923727084088e-03
2.487584862431024314e-03
2.474722156543352012e-03
2.455100117200205261e-03
2.440725907018743458e-03
2.425347156015631844e-03
2.410574992900269779e-03
2.392762440761355032e-03
2.371509849336229329e-03
2.352979487226324658e-03
2.333649120132392455e-03
2.313690979496056069e-03
2.315502214835009256e-03
2.296537433566167748e-03
2.289109123034498063e-03
2.276233946448952099e-03
2.265037609616301576e-03
2.249581961403684591e-03
2.236175495720904832e-03
2.219065088937190178e-03
2.200147604274256020e-03
2.181438468269741946e-03
2.175493727559570014e-03
2.168599472654337331e-03
2.157627262099772944e-03
2.145216639043026098e-03
2.131702911918636166e-03
2.115281661268182678e-03
2.099671261872860639e-03
2.081320644962999459e-03
2.068802808383948550e-03
2.064539436487778865e-03
2.054659090638968032e-03
2.048258913531935711e-03
2.038158649046288920e-03
2.027283307905130161e-03
2.015310793917048614e-03
2.002962005763918914e-03
1.988933949507923696e-03
1.975356557360526382e-03
1.963713022445652719e-03
1.963258828041393976e-03
1.953159344939120988e-03
1.944717778018883580e-03
1.934941895720988184e-03
1.922129422780500347e-03
1.910968441480418280e-03
1.903303790054204636e-03
1.891240027416257177e-03
1.879803328972865862e-03
1.866987458073401549e-03
1.854302096561201907e-03
1.835437571666191691e-03
1.815787761934402637e-03
1.794055360371942269e-03
1.779695511592436791e-03
1.791397749242067822e-03
1.772353375348842235e-03
1.770399972443569003e-03
1.760503376415875967e-03
1.748409858183193376e-03
1.737925873960325523e-03
1.723514208519130557e-03
1.707240189159896357e-03
1.689549052327942152e-03
1.675271170615966329e-03
1.662934492428786793e-03
1.662298158670867882e-03
1.655094746002415624e-03
1.642085147917315274e-03
1.630177279114771241e-03
1.615471797004365551e-03
1.601570759402752564e-03
1.588987562488014755e-03
1.577139686907949980e-03
1.560087753561946932e-03
1.542469791700961821e-03
1.526754922007729455e-03
1.510646581234775625e-03
1.501098328479372364e-03
1.488838492787911529e-03
1.487832166954381873e-03
1.489100080873351781e-03
1.472989953215838145e-03
1.466728662972815143e-03
1.457390232894609661e-03
1.448910565242355394e-03
1.439855072466711102e-03
1.430945199403261137e-03
1.419935310986571338e-03
1.409509742566295108e-03
1.398483068446234202e-03
1.388596240322203948e-03
1.377642593218712753e-03
1.366261632054579806e-03
1.350712809495404091e-03
1.334272687896690193e-03
1.315323467682842293e-03
1.294356379878552638e-03
1.272607430222351703e-03
1.250300472001267477e-03
1.238740547832826522e-03
1.308828425060594956e-03
1.239239317770481422e-03
1.236825186156716334e-03
1.226347565079911927e-03
1.223009550915768679e-03
1.212187639826409289e-03
1.201272104339837958e-03
1.190251606608276874e-03
1.179296617355654478e-03
1.167263909684939770e-03
1.157131888585167948e-03
1.146291610840026584e-03
1.138241004744819677e-03
1.128023250542327252e-03
1.114527959106844431e-03
1.105385909629692060e-03
1.126534364861394135e-03
1.098750656873809803e-03
1.098248680699019089e-03
1.089187504828712178e-03
1.084337921170676084e-03
1.075441278680411544e-03
1.066784900519540755e-03
1.058200332502023120e-03
1.048034302237498471e-03
1.038197651970133297e-03
1.028151442728945453e-03
1.018473221961053478e-03
1.009032638185986680e-03
1.007600498233036197e-03
1.005767046256895742e-03
9.991399278011761816e-04
9.931181196040533062e-04
9.864713116248195312e-04
9.803682513704729557e-04
9.725225467602357978e-04
9.639558175667477637e-04
9.563346381819830440e-04
9.478688437471320975e-04
9.446624906836086294e-04
9.384326456034961222e-04
9.316816152890498122e-04
9.242384249898134927e-04
9.158475013753932577e-04
9.084205447670700567e-04
9.077522026937601650e-04
9.037294700942384183e-04
8.986571167451387013e-04
8.930776163890731794e-04
8.872855156992125267e-04
8.818417774430936966e-04
8.755105017288043615e-04
8.703552918811883381e-04
8.664886599201367676e-04
8.619534616877532873e-04
8.564263781886546304e-04
8.503991247048638949e-04
8.452238951272048701e-04
8.376988565722883612e-04
8.322126690709479848e-04
8.286994309747903759e-04
8.287328252624662130e-04
8.241652614822947680e-04
8.212291742566576406e-04
8.171733079176553803e-04
8.122692220356811941e-04
8.080211859642575777e-04
8.034096875304025560e-04
7.998090535552839723e-04
7.958606797839557021e-04
7.895429476826321949e-04
7.836207650741545917e-04
7.776991275173520063e-04
7.772528476884727790e-04
7.754259497808197983e-04
7.719675880038178676e-04
7.678174314688197225e-04
7.643726273010954331e-04
7.598521131548602531e-04
7.549637400915094410e-04
7.495648427251584093e-04
7.456629663248937100e-04
7.429225513002894092e-04
7.381991721627714905e-04
7.370616963821311146e-04
7.352200843629041116e-04
7.332802815206267968e-04
7.305535105161840110e-04
7.271150402549873522e-04
7.234696193576500411e-04
7.193225456911570784e-04
7.146256295601737234e-04
7.094811824808494203e-04
7.039644936786097762e-04
7.003726519103302926e-04
7.007743881583711502e-04
6.989194593753247746e-04
6.957063659649206228e-04
6.922401800349349847e-04
6.887538568605898167e-04
6.853955761145677202e-04
6.815769909255906412e-04
6.776902762384830409e-04
6.742990474677475633e-04
6.706956537174023824e-04
6.679029071714613804e-04
6.656560351198570393e-04
6.636028954898094820e-04
6.617577990476392665e-04
6.593923866597252523e-04
6.565968761800770187e-04
6.537873668102681069e-04
6.511461774773832836e-04
6.484371715311522096e-04
6.452071203318380990e-04
6.420773606178143767e-04
6.388703365711243106e-04
6.370776993018398499e-04
6.357535829271034750e-04
6.341135098425853102e-04
6.322642086197108107e-04
6.297334020117209465e-04
6.267530788921769382e-04
6.236088727953779595e-04
6.206274080561951763e-04
6.183180936121583605e-04
6.152971474147017573e-04
6.137710615511029078e-04
6.115923703047183076e-04
6.095913523498557116e-04
6.077226155089221439e-04
6.062608337801485064e-04
6.052365134204573975e-04
6.035041097658577942e-04
6.011086547284674514e-04
5.987037242471778724e-04
5.960062615275079278e-04
5.930958392320407127e-04
5.899328078915530701e-04
5.868813917038852909e-04
5.839320446193350337e-04
5.814372424579739148e-04
5.803851939019539488e-04
5.781249563151820555e-04
5.753098485204048490e-04
5.738833107948787321e-04
5.727519129960270119e-04
5.722866298123447217e-04
5.705910460140997155e-04
5.688947168463107367e-04
5.668861229524631588e-04
5.648240034741614001e-04
5.633668695792171588e-04
5.613889067355950406e-04
5.591432214536882963e-04
5.572847509160691387e-04
5.560067861303213781e-04
5.547235379142633925e-04
5.529693289474858385e-04
5.517691743314453523e-04
5.502948819632615379e-04
5.488628866404502999e-04
5.474685666070989781e-04
5.458030708135532417e-04
5.442478827619571559e-04
5.422577648149437806e-04
5.401428511558993084e-04
5.379043764171230219e-04
5.362955869272468222e-04
5.344665767505315992e-04
5.323731708321164042e-04
5.301633678168952675e-04
5.300226361357671112e-04
5.288759192825359928e-04
5.280314177552311106e-04
5.266635685284117626e-04
5.252651968862548241e-04
5.233549199269671394e-04
5.213178004798331173e-04
5.195382751917305671e-04
5.174990585345540890e-04
5.159438601923192194e-04
5.150414633312082975e-04
5.142246994898790795e-04
5.137567899330216419e-04
5.126341521901088072e-04
5.115838256818605817e-04
5.103804462922168893e-04
5.088100710609497158e-04
5.070470367906620415e-04
5.051961496964896530e-04
5.034697908273870698e-04
5.019909649584480089e-04
5.005736392431503088e-04
4.996391114826026275e-04
4.992752496548137284e-04
4.983954513470394967e-04
4.972207163508645181e-04
4.957689676876583578e-04
4.941569884821828693e-04
4.923453054334453981e-04
4.903121039900787187e-04
4.882096432660247304e-04
4.865669803306837808e-04
4.852372877310398027e-04
4.850790512371542986e-04
4.843786075924771885e-04
4.832498172739428514e-04
4.826345382189132453e-04
4.815838259790776151e-04
4.805444140786958233e-04
4.793480372329559681e-04
4.780994650787460270e-04
4.766235407484773747e-04
4.753050997902677683e-04
4.738429700571809931e-04
4.727275823951949387e-04
4.716198157033329487e-04
4.704789303123635804e-04
4.695689529470086984e-04
4.682197519647046668e-04
4.675320475560582620e-04
4.665819020934060886e-04
4.654467778765952789e-04
4.646030483458662205e-04
4.632724004064263639e-04
4.616995267893381021e-04
4.599752753338343450e-04
4.581223857161052576e-04
4.564087448982014962e-04
4.562911447276571581e-04
4.558876255651015449e-04
4.551972692221697438e-04
4.540250229731319052e-04
4.529926052066425481e-04
4.521026976260441883e-04
4.512897277015050744e-04
4.501272408026308551e-04
4.488954927681561855e-04
4.476676545420528366e-04
4.465135376162020979e-04
4.451461046819294625e-04
4.434506596498967901e-04
4.418739622649763216e-04
4.406915062154990971e-04
4.420694545860125082e-04
4.398823588774717947e-04
4.396592596945868119e-04
4.390781627793072586e-04
4.381598044770583511e-04
4.372748084253785892e-04
4.361176588841021435e-04
4.348930856665665580e-04
4.336634540483490880e-04
4.327140183963408787e-04
4.316289942467610745e-04
4.306542922781398286e-04
4.298378878774563694e-04
4.293433788042314166e-04
4.286656076139995909e-04
4.278090402878422589e-04
4.270597338898093074e-04
4.263067959275458163e-04
4.253595827940609398e-04
4.241821780556639617e-04
4.232622775558815315e-04
4.223564318735085056e-04
4.219514153420030858e-04
4.216027848824688935e-04
4.207936999254530261e-04
4.196555771450718661e-04
4.184713048704654737e-04
4.172056097681553759e-04
4.157574736620760301e-04
4.141871759439098833e-04
4.136704304510286506e-04
4.127944086811660761e-04
4.125283831956620012e-04
4.121027316337125095e-04
4.113694505917667773e-04
4.107589197914113298e-04
4.101468316403515408e-04
4.093669556235539591e-04
4.085384597804926610e-04
4.075314459389671614e-04
4.063043129450027752e-04
4.049755890803469660e-04
4.037107938598205408e-04
4.025423093110485988e-04
4.020784253861895926e-04
4.017829631984424425e-04
4.012953580917205817e-04
4.006060576193200880e-04
3.999316556385678679e-04
3.992742573822535032e-04
3.984452711915156256e-04
3.976418598421654145e-04
3.966058221612105464e-04
3.954428324559775497e-04
3.942836839244553645e-04
3.933319588244644518e-04
3.933287006349905890e-04
3.932464336472699302e-04
3.922492831700728983e-04
3.914679732151279501e-04
3.910967608095075273e-04
3.902385862435047499e-04
3.894452597258963168e-04
3.884771437275205274e-04
3.874264889224206840e-04
3.863645045532224879e-04
3.861607944133819493e-04
3.850039878308644976e-04
3.842974477502592565e-04
3.840366153017290901e-04
3.832927566407890070e-04
3.827367202101680365e-04
3.821706035250362434e-04
3.817918760883600381e-04
3.812517386443047235e-04
3.806585245457415594e-04
3.800462097122523242e-04
3.793556941005924344e-04
3.786842362330212716e-04
3.777316638468888291e-04
3.767440003863935368e-04
3.756437513499711126e-04
3.745219389094156027e-04
3.739158962427116648e-04
3.733470290135858607e-04
3.732256316471427174e-04
3.726539065184122815e-04
3.721754976683801729e-04
3.717948492025098506e-04
3.711981732677800531e-04
3.706052497527092702e-04
3.698366512944911721e-04
3.689138227753100785e-04
3.679421356890991797e-04
3.672993898725000284e-04
3.665768701695950932e-04
3.656248520936364755e-04
3.652297391033272156e-04
3.660672461227506831e-04
3.646232660180501531e-04
3.643157538578343764e-04
3.635143390703800118e-04
3.627521828264725881e-04
3.619511781720696590e-04
3.611487963222802440e-04
3.602280923890986849e-04
3.592394925143181953e-04
3.587488438314076229e-04
3.585339808744917819e-04
3.580705915360901225e-04
3.575937762836927801e-04
3.570762538557075132e-04
3.564015348470203561e-04
3.558469953314745155e-04
3.552383104576528746e-04
3.546098445771456121e-04
3.539691913832870244e-04
3.534571533320147833e-04
3.526357529367982104e-04
3.519748024361365958e-04
3.512575477589231819e-04
3.511223285319142826e-04
3.506246390166389295e-04
3.501284657334728981e-04
3.495906721469063216e-04
3.490993657291373091e-04
3.486551689073319298e-04
3.482563411278196980e-04
3.476339123935006195e-04
3.468961317437267884e-04
3.460419542630944903e-04
3.451281713885109067e-04
3.443151433129456977e-04
3.437625671037009738e-04
3.432502726744605069e-04
3.429723074521135004e-04
3.425341990743624877e-04
3.424114189186535490e-04
3.419356562237674084e-04
3.413546002244801291e-04
3.410493406793001529e-04
3.405247227731892073e-04
3.402357434767515560e-04
3.397048518012251209e-04
3.391505283901125652e-04
3.384892542618865878e-04
3.377207505088305507e-04
3.368650113476484012e-04
3.359542000081997969e-04
3.350256298924629756e-04
3.345426829558115428e-04
3.346241168175616461e-04
3.342634741752186292e-04
3.340864085423330332e-04
3.335831486835879917e-04
3.331780739246562734e-04
3.326650617866150502e-04
3.320660792403103872e-04
3.314752897051028097e-04
3.308652263406920767e-04
3.301327224825149117e-04
3.294995576382911992e-04
3.289097659640629603e-04
3.281713723693868842e-04
3.280950592635309675e-04
3.277906252626440736e-04
3.274249104560348787e-04
3.269575711047701988e-04
3.265088765015736715e-04
3.258994462001855693e-04
3.252098954913314470e-04
3.244575253558268759e-04
3.237455893999724704e-04
3.237417573772424675e-04
3.233826434951588393e-04
3.229275555442000863e-04
3.225721264377750456e-04
3.221855292637421054e-04
3.218360089201616875e-04
3.213476027427489799e-04
3.208967363705711668e-04
3.203833009688896610e-04
3.197702927007962546e-04
3.190383683684377535e-04
3.182356857462836420e-04
3.179603349705730875e-04
3.176346969570803883e-04
3.174323803068714771e-04
3.172034233437073174e-04
3.168238446086916733e-04
3.164261570099740554e-04
3.159765717531926271e-04
3.153949399613858898e-04
3.147826854494471436e-04
3.142283322978122058e-04
3.134903037604797505e-04
3.130535540926812827e-04
3.131546402727124570e-04
3.130513090276512960e-04
3.124830418735435422e-04
3.121207379380255050e-04
3.117632903240638380e-04
3.113766665283881820e-04
3.109747520384753246e-04
3.105997609332874620e-04
3.101329104320427622e-04
3.096708922043746792e-04
3.090827461838671023e-04
3.085246526311026050e-04
3.081322040279647944e-04
3.079871603784229079e-04
3.077857550726489726e-04
3.074861292549810029e-04
3.072990733961164143e-04
3.069164878191271207e-04
3.065131655151527557e-04
3.060635343265499927e-04
3.055399847511776996e-04
3.049709644778790746e-04
3.044227496121104963e-04
3.037438673214559563e-04
3.033110533987194843e-04
3.034763069580878603e-04
3.029446922849957460e-04
3.028543724645299464e-04
3.025181730231800317e-04
3.020840074906701832e-04
3.016030600888256310e-04
3.012819370085213148e-04
3.009386981117146472e-04
3.006405909708369587e-04
3.003066263662210644e-04
2.999853847576025231e-04
2.995502634053357816e-04
2.991425089838466232e-04
2.988086547685734153e-04
2.982904295871685097e-04
2.978988184321592833e-04
2.976503601764444399e-04
2.971955770523217145e-04
2.971638047235458028e-04
2.967649292221492385e-04
2.964528160100598163e-04
2.960641084634020679e-04
2.957318363467621681e-04
2.954337969542030450e-04
2.950450940331575812e-04
2.946598917394001619e-04
2.943739033682015414e-04
2.939963809570299551e-04
2.939763160845699141e-04
2.937021447372649939e-04
2.934029585396170448e-04
2.931562873752521585e-04
2.928747388378829522e-04
2.924602796108908935e-04
2.920131275170265986e-04
2.915750052795901054e-04
2.911164251367616873e-04
2.908453814565213429e-04
2.906389505464032175e-04
2.902570462642812881e-04
2.900734191166875488e-04
2.896913995645887334e-04
2.895433517696232120e-04
2.891728812767117374e-04
2.888351946850872061e-04
2.883776231358846148e-04
2.880875515954715231e-04
2.876900805458592670e-04
2.876051066324535402e-04
2.876013420309575519e-04
2.871560341817276521e-04
2.869001784643328648e-04
2.865407544079035017e-04
2.862134243562277887e-04
2.857990751129226557e-04
2.853357097373066908e-04
2.849430768346744862e-04
2.846782499207603165e-04
2.845595812996518439e-04
2.844751305431380563e-04
2.840693808658475614e-04
2.837652042565826809e-04
2.833902847505457971e-04
2.831005787871525336e-04
2.827788439484954204e-04
2.824699294176617921e-04
2.820666141126072627e-04
2.819152907308890570e-04
2.816632373180715291e-04
2.813706979687927590e-04
2.811094324964425579e-04
2.810064918678608801e-04
2.807360656895651328e-04
2.805179179240925146e-04
2.802854028459398380e-04
2.799503334719844567e-04
2.795504898211345992e-04
2.791063165913959965e-04
2.786055157356869243e-04
2.780748483514509451e-04
2.775715766269891611e-04
2.773641913805309934e-04
2.775593212226277378e-04
2.772815122642945584e-04
2.769049771980902045e-04
2.766453941525720767e-04
2.764453000019140446e-04
2.762336603194838480e-04
2.759380895544604048e-04
2.756708548499989969e-04
2.753158176793157387e-04
2.749956379390268457e-04
2.746455843038162251e-04
2.742749362988896808e-04
2.738500093763376669e-04
2.733563249645136212e-04
2.728786422025133345e-04
2.730617161983712863e-04
2.732021181451016706e-04
2.724968988541396665e-04
2.723103125928877724e-04
2.720440803542708576e-04
2.718185647897786443e-04
2.715796563626976285e-04
2.712986781926038588e-04
2.709561002167158250e-04
2.705928545491715514e-04
2.701974834469122381e-04
2.698187246507355330e-04
2.694123109072844705e-04
2.690748144934079463e-04
2.687988839358053535e-04
2.685143888702656032e-04
2.682612314999026880e-04
2.682066564915829921e-04
2.678315468086975011e-04
2.677302860645044275e-04
2.673862740542685816e-04
2.671255598142791899e-04
2.669399620851748193e-04
2.667297424901643498e-04
2.664523155521919366e-04
2.662004015124860390e-04
2.659291590784484201e-04
2.656135727281827975e-04
2.654113177346509918e-04
2.652390763656463498e-04
2.650167748754937648e-04
2.648102991864547794e-04
2.645596648506880525e-04
2.642720978904469623e-04
2.639280565514841152e-04
2.635163007421886827e-04
2.631972199491469568e-04
2.629462294296653832e-04
2.626836624731058241e-04
2.625274924248813908e-04
2.624325843069615365e-04
2.621060966651366842e-04
2.619349898013768364e-04
2.617733209062174816e-04
2.616636384585867042e-04
2.614765120305424925e-04
2.612622127803844647e-04
2.609890005426342336e-04
2.606729412932272155e-04
2.603165963524976768e-04
2.599665540718216648e-04
2.596908671109056767e-04
2.595066429691682015e-04
2.594600458142137366e-04
2.592639609403287479e-04
2.591081772013977338e-04
2.589656379232738821e-04
2.587354832113464872e-04
2.585127684972913240e-04
2.582376114167129143e-04
2.579252904253542247e-04
2.575681454179721630e-04
2.571649952725178767e-04
2.567906840285984790e-04
2.566420501513875596e-04
2.562499819831700232e-04
2.562031589553122779e-04
2.563745755513958989e-04
2.559482265690458968e-04
2.558580319582473843e-04
2.555665361516313238e-04
2.553229285020524176e-04
2.550707806242148820e-04
2.548027233479736864e-04
2.545340854927445563e-04
2.542067807011243381e-04
2.539660750406107161e-04
2.537582621422315656e-04
2.535775317850770755e-04
2.533995415694875156e-04
2.533521998821576830e-04
2.531215643713239033e-04
2.529707689713584168e-04
2.527826940542017586e-04
2.525304165867103281e-04
2.522680887423508610e-04
2.519963896920167650e-04
2.517450204227035635e-04
2.515453239505576139e-04
2.513224280671138774e-04
2.510815422202708567e-04
2.508294661392443305e-04
2.506359815518527921e-04
2.504782215434510069e-04
2.503218918974217124e-04
2.502184742872566809e-04
2.499802946750298896e-04
2.497360233450923749e-04
2.494484671504878766e-04
2.491632354800065873e-04
2.488634490955869910e-04
2.485480302952528171e-04
2.482363690496314440e-04
2.479489050655563054e-04
2.478272116321528261e-04
2.476413855351949651e-04
2.475235421041496373e-04
2.473435964758173263e-04
2.471296030997513038e-04
2.468760776081057999e-04
2.465727321992680372e-04
2.462538640310043387e-04
2.460119026367619654e-04
2.457893735249763582e-04
2.458066138872488666e-04
2.455464440242616101e-04
2.453665205731440620e-04
2.451256541050878110e-04
2.448296042049920925e-04
2.445097712382594130e-04
2.441756910461417092e-04
2.438576210947040080e-04
2.436352154352852196e-04
2.433724624342132367e-04
2.432928136334860665e-04
2.432260698406020299e-04
2.430174601389784820e-04
2.428977644747176083e-04
2.426994922910805693e-04
2.424574498472902094e-04
2.421894638127782722e-04
2.419547481784313264e-04
2.416913780549442706e-04
2.414696569700972354e-04
2.412634110866844115e-04
2.411277105176594078e-04
2.410810178853397255e-04
2.408904237566556936e-04
2.407178798014712523e-04
2.405132207132508232e-04
2.402683171362631300e-04
2.399826978900748524e-04
2.396569745028235806e-04
2.392990091394440577e-04
2.389571700557843509e-04
2.386731080412036793e-04
2.385029939115996709e-04
2.385333108402679688e-04
2.383780632244005416e-04
2.382278738748326932e-04
2.380652697128151567e-04
2.378376605461724131e-04
2.376090548817406532e-04
2.373537944939832056e-04
2.370422628055320817e-04
2.366861366230366723e-04
2.363723183272023996e-04
2.362033717623659697e-04
2.361275751565765921e-04
2.360340715809742585e-04
2.358589015514284863e-04
2.356802639143687592e-04
2.354925237301353110e-04
2.352689427029664273e-04
2.350203113294196109e-04
2.347164698070805750e-04
2.343957528494975133e-04
2.340693503960457268e-04
2.338962848206385485e-04
2.338448963628417590e-04
2.338008802919938037e-04
2.335566689529776179e-04
2.334454879749028205e-04
2.333552785490812390e-04
2.332004993840230966e-04
2.329929408584923063e-04
2.327594801047118173e-04
2.324854956264823136e-04
2.321814669018472139e-04
2.318516057682950497e-04
2.315635809066287948e-04
2.313419937365405988e-04
2.313677715773813958e-04
2.311807992904924003e-04
2.309987979405266143e-04
2.307800278814305182e-04
2.305892967186577388e-04
2.305182576494785795e-04
2.306207128401073741e-04
2.302608391201663174e-04
2.301213216772960888e-04
2.299328329992128138e-04
2.297253827493067363e-04
2.295059095618855454e-04
2.292222426987792952e-04
2.289009759251540651e-04
2.286141064425674103e-04
2.286026100135543496e-04
2.282876643207043001e-04
2.281704456601543480e-04
2.281089846179606018e-04
2.281346039686645043e-04
2.278547447210007323e-04
2.277441335563326803e-04
2.275989815114447094e-04
2.274394948590769089e-04
2.272694322040952081e-04
2.270427054977430152e-04
2.268041761931023908e-04
2.265378477532685073e-04
2.262871845516061041e-04
2.261773142239100886e-04
2.260340521973939337e-04
2.259437293100756980e-04
2.258375794020859337e-04
2.257108044431304955e-04
2.255438428615989073e-04
2.253523063078975372e-04
2.251210754508914673e-04
2.248666356700273561e-04
2.245809500976337812e-04
2.242757317979708165e-04
2.239157471552088638e-04
2.235980766737609914e-04
2.237230929930837729e-04
2.238622551343917143e-04
2.234291045510136578e-04
2.233651683886134101e-04
2.231935792684112355e-04
2.230539080479973296e-04
2.228954685448750173e-04
2.227035433055624982e-04
2.224671531601442179e-04
2.222287380384349055e-04
2.219461268850715066e-04
2.216324281027004062e-04
2.213307427724078131e-04
2.211999718922817899e-04
2.213548120681308341e-04
2.211684060029437695e-04
2.211069226557297522e-04
2.209039844390896766e-04
2.208190421737980921e-04
2.207319936317829977e-04
2.206087524409690824e-04
2.204507030619374359e-04
2.202860028610225741e-04
2.200925793809748571e-04
2.198721979129839054e-04
2.196255122631594209e-04
2.193605021490212172e-04
2.191125385153082047e-04
2.190075838946055570e-04
2.190419200243357196e-04
2.188331434123373816e-04
2.188078036739092222e-04
2.186269584069335989e-04
2.185286204994112168e-04
2.184276458860140663e-04
2.183013732768438787e-04
2.181363820907204049e-04
2.179601530211267826e-04
2.177855641708037319e-04
2.175751216933571224e-04
2.174886692205668767e-04
2.173786321745815680e-04
2.172760532298827392e-04
2.172492696105787150e-04
2.171106851603131016e-04
2.170030983788592133e-04
2.168679822864723046e-04
2.167229674856456642e-04
2.165547247663353130e-04
2.163821425701039595e-04
2.161669237565709415e-04
2.160554052737405015e-04
2.159008241251608718e-04
2.157595064131266486e-04
2.156599420546445687e-04
2.155767626050092629e-04
2.155495943056755465e-04
2.153959936003403577e-04
2.152568466217611820e-04
2.150908652970556084e-04
2.148986805960547894e-04
2.146844267751342819e-04
2.144667049124120411e-04
2.143251322083421120e-04
2.142711564644532462e-04
2.141733173673193388e-04
2.141019560959410949e-04
2.139978232347866053e-04
2.138924484722765453e-04
2.137057354578994299e-04
2.135390353184212051e-04
2.133557533725993912e-04
2.131211519076657622e-04
2.129702619903162304e-04
2.128265526516362038e-04
2.126679034492594570e-04
2.126395356388064296e-04
2.125526766314310542e-04
2.124532028842846562e-04
2.123178268768821035e-04
2.121539908549658119e-04
2.120011240006940633e-04
2.118451665706074882e-04
2.116667521579675853e-04
2.114555699995011721e-04
2.112397114057940571e-04
2.110896135913101104e-04
2.110335875995288861e-04
2.109296244636087788e-04
2.108027725140122646e-04
2.107597212520364541e-04
2.106602630777005397e-04
2.105496416637598115e-04
2.103805980691564022e-04
2.102104788405722907e-04
2.100146744403492841e-04
2.097995631137007850e-04
2.095529019930401297e-04
2.092963926000010217e-04
2.091044091458054473e-04
2.090445556258772571e-04
2.089420983925325854e-04
2.088348513303775857e-04
2.087352925713983551e-04
2.086359284263905199e-04
2.085496350527280267e-04
2.084594971411660473e-04
2.083624835690559408e-04
2.082060123557960519e-04
2.080544081454483438e-04
2.078608273659606604e-04
2.076863721686655721e-04
2.074802002046033963e-04
2.072773160114219874e-04
2.070677877589425652e-04
2.069706062259485423e-04
2.069082820034801159e-04
2.067678336342505048e-04
2.066779143784279547e-04
2.065974393698606312e-04
2.065316432750667099e-04
2.064162379953230311e-04
2.062960396826223324e-04
2.061499670519948053e-04
2.059887176356164256e-04
2.058064170497621304e-04
2.056049253676867387e-04
2.054137033227487752e-04
2.051857180509096741e-04
2.050013218695154811e-04
2.048993394145142940e-04
2.049312623542136509e-04
2.047848414977798876e-04
2.046666045869622219e-04
2.045629670822807222e-04
2.044923509137418238e-04
2.043974179895139201e-04
2.042627568987179134e-04
2.041452713074919123e-04
2.039941274891564241e-04
2.038096551664292735e-04
2.035809869612218413e-04
2.033245869855184937e-04
2.030335223010716205e-04
2.027521943386180329e-04
2.026901455782414638e-04
2.030895355390906600e-04
2.025755419790088230e-04
2.024575494988314634e-04
2.023268243385246468e-04
2.022178895473587389e-04
2.021358445432251910e-04
2.020176265862664612e-04
2.018790752782141326e-04
2.017025788538422473e-04
2.015003624349346494e-04
2.012971284959286808e-04
2.011165793260515848e-04
2.009761227651381244e-04
2.008960681535187128e-04
2.008986036908439778e-04
2.007773506740659494e-04
2.007169877837454040e-04
2.005579848771103107e-04
2.004387033295686518e-04
2.002804033333129832e-04
2.001206702451852277e-04
1.999335550687060439e-04
1.997578535358025614e-04
1.996765453508586596e-04
1.996321300934152771e-04
1.995922955577381780e-04
1.994816940195230268e-04
1.993167022913763667e-04
1.993153188568130081e-04
1.992144338037622471e-04
1.991225672088051883e-04
1.990293312805525318e-04
1.989211468849607799e-04
1.987838103038759563e-04
1.986294085269171817e-04
1.984471219488135208e-04
1.982537976284013304e-04
1.980681483974710167e-04
1.980147264941174332e-04
1.979900675069770795e-04
1.978576934888449219e-04
1.978040940506328065e-04
1.977020941360291707e-04
1.976305234680595789e-04
1.974793096599531403e-04
1.973255595922284973e-04
1.971534127643450706e-04
1.969620979363739246e-04
1.967535480591560328e-04
1.965225190524458267e-04
1.964152553988133133e-04
1.964503867373530569e-04
1.963579425958261303e-04
1.961918439307472990e-04
1.961145103392121058e-04
1.959759098886589988e-04
1.958711976501619932e-04
1.957662214743923152e-04
1.956298205267334521e-04
1.954739509904999343e-04
1.953778016503152993e-04
1.953005899350768128e-04
1.952082641188973718e-04
1.950842408140976577e-04
1.950049361677301475e-04
1.949822173121283999e-04
1.948536319079069272e-04
1.947597436406919630e-04
1.946206625213177312e-04
1.944718059906822515e-04
1.943231104681873483e-04
1.941517179008701442e-04
1.940028330732903954e-04
1.938617699441169055e-04
1.937771255868504198e-04
1.937447080442691102e-04
1.936431867978025839e-04
1.935151356913181327e-04
1.934028394241717088e-04
1.932553245188864594e-04
1.931326462237381971e-04
1.930544580457966707e-04
1.929309601653400152e-04
1.928485200941530415e-04
1.927627040520642839e-04
1.926784528448107501e-04
1.925566780093677564e-04
1.924235922626202377e-04
1.922718218806457780e-04
1.921149513358783034e-04
1.919354666728537195e-04
1.918251585769555089e-04
1.917490023912517304e-04
1.916361123837629873e-04
1.915304495682490873e-04
1.914296281151553329e-04
1.912951740870637654e-04
1.911671541025747301e-04
1.911689543300951156e-04
1.910543428057593284e-04
1.910117870189691647e-04
1.908973643640255358e-04
1.907911484726178774e-04
1.906871818000921643e-04
1.905352123904199260e-04
1.904118144859827584e-04
1.902906506435838197e-04
1.902717808337029207e-04
1.901425154712182780e-04
1.900955933553523890e-04
1.900207596856148980e-04
1.898821156345011020e-04
1.897686109705597516e-04
1.896017734051531694e-04
1.894276770517122892e-04
1.892535154226176303e-04
1.890626407101807791e-04
1.888748048004781129e-04
1.887080617520136010e-04
1.886912293610009761e-04
1.887984774953251304e-04
1.886238267520178253e-04
1.885175163374403851e-04
1.883841482266917892e-04
1.882567472578877102e-04
1.881250172440112375e-04
1.879809548267956181e-04
1.878133984931394998e-04
1.876308301293269502e-04
1.874775141299163687e-04
1.873607745339847953e-04
1.873709437723452035e-04
1.871754634334241055e-04
1.872486627131720119e-04
1.870754207835724622e-04
1.870267625650928799e-04
1.869403893348516260e-04
1.868256370010974059e-04
1.867145776020177439e-04
1.865723843752375326e-04
1.864200536967985206e-04
1.862600437890598573e-04
1.860857025241641454e-04
1.859791485039991531e-04
1.860178694418821691e-04
1.859565980252596902e-04
1.858457247185066352e-04
1.857836071717487985e-04
1.856807342445784381e-04
1.855708497235322328e-04
1.854434909443921612e-04
1.852920554415860965e-04
1.851312046399408706e-04
1.849483840825307185e-04
1.848632668581889839e-04
1.849042524706044307e-04
1.847597789924904652e-04
1.846638401721459701e-04
1.845869757333044945e-04
1.844861315467260490e-04
1.843987492985182843e-04
1.842532974991900499e-04
1.841024917587866390e-04
1.840008095354099527e-04
1.840017554046938372e-04
1.838565756771178559e-04
1.837702485870314499e-04
1.836477090713519258e-04
1.835266883394835204e-04
1.834271200016167748e-04
1.832953276873490293e-04
1.831634976592762774e-04
1.830749565676985618e-04
1.829866650834283527e-04
1.828936199713353358e-04
1.827713038776307972e-04
1.826497719289297455e-04
1.825174556214469981e-04
1.824284524499506562e-04
1.823828881103086591e-04
1.823354429757215287e-04
1.822686100231667161e-04
1.822032228020502775e-04
1.821511112733899956e-04
1.820758482738825813e-04
1.819914441810937340e-04
1.818827545259313902e-04
1.817605867118855041e-04
1.816228723345729478e-04
1.814647459252324119e-04
1.813288612429530080e-04
1.812412550588259833e-04
1.811856834662867340e-04
1.811277102443438632e-04
1.810152329098612929e-04
1.809214207247548782e-04
1.808025055930660111e-04
1.806878952226621815e-04
1.805900052331885881e-04
1.804530651639909720e-04
1.803384670781205319e-04
1.802626173952998317e-04
1.802427760815318027e-04
1.801587121006676632e-04
1.800814563684173530e-04
1.800069479874800169e-04
1.799142795344729740e-04
1.798286189850583998e-04
1.797437817478753400e-04
1.796487935043346936e-04
1.795134255874666766e-04
1.793601588119500447e-04
1.791852411736878452e-04
1.789827687896620328e-04
1.787661993324638268e-04
1.786983791888900066e-04
1.785085205994937365e-04
1.786846034821034269e-04
1.784324167943650958e-04
1.784104909853822553e-04
1.783088731940202514e-04
1.782603897620689104e-04
1.781735211844644043e-04
1.780756845934727362e-04
1.779637038335164019e-04
1.778400442822780311e-04
1.777174918087468913e-04
1.775618847632567617e-04
1.774366037107106002e-04
1.773292936733380305e-04
1.773372956118782239e-04
1.773104634836872426e-04
1.772032734326608355e-04
1.771066998208251585e-04
1.770358544371466341e-04
1.769664103524241862e-04
1.768786541015608888e-04
1.767781250369514082e-04
1.766996701872959824e-04
1.766129284993665132e-04
1.765354992093890667e-04
1.764263507130677260e-04
1.763192541096559555e-04
1.762146124293612157e-04
1.761992960170351687e-04
1.761418831831912596e-04
1.760249006804254451e-04
1.759108488731122525e-04
1.757968189551680123e-04
1.757256638314975321e-04
1.756896916911800317e-04
1.756045670892508509e-04
1.755457149905957691e-04
1.754514087367123614e-04
1.753480048703432803e-04
1.752104661587891392e-04
1.750555613075163871e-04
1.748791544096885034e-04
1.746823321520144217e-04
1.745140604196667637e-04
1.746145540007513531e-04
1.744313938365346845e-04
1.744377369287135240e-04
1.742778950346339170e-04
1.741829712534102381e-04
1.741598605221814360e-04
1.740772102816488039e-04
1.740078300741142376e-04
1.739129271830326868e-04
1.738348667711160796e-04
1.737420223343820154e-04
1.736269016363629230e-04
1.735137860843924884e-04
1.733871189290685233e-04
1.732498219615062856e-04
1.731638108735540887e-04
1.731224339994553248e-04
1.730604709226998155e-04
1.730123605484096803e-04
1.730406156114527752e-04
1.729207201213988634e-04
1.728776912027094807e-04
1.727833772163264823e-04
1.726928314092191191e-04
1.725784270634885497e-04
1.724525950786242570e-04
1.723174607023505740e-04
1.721758729978752403e-04
1.720721857503725233e-04
1.719690993761097781e-04
1.719129374135812242e-04
1.718710550758741540e-04
1.717727762695094691e-04
1.717034066915152550e-04
1.716283893831493717e-04
1.715334239932311215e-04
1.714379765929534565e-04
1.713624560105437417e-04
1.712935257800322930e-04
1.712222571963725520e-04
1.711215344261146805e-04
1.710150054364383563e-04
1.708725801964780197e-04
1.707558753756568905e-04
1.707090993599987255e-04
1.707340039132457265e-04
1.706044755327737299e-04
1.706145706605608826e-04
1.704955402271745180e-04
1.704105586506960053e-04
1.703150357874948326e-04
1.701996220797529998e-04
1.700677401438650707e-04
1.699207900925914759e-04
1.698055533856465292e-04
1.698300109062948478e-04
1.697877995237715354e-04
1.697176886233176852e-04
1.696548358916106613e-04
1.696069072543594910e-04
1.695467828318746473e-04
1.694516985007456483e-04
1.693507719769898163e-04
1.692328844739209785e-04
1.691047821722433688e-04
1.689628294399867045e-04
1.688106819947146403e-04
1.688026039671328853e-04
1.687027456215092357e-04
1.685967790461159711e-04
1.685750674770508477e-04
1.685389418844367420e-04
1.685242629240324820e-04
1.684178797258049497e-04
1.683662202175886108e-04
1.682985388952680300e-04
1.682190062223061955e-04
1.681161578418105865e-04
1.680026249091150638e-04
1.678741809189117275e-04
1.677430657751240997e-04
1.676751376198297265e-04
1.677472571846603058e-04
1.675334085368810114e-04
1.675213451336727644e-04
1.674143856884431852e-04
1.673386531157038831e-04
1.672981044419657602e-04
1.672261540960559307e-04
1.671896210531985210e-04
1.671248963071635747e-04
1.670556688334738128e-04
1.669847126198026170e-04
1.668733829568870401e-04
1.667552053806182588e-04
1.666331162429993183e-04
1.665691922409811470e-04
1.665238801823500103e-04
1.665035361455106662e-04
1.664266675597084210e-04
1.663687008811473534e-04
1.663079782560536425e-04
1.662241927821291813e-04
1.661459912208465887e-04
1.660316545842358785e-04
1.659223098916303297e-04
1.658198578984121060e-04
1.657552841784893760e-04
1.657658429713760077e-04
1.656734563023579566e-04
1.656263708545390432e-04
1.655383652909442078e-04
1.654529828601432491e-04
1.653664175266144807e-04
1.652675173779453110e-04
1.651840117631488006e-04
1.651276681792303357e-04
1.650520356584637082e-04
1.650211868993608198e-04
1.649535832270565116e-04
1.648967366977202034e-04
1.648432636942981345e-04
1.647775781340605203e-04
1.647049938368582963e-04
1.646282536278135720e-04
1.645409661327591560e-04
1.644367564347910349e-04
1.643265695700404764e-04
1.641920306952673891e-04
1.640204573475358650e-04
1.639353073381085032e-04
1.640484338713359114e-04
1.639405210311685739e-04
1.638606104039132261e-04
1.638072728457263172e-04
1.637527227614504885e-04
1.636751137769840170e-04
1.635831755135056344e-04
1.634761929660631229e-04
1.633672305842039758e-04
1.632586065757623574e-04
1.631666077168806054e-04
1.630907457487956551e-04
1.630596663548407571e-04
1.630495803027432128e-04
1.630228633191793273e-04
1.629449302793072724e-04
1.628814154749125319e-04
1.628181228115390539e-04
1.627333072941681679e-04
1.626438326060416421e-04
1.625586630759569729e-04
1.624279903644087629e-04
1.622956738748465935e-04
1.621733599283277231e-04
1.621355210658544641e-04
1.620949789713668320e-04
1.620242643282034014e-04
1.619539360802248619e-04
1.618897338021284033e-04
1.618430638718938871e-04
1.617607876920607165e-04
1.616857550261840244e-04
1.616191518885545754e-04
1.615543855779119978e-04
1.615101410949928843e-04
1.614481953131933155e-04
1.613926527230295728e-04
1.613263001191429910e-04
1.612422787810585396e-04
1.611743313786399812e-04
1.610930440976959105e-04
1.609882386480352367e-04
1.608762949032635481e-04
1.607617353618781488e-04
1.606233785626543517e-04
1.605403314023690932e-04
1.605055647726705476e-04
1.604657888133817630e-04
1.604121621423833905e-04
1.603414810574260599e-04
1.603025672802079133e-04
1.602464257000313613e-04
1.601907061666457981e-04
1.601196341717921906e-04
1.600328881462318267e-04
1.599346961229646414e-04
1.598178213159280874e-04
1.597049018428342310e-04
1.596081868231609662e-04
1.595171153812216102e-04
1.594534523281171206e-04
1.594101032191543813e-04
1.594056679174961279e-04
1.593275036905629060e-04
1.593038116084244176e-04
1.592601472683671685e-04
1.592173097145790060e-04
1.591500262904046060e-04
1.590730315535214599e-04
1.589876802871605349e-04
1.588829211395297795e-04
1.587963887990382413e-04
1.586811440652978662e-04
1.585772732610655458e-04
1.584784796094814796e-04
1.583715592582489559e-04
1.583390310034567359e-04
1.583011274122189194e-04
1.582972983492550293e-04
1.582667382126698723e-04
1.581908344822560567e-04
1.581317931900560027e-04
1.580573761804323393e-04
1.579861700168866520e-04
1.579120872684122115e-04
1.578195198136953577e-04
1.577120493414101458e-04
1.576395120976836750e-04
1.575567804996879588e-04
1.575314023476260075e-04
1.575128139536592533e-04
1.574494681578976919e-04
1.574136274020251274e-04
1.573384360905400120e-04
1.572685481936364395e-04
1.572069040212910253e-04
1.571425371999520914e-04
1.570496534425092289e-04
1.569812055398318114e-04
1.568982579705576906e-04
1.568436962869682028e-04
1.567749849595261719e-04
1.567292722315243069e-04
1.567000404174842879e-04
1.566205901094333791e-04
1.565762430561689819e-04
1.565028811019595549e-04
1.564321384682753344e-04
1.563456661467422680e-04
1.562411809717949740e-04
1.561207920672943105e-04
1.560011351366613684e-04
1.559116588212347413e-04
1.560202093289051351e-04
1.558787178792494274e-04
1.559456975037245630e-04
1.558051951416395179e-04
1.557744871441122021e-04
1.556944326807875784e-04
1.556198940009864283e-04
1.555502355275028691e-04
1.554620305262451702e-04
1.553741720222803519e-04
1.552956137601001262e-04
1.552307480432164703e-04
1.552094843208550248e-04
1.551847790811088405e-04
1.551292312170523386e-04
1.551088694863538399e-04
1.550418566414660639e-04
1.549533629451144926e-04
1.548656040135573122e-04
1.547653158765009945e-04
1.546520151675522686e-04
1.545198757005037445e-04
1.543786899960926699e-04
1.542948140969107034e-04
1.542307236112061303e-04
1.542391584399528876e-04
1.542241340210975299e-04
1.541331826601823724e-04
1.540868745312122870e-04
1.540219325444499806e-04
1.539514000495706631e-04
1.538633271938218009e-04
1.537711820405622597e-04
1.536679931314558346e-04
1.535665882206263685e-04
1.534676031973962061e-04
1.533585475417856790e-04
1.532582622377712950e-04
1.532307919221941029e-04
1.532529590788894020e-04
1.531541882069141285e-04
1.531276783799517946e-04
1.530876745336763850e-04
1.530541690289516853e-04
1.529982247556577440e-04
1.529275033173222494e-04
1.528449810474377744e-04
1.527503439635704077e-04
1.526415759198226192e-04
1.525406798517372434e-04
1.524839234483132836e-04
1.524627918097790037e-04
1.524609806347660855e-04
1.523424946950766772e-04
1.522852303430428944e-04
1.521974881189137440e-04
1.521455311726387116e-04
1.520988725822136037e-04
1.520538286753613519e-04
1.520157446413114490e-04
1.519750056119642024e-04
1.519188901946803578e-04
1.518679795993330486e-04
1.517995103855335475e-04
1.517211293775223466e-04
1.516316431608489862e-04
1.515283755028317130e-04
1.514130519339303637e-04
1.512955343869536271e-04
1.512002555808298991e-04
1.511740076192468537e-04
1.511373329194806931e-04
1.511533324874164859e-04
1.510603855908688390e-04
1.510049024206215119e-04
1.509438820724843167e-04
1.508898924669514676e-04
1.508261557954295449e-04
1.507546460917979147e-04
1.506782779776918730e-04
1.506505521561040989e-04
1.505849941218299340e-04
1.505240123516994946e-04
1.504491279991401862e-04
1.503813713236353011e-04
1.503229024628434298e-04
1.503301157502117758e-04
1.502658793479222355e-04
1.502278018829318921e-04
1.501885622275648982e-04
1.501359395060257364e-04
1.500654038526947015e-04
1.499831421861967532e-04
1.498917021232440720e-04
1.497887318387344801e-04
1.496961471210699632e-04
1.496609150102216988e-04
1.496532817679275651e-04
1.495811043257113488e-04
1.495440932104282166e-04
1.494808945095483946e-04
1.494482704278461552e-04
1.493735188242345589e-04
1.492930972967650681e-04
1.492151388218120511e-04
1.491348151538948090e-04
1.490303046722724924e-04
1.489471860449466693e-04
1.489242993914561381e-04
1.488952783167665414e-04
1.488644391130204843e-04
1.488215468701997225e-04
1.487616308491692568e-04
1.487041450866184375e-04
1.486406107057185936e-04
1.485638727930273793e-04
1.484690897182015681e-04
1.483706896471437178e-04
1.482950923033279336e-04
1.482924059448543195e-04
1.482471002738121812e-04
1.481929069642166539e-04
1.481402359659676055e-04
1.480901106061243300e-04
1.480432517972865721e-04
1.479859918399386036e-04
1.479074292697883815e-04
1.478191528711769959e-04
1.477193000747965129e-04
1.476515729405987454e-04
1.476252278739179199e-04
1.476120269807556650e-04
1.475404403488034689e-04
1.474680753337672919e-04
1.474021068248508679e-04
1.473303430150214302e-04
1.472768954435439161e-04
1.472292992013961581e-04
1.471600081828766790e-04
1.470980266921092909e-04
1.470510176852111094e-04
1.469903044154427778e-04
1.469192728473504199e-04
1.469000812067537437e-04
1.468156018027527959e-04
1.467572311913263009e-04
1.466959897049770884e-04
1.466448016317579907e-04
1.465665598469165936e-04
1.464785457576891657e-04
1.463764079420763959e-04
1.462693427948336751e-04
1.462727288620519828e-04
1.462582295388896263e-04
1.461923474235847053e-04
1.461500585353154040e-04
1.460846477997687620e-04
1.460331525358101845e-04
1.459522399281127790e-04
1.458644678207727055e-04
1.457743663605682563e-04
1.457022700408287233e-04
1.456668258407180466e-04
1.456385411375364365e-04
1.455422814311381290e-04
1.455013063779810652e-04
1.454149714742712944e-04
1.453792424326610282e-04
1.453060269061551681e-04
1.452544104289284893e-04
1.451927185710214668e-04
1.451535511052014292e-04
1.451108957418669897e-04
1.450587973943791970e-04
1.450023843896862375e-04
1.449449090056165873e-04
1.448809639655843388e-04
1.447918617664186315e-04
1.446937692454050236e-04
1.445942778913857161e-04
1.446824912238156471e-04
1.445778756552437445e-04
1.445641593446690177e-04
1.445143009459064524e-04
1.444670572374915588e-04
1.444015621395284231e-04
1.443243689707448900e-04
1.442462506923284965e-04
1.441652484650013399e-04
1.440767989502669279e-04
1.439761556487195314e-04
1.439023785902389981e-04
1.438725220160730757e-04
1.438852627287997708e-04
1.437966756344085718e-04
1.437426705064061554e-04
1.436904271483537986e-04
1.436288311541889320e-04
1.435552990236591225e-04
1.434863067121364979e-04
1.435261245181711860e-04
1.434435150116187348e-04
1.434260393987421003e-04
1.433709897248461643e-04
1.433113321444463839e-04
1.432440464749374232e-04
1.431728427901908572e-04
1.430841628084381458e-04
1.429883415017056106e-04
1.429140148213375785e-04
1.428816058620222841e-04
1.428690828752827578e-04
1.428765897262000619e-04
1.428045655364802323e-04
1.427628965457757157e-04
1.427116057214719048e-04
1.426611940972367183e-04
1.426063905613067485e-04
1.425560229156606158e-04
1.425181163312735054e-04
1.424596060714080660e-04
1.423851383873206455e-04
1.423337315046769485e-04
1.422618799528229544e-04
1.421927813860549234e-04
1.421186120507726095e-04
1.420738410104662580e-04
1.420035168011945061e-04
1.419821677094796285e-04
1.419981775129985815e-04
1.419323108737668288e-04
1.419005637118812987e-04
1.418463906473821693e-04
1.417795001228194319e-04
1.417132624355229556e-04
1.416421827331152436e-04
1.415647476099217254e-04
1.414784813451779662e-04
1.413962941938301987e-04
1.413439634235342472e-04
1.413201129960097477e-04
1.412774512554263188e-04
1.412342709905943408e-04
1.411915133499656286e-04
1.411287010625221299e-04
1.410620147387737448e-04
1.409879741011261741e-04
1.409011258145090643e-04
1.408071628791707447e-04
1.406921796898859777e-04
1.405643100744249354e-04
1.405316376454093200e-04
1.405857740329219960e-04
1.405495019379856810e-04
1.405094357105456115e-04
1.404290030358276318e-04
1.404058645465160779e-04
1.403529029657815739e-04
1.402927248034126597e-04
1.402300820951941180e-04
1.401594002841245561e-04
1.400819718477435999e-04
1.399967975864065128e-04
1.399277749701077842e-04
1.399217706819796774e-04
1.398799863383305437e-04
1.398439162365402609e-04
1.398048775665473354e-04
1.397799253135318016e-04
1.397419550128102908e-04
1.397025650185398883e-04
1.396492783327773894e-04
1.395924098202288471e-04
1.395325071184654573e-04
1.394918169045659072e-04
1.394347472844864545e-04
1.393917873557187575e-04
1.393301176326850420e-04
1.392732836537875036e-04
1.392400063493001022e-04
1.392321754019302962e-04
1.391882766176284032e-04
1.391511093569273592e-04
1.390988057632827992e-04
1.390321826133271356e-04
1.389582092569031533e-04
1.388773977219203717e-04
1.387841665547566179e-04
1.386858240412866409e-04
1.385836393260083234e-04
1.386339724302448472e-04
1.385976994811417785e-04
1.385267681501551728e-04
1.385111879425836583e-04
1.384736518679572509e-04
1.384463828253088295e-04
1.384099785012397606e-04
1.383633711812968701e-04
1.383091278051921361e-04
1.382488772678176563e-04
1.381775641791831231e-04
1.380943198424640741e-04
1.380006203699916446e-04
1.378939460994023695e-04
1.377836202514528922e-04
1.377102267393345912e-04
1.376531965370689052e-04
1.376424748853665662e-04
