1.835833333333333428e+01
3.275000000000005684e+00
3.286666666666666003e+01
3.929166666666666430e+01
4.144166666666666998e+01
1.276666666666666572e+01
5.736666666666666714e+01
4.941666666666666430e+01
6.120833333333333570e+01
7.061666666666667425e+01
6.611666666666667425e+01
7.957500000000000284e+01
6.990000000000000568e+01
8.009166666666666856e+01
8.299166666666667425e+01
8.312500000000000000e+01
8.468333333333333712e+01
8.416666666666667140e+01
8.821666666666666856e+01
8.884166666666666856e+01
8.953333333333333144e+01
9.069166666666666288e+01
8.864166666666666572e+01
9.109166666666666856e+01
9.120000000000000284e+01
9.301666666666666572e+01
9.425833333333333997e+01
9.584166666666666856e+01
9.509166666666666856e+01
9.665000000000000568e+01
9.568333333333333712e+01
9.713333333333333997e+01
9.665833333333333144e+01
9.728333333333333144e+01
9.789166666666666572e+01
9.793333333333333712e+01
9.848333333333333428e+01
9.870833333333332860e+01
9.870833333333332860e+01
9.905833333333333712e+01
9.865833333333333144e+01
9.910833333333333428e+01
9.915000000000000568e+01
9.933333333333332860e+01
9.930833333333333712e+01
9.926666666666666572e+01
9.931666666666666288e+01
9.935833333333333428e+01
9.942499999999999716e+01
9.935833333333333428e+01
9.945833333333332860e+01
9.948333333333333428e+01
9.944166666666666288e+01
9.950833333333333997e+01
9.944166666666666288e+01
9.950000000000000000e+01
9.954166666666667140e+01
9.948333333333333428e+01
9.947499999999999432e+01
9.951666666666666572e+01
9.949166666666666003e+01
9.954999999999999716e+01
9.954166666666667140e+01
9.954999999999999716e+01
9.956666666666666288e+01
9.955833333333333712e+01
9.955833333333333712e+01
9.958333333333332860e+01
9.957500000000000284e+01
9.957500000000000284e+01
9.954999999999999716e+01
9.954999999999999716e+01
9.954166666666667140e+01
9.957500000000000284e+01
9.955833333333333712e+01
9.958333333333332860e+01
9.959166666666666856e+01
9.963333333333333997e+01
9.964166666666666572e+01
9.965000000000000568e+01
9.966666666666667140e+01
9.963333333333333997e+01
9.966666666666667140e+01
9.965833333333333144e+01
9.963333333333333997e+01
9.965833333333333144e+01
9.965833333333333144e+01
9.968333333333333712e+01
9.970000000000000284e+01
9.968333333333333712e+01
9.970000000000000284e+01
9.970000000000000284e+01
9.970000000000000284e+01
9.970833333333332860e+01
9.969166666666666288e+01
9.972499999999999432e+01
9.969166666666666288e+01
9.968333333333333712e+01
9.970000000000000284e+01
9.970000000000000284e+01
9.970833333333332860e+01
9.970833333333332860e+01
9.970833333333332860e+01
9.970000000000000284e+01
9.970833333333332860e+01
9.971666666666666856e+01
9.973333333333333428e+01
9.970833333333332860e+01
9.972499999999999432e+01
9.971666666666666856e+01
9.972499999999999432e+01
9.971666666666666856e+01
9.971666666666666856e+01
9.972499999999999432e+01
9.972499999999999432e+01
9.972499999999999432e+01
9.972499999999999432e+01
9.972499999999999432e+01
9.971666666666666856e+01
9.972499999999999432e+01
9.971666666666666856e+01
9.973333333333333428e+01
9.970833333333332860e+01
9.972499999999999432e+01
9.971666666666666856e+01
9.975000000000000000e+01
9.973333333333333428e+01
9.971666666666666856e+01
9.973333333333333428e+01
9.972499999999999432e+01
9.975000000000000000e+01
9.971666666666666856e+01
9.974166666666666003e+01
9.972499999999999432e+01
9.974166666666666003e+01
9.973333333333333428e+01
9.974166666666666003e+01
9.974166666666666003e+01
9.972499999999999432e+01
9.975000000000000000e+01
9.975000000000000000e+01
9.975833333333333997e+01
9.975833333333333997e+01
9.972499999999999432e+01
9.975000000000000000e+01
9.972499999999999432e+01
9.972499999999999432e+01
9.971666666666666856e+01
9.974166666666666003e+01
9.975000000000000000e+01
9.973333333333333428e+01
9.971666666666666856e+01
9.975000000000000000e+01
9.970833333333332860e+01
9.973333333333333428e+01
9.972499999999999432e+01
9.972499999999999432e+01
9.973333333333333428e+01
9.973333333333333428e+01
9.974166666666666003e+01
9.973333333333333428e+01
9.972499999999999432e+01
9.973333333333333428e+01
9.973333333333333428e+01
9.972499999999999432e+01
9.973333333333333428e+01
9.973333333333333428e+01
9.973333333333333428e+01
9.973333333333333428e+01
9.973333333333333428e+01
9.974166666666666003e+01
9.974166666666666003e+01
9.973333333333333428e+01
9.973333333333333428e+01
9.973333333333333428e+01
9.973333333333333428e+01
9.973333333333333428e+01
9.975000000000000000e+01
9.975833333333333997e+01
9.976666666666666572e+01
9.975000000000000000e+01
9.975833333333333997e+01
9.974166666666666003e+01
9.975833333333333997e+01
9.975000000000000000e+01
9.974166666666666003e+01
9.975833333333333997e+01
9.975000000000000000e+01
9.975833333333333997e+01
9.976666666666666572e+01
9.977500000000000568e+01
9.978333333333333144e+01
9.978333333333333144e+01
9.977500000000000568e+01
9.980833333333333712e+01
9.975000000000000000e+01
9.978333333333333144e+01
9.975833333333333997e+01
9.978333333333333144e+01
9.978333333333333144e+01
9.978333333333333144e+01
9.978333333333333144e+01
9.978333333333333144e+01
9.979166666666667140e+01
9.977500000000000568e+01
9.979999999999999716e+01
9.977500000000000568e+01
9.979999999999999716e+01
9.979166666666667140e+01
9.979999999999999716e+01
9.979999999999999716e+01
9.979999999999999716e+01
9.979999999999999716e+01
9.981666666666666288e+01
9.981666666666666288e+01
9.981666666666666288e+01
9.982500000000000284e+01
9.984166666666666856e+01
9.985833333333333428e+01
9.983333333333332860e+01
9.984166666666666856e+01
9.984166666666666856e+01
9.984166666666666856e+01
9.985833333333333428e+01
9.984166666666666856e+01
9.986666666666666003e+01
9.984999999999999432e+01
9.987500000000000000e+01
9.987500000000000000e+01
9.987500000000000000e+01
9.987500000000000000e+01
9.986666666666666003e+01
9.986666666666666003e+01
9.987500000000000000e+01
9.986666666666666003e+01
9.987500000000000000e+01
9.989166666666666572e+01
9.989166666666666572e+01
9.989166666666666572e+01
9.990833333333333144e+01
9.992499999999999716e+01
9.987500000000000000e+01
9.993333333333333712e+01
9.992499999999999716e+01
9.990833333333333144e+01
9.992499999999999716e+01
9.995000000000000284e+01
9.994166666666666288e+01
9.994166666666666288e+01
9.994166666666666288e+01
9.994166666666666288e+01
9.995833333333332860e+01
9.994166666666666288e+01
9.995833333333332860e+01
9.995833333333332860e+01
9.995833333333332860e+01
9.993333333333333712e+01
9.995833333333332860e+01
9.995833333333332860e+01
9.995833333333332860e+01
9.995833333333332860e+01
9.995833333333332860e+01
9.995833333333332860e+01
9.995833333333332860e+01
9.995833333333332860e+01
9.995833333333332860e+01
9.995833333333332860e+01
9.995833333333332860e+01
9.995833333333332860e+01
9.995833333333332860e+01
9.995833333333332860e+01
9.995833333333332860e+01
9.995833333333332860e+01
9.995833333333332860e+01
9.995833333333332860e+01
9.995833333333332860e+01
9.995833333333332860e+01
9.995833333333332860e+01
9.995833333333332860e+01
9.995833333333332860e+01
9.995833333333332860e+01
9.995833333333332860e+01
9.995833333333332860e+01
9.995833333333332860e+01
9.995833333333332860e+01
9.996666666666666856e+01
9.996666666666666856e+01
9.997499999999999432e+01
9.996666666666666856e+01
9.997499999999999432e+01
9.997499999999999432e+01
9.997499999999999432e+01
9.997499999999999432e+01
9.997499999999999432e+01
9.997499999999999432e+01
9.997499999999999432e+01
9.997499999999999432e+01
9.997499999999999432e+01
9.997499999999999432e+01
9.997499999999999432e+01
9.997499999999999432e+01
9.997499999999999432e+01
9.997499999999999432e+01
9.997499999999999432e+01
9.997499999999999432e+01
9.997499999999999432e+01
9.997499999999999432e+01
9.997499999999999432e+01
9.998333333333333428e+01
9.997499999999999432e+01
9.997499999999999432e+01
9.997499999999999432e+01
9.997499999999999432e+01
9.998333333333333428e+01
9.998333333333333428e+01
9.997499999999999432e+01
9.998333333333333428e+01
9.998333333333333428e+01
9.997499999999999432e+01
9.998333333333333428e+01
9.998333333333333428e+01
9.998333333333333428e+01
9.998333333333333428e+01
9.998333333333333428e+01
9.998333333333333428e+01
9.998333333333333428e+01
9.998333333333333428e+01
1.000000000000000000e+02
9.998333333333333428e+01
9.999166666666666003e+01
9.999166666666666003e+01
1.000000000000000000e+02
9.999166666666666003e+01
1.000000000000000000e+02
1.000000000000000000e+02
1.000000000000000000e+02
1.000000000000000000e+02
9.999166666666666003e+01
1.000000000000000000e+02
9.999166666666666003e+01
1.000000000000000000e+02
1.000000000000000000e+02
1.000000000000000000e+02
1.000000000000000000e+02
1.000000000000000000e+02
1.000000000000000000e+02
1.000000000000000000e+02
1.000000000000000000e+02
1.000000000000000000e+02
1.000000000000000000e+02
1.000000000000000000e+02
1.000000000000000000e+02
1.000000000000000000e+02
1.000000000000000000e+02
1.000000000000000000e+02
1.000000000000000000e+02
1.000000000000000000e+02
1.000000000000000000e+02
1.000000000000000000e+02
1.000000000000000000e+02
1.000000000000000000e+02
1.000000000000000000e+02
1.000000000000000000e+02
1.000000000000000000e+02
1.000000000000000000e+02
1.000000000000000000e+02
1.000000000000000000e+02
1.000000000000000000e+02
1.000000000000000000e+02
1.000000000000000000e+02
1.000000000000000000e+02
1.000000000000000000e+02
1.000000000000000000e+02
1.000000000000000000e+02
1.000000000000000000e+02
1.000000000000000000e+02
1.000000000000000000e+02
1.000000000000000000e+02
1.000000000000000000e+02
1.000000000000000000e+02
1.000000000000000000e+02
1.000000000000000000e+02
1.000000000000000000e+02
1.000000000000000000e+02
1.000000000000000000e+02
1.000000000000000000e+02
1.000000000000000000e+02
1.000000000000000000e+02
1.000000000000000000e+02
1.000000000000000000e+02
1.000000000000000000e+02
1.000000000000000000e+02
1.000000000000000000e+02
1.000000000000000000e+02
1.000000000000000000e+02
1.000000000000000000e+02
1.000000000000000000e+02
1.000000000000000000e+02
1.000000000000000000e+02
1.000000000000000000e+02
1.000000000000000000e+02
1.000000000000000000e+02
1.000000000000000000e+02
1.000000000000000000e+02
1.000000000000000000e+02
1.000000000000000000e+02
1.000000000000000000e+02
1.000000000000000000e+02
1.000000000000000000e+02
1.000000000000000000e+02
1.000000000000000000e+02
1.000000000000000000e+02
1.000000000000000000e+02
1.000000000000000000e+02
1.000000000000000000e+02
1.000000000000000000e+02
1.000000000000000000e+02
1.000000000000000000e+02
1.000000000000000000e+02
1.000000000000000000e+02
1.000000000000000000e+02
1.000000000000000000e+02
1.000000000000000000e+02
1.000000000000000000e+02
1.000000000000000000e+02
1.000000000000000000e+02
1.000000000000000000e+02
1.000000000000000000e+02
1.000000000000000000e+02
1.000000000000000000e+02
1.000000000000000000e+02
1.000000000000000000e+02
1.000000000000000000e+02
1.000000000000000000e+02
1.000000000000000000e+02
1.000000000000000000e+02
1.000000000000000000e+02
1.000000000000000000e+02
1.000000000000000000e+02
1.000000000000000000e+02
1.000000000000000000e+02
1.000000000000000000e+02
1.000000000000000000e+02
1.000000000000000000e+02
1.000000000000000000e+02
1.000000000000000000e+02
1.000000000000000000e+02
1.000000000000000000e+02
1.000000000000000000e+02
1.000000000000000000e+02
1.000000000000000000e+02
1.000000000000000000e+02
1.000000000000000000e+02
1.000000000000000000e+02
1.000000000000000000e+02
1.000000000000000000e+02
1.000000000000000000e+02
1.000000000000000000e+02
1.000000000000000000e+02
1.000000000000000000e+02
1.000000000000000000e+02
1.000000000000000000e+02
1.000000000000000000e+02
1.000000000000000000e+02
1.000000000000000000e+02
1.000000000000000000e+02
1.000000000000000000e+02
1.000000000000000000e+02
1.000000000000000000e+02
1.000000000000000000e+02
1.000000000000000000e+02
1.000000000000000000e+02
1.000000000000000000e+02
1.000000000000000000e+02
1.000000000000000000e+02
1.000000000000000000e+02
1.000000000000000000e+02
1.000000000000000000e+02
1.000000000000000000e+02
1.000000000000000000e+02
1.000000000000000000e+02
1.000000000000000000e+02
1.000000000000000000e+02
1.000000000000000000e+02
1.000000000000000000e+02
1.000000000000000000e+02
1.000000000000000000e+02
1.000000000000000000e+02
1.000000000000000000e+02
1.000000000000000000e+02
1.000000000000000000e+02
1.000000000000000000e+02
1.000000000000000000e+02
1.000000000000000000e+02
1.000000000000000000e+02
1.000000000000000000e+02
1.000000000000000000e+02
1.000000000000000000e+02
1.000000000000000000e+02
1.000000000000000000e+02
1.000000000000000000e+02
1.000000000000000000e+02
1.000000000000000000e+02
1.000000000000000000e+02
1.000000000000000000e+02
1.000000000000000000e+02
1.000000000000000000e+02
1.000000000000000000e+02
1.000000000000000000e+02
1.000000000000000000e+02
1.000000000000000000e+02
1.000000000000000000e+02
1.000000000000000000e+02
1.000000000000000000e+02
1.000000000000000000e+02
1.000000000000000000e+02
1.000000000000000000e+02
1.000000000000000000e+02
1.000000000000000000e+02
1.000000000000000000e+02
1.000000000000000000e+02
1.000000000000000000e+02
1.000000000000000000e+02
1.000000000000000000e+02
1.000000000000000000e+02
1.000000000000000000e+02
1.000000000000000000e+02
1.000000000000000000e+02
1.000000000000000000e+02
1.000000000000000000e+02
1.000000000000000000e+02
1.000000000000000000e+02
1.000000000000000000e+02
1.000000000000000000e+02
1.000000000000000000e+02
1.000000000000000000e+02
1.000000000000000000e+02
1.000000000000000000e+02
1.000000000000000000e+02
1.000000000000000000e+02
1.000000000000000000e+02
1.000000000000000000e+02
1.000000000000000000e+02
1.000000000000000000e+02
1.000000000000000000e+02
1.000000000000000000e+02
1.000000000000000000e+02
1.000000000000000000e+02
1.000000000000000000e+02
1.000000000000000000e+02
1.000000000000000000e+02
1.000000000000000000e+02
1.000000000000000000e+02
1.000000000000000000e+02
1.000000000000000000e+02
1.000000000000000000e+02
1.000000000000000000e+02
1.000000000000000000e+02
1.000000000000000000e+02
1.000000000000000000e+02
1.000000000000000000e+02
1.000000000000000000e+02
1.000000000000000000e+02
1.000000000000000000e+02
1.000000000000000000e+02
1.000000000000000000e+02
1.000000000000000000e+02
1.000000000000000000e+02
1.000000000000000000e+02
1.000000000000000000e+02
1.000000000000000000e+02
1.000000000000000000e+02
1.000000000000000000e+02
1.000000000000000000e+02
1.000000000000000000e+02
1.000000000000000000e+02
1.000000000000000000e+02
1.000000000000000000e+02
1.000000000000000000e+02
1.000000000000000000e+02
1.000000000000000000e+02
1.000000000000000000e+02
1.000000000000000000e+02
1.000000000000000000e+02
1.000000000000000000e+02
1.000000000000000000e+02
1.000000000000000000e+02
1.000000000000000000e+02
1.000000000000000000e+02
1.000000000000000000e+02
1.000000000000000000e+02
1.000000000000000000e+02
1.000000000000000000e+02
1.000000000000000000e+02
1.000000000000000000e+02
1.000000000000000000e+02
1.000000000000000000e+02
1.000000000000000000e+02
1.000000000000000000e+02
1.000000000000000000e+02
1.000000000000000000e+02
1.000000000000000000e+02
1.000000000000000000e+02
1.000000000000000000e+02
1.000000000000000000e+02
1.000000000000000000e+02
1.000000000000000000e+02
1.000000000000000000e+02
1.000000000000000000e+02
1.000000000000000000e+02
1.000000000000000000e+02
1.000000000000000000e+02
1.000000000000000000e+02
1.000000000000000000e+02
1.000000000000000000e+02
1.000000000000000000e+02
1.000000000000000000e+02
1.000000000000000000e+02
1.000000000000000000e+02
1.000000000000000000e+02
1.000000000000000000e+02
1.000000000000000000e+02
1.000000000000000000e+02
1.000000000000000000e+02
1.000000000000000000e+02
1.000000000000000000e+02
1.000000000000000000e+02
1.000000000000000000e+02
1.000000000000000000e+02
1.000000000000000000e+02
1.000000000000000000e+02
1.000000000000000000e+02
1.000000000000000000e+02
1.000000000000000000e+02
1.000000000000000000e+02
1.000000000000000000e+02
1.000000000000000000e+02
1.000000000000000000e+02
1.000000000000000000e+02
1.000000000000000000e+02
1.000000000000000000e+02
1.000000000000000000e+02
1.000000000000000000e+02
1.000000000000000000e+02
1.000000000000000000e+02
1.000000000000000000e+02
1.000000000000000000e+02
1.000000000000000000e+02
1.000000000000000000e+02
1.000000000000000000e+02
1.000000000000000000e+02
1.000000000000000000e+02
1.000000000000000000e+02
1.000000000000000000e+02
1.000000000000000000e+02
1.000000000000000000e+02
1.000000000000000000e+02
1.000000000000000000e+02
1.000000000000000000e+02
1.000000000000000000e+02
1.000000000000000000e+02
1.000000000000000000e+02
1.000000000000000000e+02
1.000000000000000000e+02
1.000000000000000000e+02
1.000000000000000000e+02
1.000000000000000000e+02
1.000000000000000000e+02
1.000000000000000000e+02
1.000000000000000000e+02
1.000000000000000000e+02
1.000000000000000000e+02
1.000000000000000000e+02
1.000000000000000000e+02
1.000000000000000000e+02
1.000000000000000000e+02
1.000000000000000000e+02
1.000000000000000000e+02
1.000000000000000000e+02
1.000000000000000000e+02
1.000000000000000000e+02
1.000000000000000000e+02
1.000000000000000000e+02
1.000000000000000000e+02
1.000000000000000000e+02
1.000000000000000000e+02
1.000000000000000000e+02
1.000000000000000000e+02
1.000000000000000000e+02
1.000000000000000000e+02
1.000000000000000000e+02
1.000000000000000000e+02
1.000000000000000000e+02
1.000000000000000000e+02
1.000000000000000000e+02
1.000000000000000000e+02
1.000000000000000000e+02
1.000000000000000000e+02
1.000000000000000000e+02
1.000000000000000000e+02
1.000000000000000000e+02
1.000000000000000000e+02
1.000000000000000000e+02
1.000000000000000000e+02
1.000000000000000000e+02
1.000000000000000000e+02
1.000000000000000000e+02
1.000000000000000000e+02
1.000000000000000000e+02
1.000000000000000000e+02
1.000000000000000000e+02
1.000000000000000000e+02
1.000000000000000000e+02
1.000000000000000000e+02
1.000000000000000000e+02
1.000000000000000000e+02
1.000000000000000000e+02
1.000000000000000000e+02
1.000000000000000000e+02
1.000000000000000000e+02
1.000000000000000000e+02
1.000000000000000000e+02
1.000000000000000000e+02
1.000000000000000000e+02
1.000000000000000000e+02
1.000000000000000000e+02
1.000000000000000000e+02
1.000000000000000000e+02
1.000000000000000000e+02
1.000000000000000000e+02
1.000000000000000000e+02
1.000000000000000000e+02
1.000000000000000000e+02
1.000000000000000000e+02
1.000000000000000000e+02
1.000000000000000000e+02
1.000000000000000000e+02
1.000000000000000000e+02
1.000000000000000000e+02
1.000000000000000000e+02
1.000000000000000000e+02
1.000000000000000000e+02
1.000000000000000000e+02
1.000000000000000000e+02
1.000000000000000000e+02
1.000000000000000000e+02
1.000000000000000000e+02
1.000000000000000000e+02
1.000000000000000000e+02
1.000000000000000000e+02
1.000000000000000000e+02
1.000000000000000000e+02
1.000000000000000000e+02
1.000000000000000000e+02
1.000000000000000000e+02
1.000000000000000000e+02
1.000000000000000000e+02
1.000000000000000000e+02
1.000000000000000000e+02
1.000000000000000000e+02
1.000000000000000000e+02
1.000000000000000000e+02
1.000000000000000000e+02
1.000000000000000000e+02
1.000000000000000000e+02
1.000000000000000000e+02
1.000000000000000000e+02
1.000000000000000000e+02
1.000000000000000000e+02
1.000000000000000000e+02
1.000000000000000000e+02
1.000000000000000000e+02
1.000000000000000000e+02
1.000000000000000000e+02
1.000000000000000000e+02
1.000000000000000000e+02
1.000000000000000000e+02
1.000000000000000000e+02
1.000000000000000000e+02
1.000000000000000000e+02
1.000000000000000000e+02
1.000000000000000000e+02
1.000000000000000000e+02
1.000000000000000000e+02
1.000000000000000000e+02
1.000000000000000000e+02
1.000000000000000000e+02
1.000000000000000000e+02
1.000000000000000000e+02
1.000000000000000000e+02
1.000000000000000000e+02
1.000000000000000000e+02
1.000000000000000000e+02
1.000000000000000000e+02
1.000000000000000000e+02
1.000000000000000000e+02
1.000000000000000000e+02
1.000000000000000000e+02
1.000000000000000000e+02
1.000000000000000000e+02
1.000000000000000000e+02
1.000000000000000000e+02
1.000000000000000000e+02
1.000000000000000000e+02
1.000000000000000000e+02
1.000000000000000000e+02
1.000000000000000000e+02
1.000000000000000000e+02
1.000000000000000000e+02
1.000000000000000000e+02
1.000000000000000000e+02
1.000000000000000000e+02
1.000000000000000000e+02
1.000000000000000000e+02
1.000000000000000000e+02
1.000000000000000000e+02
1.000000000000000000e+02
1.000000000000000000e+02
1.000000000000000000e+02
1.000000000000000000e+02
1.000000000000000000e+02
1.000000000000000000e+02
1.000000000000000000e+02
1.000000000000000000e+02
1.000000000000000000e+02
1.000000000000000000e+02
1.000000000000000000e+02
1.000000000000000000e+02
1.000000000000000000e+02
1.000000000000000000e+02
1.000000000000000000e+02
1.000000000000000000e+02
1.000000000000000000e+02
1.000000000000000000e+02
1.000000000000000000e+02
1.000000000000000000e+02
1.000000000000000000e+02
1.000000000000000000e+02
1.000000000000000000e+02
1.000000000000000000e+02
1.000000000000000000e+02
1.000000000000000000e+02
1.000000000000000000e+02
1.000000000000000000e+02
1.000000000000000000e+02
1.000000000000000000e+02
1.000000000000000000e+02
1.000000000000000000e+02
1.000000000000000000e+02
1.000000000000000000e+02
1.000000000000000000e+02
1.000000000000000000e+02
1.000000000000000000e+02
1.000000000000000000e+02
1.000000000000000000e+02
1.000000000000000000e+02
1.000000000000000000e+02
1.000000000000000000e+02
1.000000000000000000e+02
1.000000000000000000e+02
1.000000000000000000e+02
1.000000000000000000e+02
1.000000000000000000e+02
1.000000000000000000e+02
1.000000000000000000e+02
1.000000000000000000e+02
1.000000000000000000e+02
1.000000000000000000e+02
1.000000000000000000e+02
1.000000000000000000e+02
1.000000000000000000e+02
1.000000000000000000e+02
1.000000000000000000e+02
1.000000000000000000e+02
1.000000000000000000e+02
1.000000000000000000e+02
1.000000000000000000e+02
1.000000000000000000e+02
1.000000000000000000e+02
1.000000000000000000e+02
1.000000000000000000e+02
1.000000000000000000e+02
1.000000000000000000e+02
1.000000000000000000e+02
1.000000000000000000e+02
1.000000000000000000e+02
1.000000000000000000e+02
1.000000000000000000e+02
1.000000000000000000e+02
1.000000000000000000e+02
1.000000000000000000e+02
1.000000000000000000e+02
1.000000000000000000e+02
1.000000000000000000e+02
1.000000000000000000e+02
1.000000000000000000e+02
1.000000000000000000e+02
1.000000000000000000e+02
1.000000000000000000e+02
1.000000000000000000e+02
1.000000000000000000e+02
1.000000000000000000e+02
1.000000000000000000e+02
1.000000000000000000e+02
1.000000000000000000e+02
1.000000000000000000e+02
1.000000000000000000e+02
1.000000000000000000e+02
1.000000000000000000e+02
1.000000000000000000e+02
1.000000000000000000e+02
1.000000000000000000e+02
1.000000000000000000e+02
1.000000000000000000e+02
1.000000000000000000e+02
1.000000000000000000e+02
1.000000000000000000e+02
1.000000000000000000e+02
1.000000000000000000e+02
1.000000000000000000e+02
1.000000000000000000e+02
1.000000000000000000e+02
1.000000000000000000e+02
1.000000000000000000e+02
1.000000000000000000e+02
1.000000000000000000e+02
1.000000000000000000e+02
1.000000000000000000e+02
1.000000000000000000e+02
1.000000000000000000e+02
1.000000000000000000e+02
1.000000000000000000e+02
1.000000000000000000e+02
1.000000000000000000e+02
1.000000000000000000e+02
1.000000000000000000e+02
1.000000000000000000e+02
1.000000000000000000e+02
1.000000000000000000e+02
1.000000000000000000e+02
1.000000000000000000e+02
1.000000000000000000e+02
1.000000000000000000e+02
1.000000000000000000e+02
1.000000000000000000e+02
1.000000000000000000e+02
1.000000000000000000e+02
1.000000000000000000e+02
1.000000000000000000e+02
1.000000000000000000e+02
1.000000000000000000e+02
1.000000000000000000e+02
1.000000000000000000e+02
1.000000000000000000e+02
1.000000000000000000e+02
1.000000000000000000e+02
1.000000000000000000e+02
1.000000000000000000e+02
1.000000000000000000e+02
1.000000000000000000e+02
1.000000000000000000e+02
1.000000000000000000e+02
1.000000000000000000e+02
1.000000000000000000e+02
1.000000000000000000e+02
1.000000000000000000e+02
1.000000000000000000e+02
1.000000000000000000e+02
1.000000000000000000e+02
1.000000000000000000e+02
1.000000000000000000e+02
1.000000000000000000e+02
1.000000000000000000e+02
1.000000000000000000e+02
1.000000000000000000e+02
1.000000000000000000e+02
1.000000000000000000e+02
1.000000000000000000e+02
1.000000000000000000e+02
1.000000000000000000e+02
1.000000000000000000e+02
1.000000000000000000e+02
1.000000000000000000e+02
1.000000000000000000e+02
1.000000000000000000e+02
1.000000000000000000e+02
1.000000000000000000e+02
1.000000000000000000e+02
1.000000000000000000e+02
1.000000000000000000e+02
1.000000000000000000e+02
1.000000000000000000e+02
1.000000000000000000e+02
1.000000000000000000e+02
1.000000000000000000e+02
1.000000000000000000e+02
1.000000000000000000e+02
1.000000000000000000e+02
1.000000000000000000e+02
1.000000000000000000e+02
1.000000000000000000e+02
1.000000000000000000e+02
1.000000000000000000e+02
1.000000000000000000e+02
1.000000000000000000e+02
1.000000000000000000e+02
1.000000000000000000e+02
1.000000000000000000e+02
1.000000000000000000e+02
1.000000000000000000e+02
1.000000000000000000e+02
1.000000000000000000e+02
1.000000000000000000e+02
1.000000000000000000e+02
1.000000000000000000e+02
1.000000000000000000e+02
1.000000000000000000e+02
1.000000000000000000e+02
1.000000000000000000e+02
1.000000000000000000e+02
1.000000000000000000e+02
1.000000000000000000e+02
1.000000000000000000e+02
1.000000000000000000e+02
1.000000000000000000e+02
1.000000000000000000e+02
1.000000000000000000e+02
1.000000000000000000e+02
1.000000000000000000e+02
1.000000000000000000e+02
1.000000000000000000e+02
1.000000000000000000e+02
1.000000000000000000e+02
1.000000000000000000e+02
1.000000000000000000e+02
1.000000000000000000e+02
1.000000000000000000e+02
1.000000000000000000e+02
1.000000000000000000e+02
1.000000000000000000e+02
1.000000000000000000e+02
1.000000000000000000e+02
1.000000000000000000e+02
1.000000000000000000e+02
1.000000000000000000e+02
1.000000000000000000e+02
1.000000000000000000e+02
1.000000000000000000e+02
1.000000000000000000e+02
1.000000000000000000e+02
1.000000000000000000e+02
1.000000000000000000e+02
1.000000000000000000e+02
1.000000000000000000e+02
1.000000000000000000e+02
1.000000000000000000e+02
1.000000000000000000e+02
1.000000000000000000e+02
1.000000000000000000e+02
1.000000000000000000e+02
1.000000000000000000e+02
1.000000000000000000e+02
1.000000000000000000e+02
1.000000000000000000e+02
1.000000000000000000e+02
1.000000000000000000e+02
1.000000000000000000e+02
1.000000000000000000e+02
1.000000000000000000e+02
1.000000000000000000e+02
1.000000000000000000e+02
1.000000000000000000e+02
1.000000000000000000e+02
1.000000000000000000e+02
1.000000000000000000e+02
1.000000000000000000e+02
1.000000000000000000e+02
1.000000000000000000e+02
1.000000000000000000e+02
1.000000000000000000e+02
1.000000000000000000e+02
1.000000000000000000e+02
1.000000000000000000e+02
1.000000000000000000e+02
1.000000000000000000e+02
1.000000000000000000e+02
1.000000000000000000e+02
1.000000000000000000e+02
1.000000000000000000e+02
1.000000000000000000e+02
1.000000000000000000e+02
1.000000000000000000e+02
1.000000000000000000e+02
1.000000000000000000e+02
1.000000000000000000e+02
1.000000000000000000e+02
1.000000000000000000e+02
1.000000000000000000e+02
1.000000000000000000e+02
1.000000000000000000e+02
1.000000000000000000e+02
1.000000000000000000e+02
1.000000000000000000e+02
1.000000000000000000e+02
1.000000000000000000e+02
1.000000000000000000e+02
1.000000000000000000e+02
1.000000000000000000e+02
1.000000000000000000e+02
1.000000000000000000e+02
1.000000000000000000e+02
1.000000000000000000e+02
1.000000000000000000e+02
1.000000000000000000e+02
1.000000000000000000e+02
1.000000000000000000e+02
1.000000000000000000e+02
1.000000000000000000e+02
1.000000000000000000e+02
1.000000000000000000e+02
1.000000000000000000e+02
1.000000000000000000e+02
1.000000000000000000e+02
1.000000000000000000e+02
1.000000000000000000e+02
1.000000000000000000e+02
1.000000000000000000e+02
1.000000000000000000e+02
1.000000000000000000e+02
1.000000000000000000e+02
1.000000000000000000e+02
1.000000000000000000e+02
1.000000000000000000e+02
1.000000000000000000e+02
1.000000000000000000e+02
1.000000000000000000e+02
1.000000000000000000e+02
1.000000000000000000e+02
1.000000000000000000e+02
1.000000000000000000e+02
1.000000000000000000e+02
1.000000000000000000e+02
1.000000000000000000e+02
1.000000000000000000e+02
1.000000000000000000e+02
1.000000000000000000e+02
1.000000000000000000e+02
1.000000000000000000e+02
1.000000000000000000e+02
1.000000000000000000e+02
1.000000000000000000e+02
1.000000000000000000e+02
1.000000000000000000e+02
1.000000000000000000e+02
1.000000000000000000e+02
1.000000000000000000e+02
1.000000000000000000e+02
1.000000000000000000e+02
1.000000000000000000e+02
1.000000000000000000e+02
1.000000000000000000e+02
1.000000000000000000e+02
1.000000000000000000e+02
1.000000000000000000e+02
1.000000000000000000e+02
1.000000000000000000e+02
1.000000000000000000e+02
1.000000000000000000e+02
1.000000000000000000e+02
1.000000000000000000e+02
1.000000000000000000e+02
1.000000000000000000e+02
1.000000000000000000e+02
1.000000000000000000e+02
1.000000000000000000e+02
1.000000000000000000e+02
1.000000000000000000e+02
1.000000000000000000e+02
1.000000000000000000e+02
1.000000000000000000e+02
1.000000000000000000e+02
1.000000000000000000e+02
1.000000000000000000e+02
1.000000000000000000e+02
1.000000000000000000e+02
1.000000000000000000e+02
1.000000000000000000e+02
1.000000000000000000e+02
1.000000000000000000e+02
1.000000000000000000e+02
1.000000000000000000e+02
1.000000000000000000e+02
1.000000000000000000e+02
1.000000000000000000e+02
1.000000000000000000e+02
1.000000000000000000e+02
1.000000000000000000e+02
1.000000000000000000e+02
1.000000000000000000e+02
1.000000000000000000e+02
1.000000000000000000e+02
1.000000000000000000e+02
1.000000000000000000e+02
1.000000000000000000e+02
1.000000000000000000e+02
1.000000000000000000e+02
1.000000000000000000e+02
1.000000000000000000e+02
1.000000000000000000e+02
1.000000000000000000e+02
1.000000000000000000e+02
1.000000000000000000e+02
1.000000000000000000e+02
1.000000000000000000e+02
1.000000000000000000e+02
1.000000000000000000e+02
1.000000000000000000e+02
1.000000000000000000e+02
1.000000000000000000e+02
1.000000000000000000e+02
1.000000000000000000e+02
1.000000000000000000e+02
1.000000000000000000e+02
1.000000000000000000e+02
1.000000000000000000e+02
1.000000000000000000e+02
1.000000000000000000e+02
1.000000000000000000e+02
1.000000000000000000e+02
1.000000000000000000e+02
1.000000000000000000e+02
1.000000000000000000e+02
1.000000000000000000e+02
1.000000000000000000e+02
1.000000000000000000e+02
1.000000000000000000e+02
1.000000000000000000e+02
1.000000000000000000e+02
1.000000000000000000e+02
1.000000000000000000e+02
1.000000000000000000e+02
1.000000000000000000e+02
1.000000000000000000e+02
1.000000000000000000e+02
1.000000000000000000e+02
1.000000000000000000e+02
1.000000000000000000e+02
1.000000000000000000e+02
1.000000000000000000e+02
1.000000000000000000e+02
1.000000000000000000e+02
1.000000000000000000e+02
1.000000000000000000e+02
1.000000000000000000e+02
1.000000000000000000e+02
1.000000000000000000e+02
1.000000000000000000e+02
1.000000000000000000e+02
1.000000000000000000e+02
1.000000000000000000e+02
1.000000000000000000e+02
1.000000000000000000e+02
1.000000000000000000e+02
1.000000000000000000e+02
1.000000000000000000e+02
1.000000000000000000e+02
1.000000000000000000e+02
1.000000000000000000e+02
1.000000000000000000e+02
1.000000000000000000e+02
1.000000000000000000e+02
1.000000000000000000e+02
1.000000000000000000e+02
1.000000000000000000e+02
1.000000000000000000e+02
1.000000000000000000e+02
1.000000000000000000e+02
1.000000000000000000e+02
1.000000000000000000e+02
1.000000000000000000e+02
1.000000000000000000e+02
1.000000000000000000e+02
1.000000000000000000e+02
1.000000000000000000e+02
1.000000000000000000e+02
1.000000000000000000e+02
1.000000000000000000e+02
1.000000000000000000e+02
1.000000000000000000e+02
1.000000000000000000e+02
1.000000000000000000e+02
1.000000000000000000e+02
1.000000000000000000e+02
1.000000000000000000e+02
1.000000000000000000e+02
1.000000000000000000e+02
1.000000000000000000e+02
1.000000000000000000e+02
1.000000000000000000e+02
1.000000000000000000e+02
1.000000000000000000e+02
1.000000000000000000e+02
1.000000000000000000e+02
1.000000000000000000e+02
1.000000000000000000e+02
1.000000000000000000e+02
1.000000000000000000e+02
1.000000000000000000e+02
1.000000000000000000e+02
1.000000000000000000e+02
1.000000000000000000e+02
1.000000000000000000e+02
1.000000000000000000e+02
1.000000000000000000e+02
1.000000000000000000e+02
1.000000000000000000e+02
1.000000000000000000e+02
1.000000000000000000e+02
1.000000000000000000e+02
1.000000000000000000e+02
1.000000000000000000e+02
1.000000000000000000e+02
1.000000000000000000e+02
1.000000000000000000e+02
1.000000000000000000e+02
1.000000000000000000e+02
1.000000000000000000e+02
1.000000000000000000e+02
1.000000000000000000e+02
1.000000000000000000e+02
1.000000000000000000e+02
1.000000000000000000e+02
1.000000000000000000e+02
1.000000000000000000e+02
1.000000000000000000e+02
1.000000000000000000e+02
1.000000000000000000e+02
1.000000000000000000e+02
1.000000000000000000e+02
1.000000000000000000e+02
1.000000000000000000e+02
1.000000000000000000e+02
1.000000000000000000e+02
1.000000000000000000e+02
1.000000000000000000e+02
1.000000000000000000e+02
1.000000000000000000e+02
1.000000000000000000e+02
1.000000000000000000e+02
1.000000000000000000e+02
1.000000000000000000e+02
1.000000000000000000e+02
1.000000000000000000e+02
1.000000000000000000e+02
1.000000000000000000e+02
1.000000000000000000e+02
1.000000000000000000e+02
1.000000000000000000e+02
1.000000000000000000e+02
1.000000000000000000e+02
1.000000000000000000e+02
1.000000000000000000e+02
1.000000000000000000e+02
1.000000000000000000e+02
1.000000000000000000e+02
1.000000000000000000e+02
1.000000000000000000e+02
1.000000000000000000e+02
1.000000000000000000e+02
1.000000000000000000e+02
1.000000000000000000e+02
1.000000000000000000e+02
1.000000000000000000e+02
1.000000000000000000e+02
1.000000000000000000e+02
1.000000000000000000e+02
1.000000000000000000e+02
1.000000000000000000e+02
1.000000000000000000e+02
1.000000000000000000e+02
1.000000000000000000e+02
1.000000000000000000e+02
1.000000000000000000e+02
1.000000000000000000e+02
1.000000000000000000e+02
1.000000000000000000e+02
1.000000000000000000e+02
1.000000000000000000e+02
1.000000000000000000e+02
1.000000000000000000e+02
1.000000000000000000e+02
1.000000000000000000e+02
1.000000000000000000e+02
1.000000000000000000e+02
1.000000000000000000e+02
1.000000000000000000e+02
1.000000000000000000e+02
1.000000000000000000e+02
1.000000000000000000e+02
1.000000000000000000e+02
1.000000000000000000e+02
1.000000000000000000e+02
1.000000000000000000e+02
1.000000000000000000e+02
1.000000000000000000e+02
1.000000000000000000e+02
1.000000000000000000e+02
1.000000000000000000e+02
1.000000000000000000e+02
1.000000000000000000e+02
1.000000000000000000e+02
1.000000000000000000e+02
1.000000000000000000e+02
1.000000000000000000e+02
1.000000000000000000e+02
1.000000000000000000e+02
1.000000000000000000e+02
1.000000000000000000e+02
1.000000000000000000e+02
1.000000000000000000e+02
1.000000000000000000e+02
1.000000000000000000e+02
1.000000000000000000e+02
1.000000000000000000e+02
1.000000000000000000e+02
1.000000000000000000e+02
1.000000000000000000e+02
1.000000000000000000e+02
1.000000000000000000e+02
1.000000000000000000e+02
1.000000000000000000e+02
1.000000000000000000e+02
1.000000000000000000e+02
1.000000000000000000e+02
1.000000000000000000e+02
1.000000000000000000e+02
1.000000000000000000e+02
1.000000000000000000e+02
1.000000000000000000e+02
1.000000000000000000e+02
1.000000000000000000e+02
1.000000000000000000e+02
1.000000000000000000e+02
1.000000000000000000e+02
1.000000000000000000e+02
1.000000000000000000e+02
1.000000000000000000e+02
1.000000000000000000e+02
1.000000000000000000e+02
1.000000000000000000e+02
1.000000000000000000e+02
1.000000000000000000e+02
1.000000000000000000e+02
1.000000000000000000e+02
1.000000000000000000e+02
1.000000000000000000e+02
1.000000000000000000e+02
1.000000000000000000e+02
1.000000000000000000e+02
1.000000000000000000e+02
1.000000000000000000e+02
1.000000000000000000e+02
1.000000000000000000e+02
1.000000000000000000e+02
1.000000000000000000e+02
1.000000000000000000e+02
1.000000000000000000e+02
1.000000000000000000e+02
1.000000000000000000e+02
1.000000000000000000e+02
1.000000000000000000e+02
1.000000000000000000e+02
1.000000000000000000e+02
1.000000000000000000e+02
1.000000000000000000e+02
1.000000000000000000e+02
1.000000000000000000e+02
1.000000000000000000e+02
1.000000000000000000e+02
1.000000000000000000e+02
1.000000000000000000e+02
1.000000000000000000e+02
1.000000000000000000e+02
1.000000000000000000e+02
1.000000000000000000e+02
1.000000000000000000e+02
1.000000000000000000e+02
1.000000000000000000e+02
1.000000000000000000e+02
1.000000000000000000e+02
1.000000000000000000e+02
1.000000000000000000e+02
1.000000000000000000e+02
1.000000000000000000e+02
1.000000000000000000e+02
1.000000000000000000e+02
1.000000000000000000e+02
1.000000000000000000e+02
1.000000000000000000e+02
1.000000000000000000e+02
1.000000000000000000e+02
1.000000000000000000e+02
1.000000000000000000e+02
1.000000000000000000e+02
1.000000000000000000e+02
1.000000000000000000e+02
1.000000000000000000e+02
1.000000000000000000e+02
1.000000000000000000e+02
1.000000000000000000e+02
1.000000000000000000e+02
1.000000000000000000e+02
1.000000000000000000e+02
1.000000000000000000e+02
1.000000000000000000e+02
1.000000000000000000e+02
1.000000000000000000e+02
1.000000000000000000e+02
1.000000000000000000e+02
1.000000000000000000e+02
1.000000000000000000e+02
1.000000000000000000e+02
1.000000000000000000e+02
1.000000000000000000e+02
1.000000000000000000e+02
1.000000000000000000e+02
1.000000000000000000e+02
1.000000000000000000e+02
1.000000000000000000e+02
1.000000000000000000e+02
1.000000000000000000e+02
1.000000000000000000e+02
1.000000000000000000e+02
1.000000000000000000e+02
1.000000000000000000e+02
1.000000000000000000e+02
1.000000000000000000e+02
1.000000000000000000e+02
1.000000000000000000e+02
1.000000000000000000e+02
1.000000000000000000e+02
1.000000000000000000e+02
1.000000000000000000e+02
1.000000000000000000e+02
1.000000000000000000e+02
1.000000000000000000e+02
1.000000000000000000e+02
1.000000000000000000e+02
1.000000000000000000e+02
1.000000000000000000e+02
1.000000000000000000e+02
1.000000000000000000e+02
1.000000000000000000e+02
1.000000000000000000e+02
1.000000000000000000e+02
1.000000000000000000e+02
1.000000000000000000e+02
1.000000000000000000e+02
1.000000000000000000e+02
1.000000000000000000e+02
1.000000000000000000e+02
1.000000000000000000e+02
1.000000000000000000e+02
1.000000000000000000e+02
1.000000000000000000e+02
1.000000000000000000e+02
1.000000000000000000e+02
1.000000000000000000e+02
1.000000000000000000e+02
1.000000000000000000e+02
1.000000000000000000e+02
1.000000000000000000e+02
1.000000000000000000e+02
1.000000000000000000e+02
1.000000000000000000e+02
1.000000000000000000e+02
1.000000000000000000e+02
1.000000000000000000e+02
1.000000000000000000e+02
1.000000000000000000e+02
1.000000000000000000e+02
1.000000000000000000e+02
1.000000000000000000e+02
1.000000000000000000e+02
1.000000000000000000e+02
1.000000000000000000e+02
1.000000000000000000e+02
1.000000000000000000e+02
1.000000000000000000e+02
1.000000000000000000e+02
1.000000000000000000e+02
1.000000000000000000e+02
1.000000000000000000e+02
1.000000000000000000e+02
1.000000000000000000e+02
1.000000000000000000e+02
1.000000000000000000e+02
1.000000000000000000e+02
1.000000000000000000e+02
1.000000000000000000e+02
1.000000000000000000e+02
1.000000000000000000e+02
1.000000000000000000e+02
1.000000000000000000e+02
1.000000000000000000e+02
1.000000000000000000e+02
1.000000000000000000e+02
1.000000000000000000e+02
1.000000000000000000e+02
1.000000000000000000e+02
1.000000000000000000e+02
1.000000000000000000e+02
1.000000000000000000e+02
1.000000000000000000e+02
1.000000000000000000e+02
1.000000000000000000e+02
1.000000000000000000e+02
1.000000000000000000e+02
1.000000000000000000e+02
1.000000000000000000e+02
1.000000000000000000e+02
1.000000000000000000e+02
1.000000000000000000e+02
1.000000000000000000e+02
1.000000000000000000e+02
1.000000000000000000e+02
1.000000000000000000e+02
1.000000000000000000e+02
1.000000000000000000e+02
1.000000000000000000e+02
1.000000000000000000e+02
1.000000000000000000e+02
1.000000000000000000e+02
1.000000000000000000e+02
1.000000000000000000e+02
1.000000000000000000e+02
1.000000000000000000e+02
1.000000000000000000e+02
1.000000000000000000e+02
1.000000000000000000e+02
1.000000000000000000e+02
1.000000000000000000e+02
1.000000000000000000e+02
1.000000000000000000e+02
1.000000000000000000e+02
1.000000000000000000e+02
1.000000000000000000e+02
1.000000000000000000e+02
1.000000000000000000e+02
1.000000000000000000e+02
1.000000000000000000e+02
1.000000000000000000e+02
1.000000000000000000e+02
1.000000000000000000e+02
1.000000000000000000e+02
1.000000000000000000e+02
1.000000000000000000e+02
1.000000000000000000e+02
1.000000000000000000e+02
1.000000000000000000e+02
1.000000000000000000e+02
1.000000000000000000e+02
1.000000000000000000e+02
1.000000000000000000e+02
1.000000000000000000e+02
1.000000000000000000e+02
1.000000000000000000e+02
1.000000000000000000e+02
1.000000000000000000e+02
1.000000000000000000e+02
1.000000000000000000e+02
1.000000000000000000e+02
1.000000000000000000e+02
1.000000000000000000e+02
1.000000000000000000e+02
1.000000000000000000e+02
1.000000000000000000e+02
1.000000000000000000e+02
1.000000000000000000e+02
1.000000000000000000e+02
1.000000000000000000e+02
1.000000000000000000e+02
1.000000000000000000e+02
1.000000000000000000e+02
1.000000000000000000e+02
1.000000000000000000e+02
1.000000000000000000e+02
1.000000000000000000e+02
1.000000000000000000e+02
1.000000000000000000e+02
1.000000000000000000e+02
1.000000000000000000e+02
1.000000000000000000e+02
1.000000000000000000e+02
1.000000000000000000e+02
1.000000000000000000e+02
1.000000000000000000e+02
1.000000000000000000e+02
1.000000000000000000e+02
1.000000000000000000e+02
1.000000000000000000e+02
1.000000000000000000e+02
1.000000000000000000e+02
1.000000000000000000e+02
1.000000000000000000e+02
1.000000000000000000e+02
1.000000000000000000e+02
1.000000000000000000e+02
1.000000000000000000e+02
1.000000000000000000e+02
1.000000000000000000e+02
1.000000000000000000e+02
1.000000000000000000e+02
1.000000000000000000e+02
1.000000000000000000e+02
1.000000000000000000e+02
1.000000000000000000e+02
1.000000000000000000e+02
1.000000000000000000e+02
1.000000000000000000e+02
1.000000000000000000e+02
1.000000000000000000e+02
1.000000000000000000e+02
1.000000000000000000e+02
1.000000000000000000e+02
1.000000000000000000e+02
1.000000000000000000e+02
1.000000000000000000e+02
1.000000000000000000e+02
1.000000000000000000e+02
1.000000000000000000e+02
1.000000000000000000e+02
1.000000000000000000e+02
1.000000000000000000e+02
1.000000000000000000e+02
1.000000000000000000e+02
1.000000000000000000e+02
1.000000000000000000e+02
1.000000000000000000e+02
1.000000000000000000e+02
1.000000000000000000e+02
1.000000000000000000e+02
1.000000000000000000e+02
1.000000000000000000e+02
1.000000000000000000e+02
1.000000000000000000e+02
1.000000000000000000e+02
1.000000000000000000e+02
1.000000000000000000e+02
1.000000000000000000e+02
1.000000000000000000e+02
1.000000000000000000e+02
1.000000000000000000e+02
1.000000000000000000e+02
1.000000000000000000e+02
1.000000000000000000e+02
1.000000000000000000e+02
1.000000000000000000e+02
1.000000000000000000e+02
1.000000000000000000e+02
1.000000000000000000e+02
1.000000000000000000e+02
1.000000000000000000e+02
1.000000000000000000e+02
1.000000000000000000e+02
1.000000000000000000e+02
1.000000000000000000e+02
1.000000000000000000e+02
1.000000000000000000e+02
1.000000000000000000e+02
1.000000000000000000e+02
1.000000000000000000e+02
1.000000000000000000e+02
1.000000000000000000e+02
1.000000000000000000e+02
1.000000000000000000e+02
1.000000000000000000e+02
1.000000000000000000e+02
1.000000000000000000e+02
1.000000000000000000e+02
1.000000000000000000e+02
1.000000000000000000e+02
1.000000000000000000e+02
1.000000000000000000e+02
1.000000000000000000e+02
1.000000000000000000e+02
1.000000000000000000e+02
1.000000000000000000e+02
1.000000000000000000e+02
1.000000000000000000e+02
1.000000000000000000e+02
1.000000000000000000e+02
1.000000000000000000e+02
1.000000000000000000e+02
1.000000000000000000e+02
1.000000000000000000e+02
1.000000000000000000e+02
1.000000000000000000e+02
1.000000000000000000e+02
1.000000000000000000e+02
1.000000000000000000e+02
1.000000000000000000e+02
1.000000000000000000e+02
1.000000000000000000e+02
1.000000000000000000e+02
1.000000000000000000e+02
1.000000000000000000e+02
1.000000000000000000e+02
1.000000000000000000e+02
1.000000000000000000e+02
1.000000000000000000e+02
1.000000000000000000e+02
1.000000000000000000e+02
1.000000000000000000e+02
1.000000000000000000e+02
1.000000000000000000e+02
1.000000000000000000e+02
1.000000000000000000e+02
1.000000000000000000e+02
1.000000000000000000e+02
1.000000000000000000e+02
1.000000000000000000e+02
1.000000000000000000e+02
1.000000000000000000e+02
1.000000000000000000e+02
1.000000000000000000e+02
1.000000000000000000e+02
1.000000000000000000e+02
1.000000000000000000e+02
1.000000000000000000e+02
1.000000000000000000e+02
1.000000000000000000e+02
1.000000000000000000e+02
1.000000000000000000e+02
1.000000000000000000e+02
1.000000000000000000e+02
1.000000000000000000e+02
1.000000000000000000e+02
1.000000000000000000e+02
1.000000000000000000e+02
1.000000000000000000e+02
1.000000000000000000e+02
1.000000000000000000e+02
1.000000000000000000e+02
1.000000000000000000e+02
1.000000000000000000e+02
1.000000000000000000e+02
1.000000000000000000e+02
1.000000000000000000e+02
1.000000000000000000e+02
1.000000000000000000e+02
1.000000000000000000e+02
1.000000000000000000e+02
1.000000000000000000e+02
1.000000000000000000e+02
1.000000000000000000e+02
1.000000000000000000e+02
1.000000000000000000e+02
1.000000000000000000e+02
1.000000000000000000e+02
1.000000000000000000e+02
1.000000000000000000e+02
1.000000000000000000e+02
1.000000000000000000e+02
1.000000000000000000e+02
1.000000000000000000e+02
1.000000000000000000e+02
1.000000000000000000e+02
1.000000000000000000e+02
1.000000000000000000e+02
1.000000000000000000e+02
1.000000000000000000e+02
1.000000000000000000e+02
1.000000000000000000e+02
1.000000000000000000e+02
1.000000000000000000e+02
1.000000000000000000e+02
1.000000000000000000e+02
1.000000000000000000e+02
1.000000000000000000e+02
1.000000000000000000e+02
1.000000000000000000e+02
1.000000000000000000e+02
1.000000000000000000e+02
1.000000000000000000e+02
1.000000000000000000e+02
1.000000000000000000e+02
1.000000000000000000e+02
1.000000000000000000e+02
1.000000000000000000e+02
1.000000000000000000e+02
1.000000000000000000e+02
1.000000000000000000e+02
1.000000000000000000e+02
1.000000000000000000e+02
1.000000000000000000e+02
1.000000000000000000e+02
1.000000000000000000e+02
1.000000000000000000e+02
1.000000000000000000e+02
1.000000000000000000e+02
1.000000000000000000e+02
1.000000000000000000e+02
1.000000000000000000e+02
1.000000000000000000e+02
1.000000000000000000e+02
1.000000000000000000e+02
1.000000000000000000e+02
1.000000000000000000e+02
1.000000000000000000e+02
1.000000000000000000e+02
1.000000000000000000e+02
1.000000000000000000e+02
1.000000000000000000e+02
1.000000000000000000e+02
1.000000000000000000e+02
1.000000000000000000e+02
1.000000000000000000e+02
1.000000000000000000e+02
1.000000000000000000e+02
1.000000000000000000e+02
1.000000000000000000e+02
1.000000000000000000e+02
1.000000000000000000e+02
1.000000000000000000e+02
1.000000000000000000e+02
1.000000000000000000e+02
1.000000000000000000e+02
1.000000000000000000e+02
1.000000000000000000e+02
1.000000000000000000e+02
1.000000000000000000e+02
1.000000000000000000e+02
1.000000000000000000e+02
1.000000000000000000e+02
1.000000000000000000e+02
1.000000000000000000e+02
1.000000000000000000e+02
1.000000000000000000e+02
1.000000000000000000e+02
1.000000000000000000e+02
1.000000000000000000e+02
1.000000000000000000e+02
1.000000000000000000e+02
1.000000000000000000e+02
1.000000000000000000e+02
1.000000000000000000e+02
1.000000000000000000e+02
1.000000000000000000e+02
1.000000000000000000e+02
1.000000000000000000e+02
1.000000000000000000e+02
1.000000000000000000e+02
1.000000000000000000e+02
1.000000000000000000e+02
1.000000000000000000e+02
1.000000000000000000e+02
1.000000000000000000e+02
1.000000000000000000e+02
1.000000000000000000e+02
1.000000000000000000e+02
1.000000000000000000e+02
1.000000000000000000e+02
1.000000000000000000e+02
1.000000000000000000e+02
1.000000000000000000e+02
1.000000000000000000e+02
1.000000000000000000e+02
1.000000000000000000e+02
1.000000000000000000e+02
1.000000000000000000e+02
1.000000000000000000e+02
1.000000000000000000e+02
1.000000000000000000e+02
1.000000000000000000e+02
1.000000000000000000e+02
1.000000000000000000e+02
1.000000000000000000e+02
1.000000000000000000e+02
1.000000000000000000e+02
1.000000000000000000e+02
1.000000000000000000e+02
1.000000000000000000e+02
1.000000000000000000e+02
1.000000000000000000e+02
1.000000000000000000e+02
1.000000000000000000e+02
1.000000000000000000e+02
