2.241904745032357482e+00
1.197958420453955952e+00
1.044637116767759055e+00
8.106761824381063519e-01
2.402216795499096669e-01
5.477895101617932250e-01
1.501627947533067386e-01
1.678110513659298308e-01
1.414626898241923281e-01
8.167263121771403678e-02
9.639251523991551607e-02
6.324888173911211164e-02
7.975973742410927270e-02
5.431988940550375872e-02
5.073238914503699210e-02
4.423636897240930399e-02
4.436803695949034093e-02
3.561621097853380491e-02
3.775722254585845566e-02
3.123091755466172667e-02
3.034957050542696350e-02
2.732072442437471702e-02
2.832709643387264914e-02
2.538600858813136116e-02
2.532621912986609408e-02
2.260508294606084281e-02
2.136792768871782072e-02
2.020949652113678344e-02
1.993580974579067799e-02
1.768148940312641235e-02
1.798108290002533444e-02
1.627104347680665211e-02
1.649566589940626785e-02
1.503571402071617741e-02
1.456944261737570974e-02
1.398842201114090973e-02
1.343243940310169873e-02
1.322280609060995892e-02
1.288414322383566249e-02
1.248286922216949348e-02
1.216044520653078442e-02
1.177299315443005798e-02
1.134854578286804971e-02
1.079852334582472213e-02
1.065814024306695543e-02
9.939305390740527449e-03
1.007751020063671517e-02
9.557319290966034137e-03
9.420664708752633440e-03
9.081669606294891575e-03
8.934390672647009660e-03
8.433882220262790830e-03
8.220975978854710986e-03
8.077870160657647791e-03
7.850384068959492812e-03
7.747775336963630757e-03
7.475803997857981623e-03
7.722488270202328836e-03
7.504600590134078049e-03
7.548672307741375112e-03
7.293523270943503417e-03
7.164196452252837889e-03
7.078960928841287331e-03
6.952414769944448118e-03
6.855107648199777748e-03
6.848546382083720192e-03
6.671674088637520768e-03
6.497758798642305246e-03
6.667662887741075510e-03
6.354105033380518484e-03
6.504118639679697805e-03
6.236980714301587972e-03
6.426289593496928645e-03
6.103181327080034989e-03
6.206733270535598999e-03
6.044833785563811374e-03
6.055889663378295935e-03
5.755732437243379906e-03
5.986420173494801100e-03
5.639410692395718967e-03
5.816608450614974175e-03
5.626991977390106807e-03
5.635922245626884958e-03
5.482281161361869486e-03
5.632017483043370507e-03
5.461364997729172520e-03
5.389849879809762746e-03
5.363212457242700314e-03
5.323558405221664319e-03
5.380791148053302476e-03
5.185136321560974808e-03
5.213021589538681735e-03
5.089008816781993502e-03
5.004721096141721490e-03
4.867421262857651691e-03
5.060586864533845285e-03
4.887050556009770765e-03
4.939363644985107424e-03
4.806391382913261998e-03
4.775919191774508597e-03
4.731194463809017432e-03
4.656679778803182908e-03
4.558761110625091269e-03
4.480906015530368436e-03
4.307443150173850994e-03
4.494194576647639328e-03
4.269412181288810559e-03
4.316426972919046486e-03
4.221206750901215256e-03
4.182723686757710765e-03
4.145816120438987860e-03
4.092114939670680671e-03
4.080779539172416440e-03
4.009885427276980649e-03
4.020535499933759749e-03
3.983303432653161232e-03
3.994431115109685348e-03
3.891926024755790279e-03
3.892812583735796080e-03
3.858287242363020886e-03
3.821328027968946307e-03
3.848073614365902367e-03
3.862757684379646353e-03
3.796658841461842109e-03
3.841072185802478500e-03
3.682449777172149517e-03
3.715852605475880328e-03
3.663969057268220107e-03
3.626810231088177950e-03
3.609368844275854474e-03
3.572795305667269411e-03
3.565986147845520270e-03
3.544668893314699074e-03
3.553847071427871599e-03
3.530263861849661147e-03
3.500445933088577356e-03
3.470589245409587235e-03
3.457103494936131140e-03
3.436277805986131303e-03
3.376529429036500413e-03
3.373713934816786886e-03
3.402106358443355953e-03
3.352341489364467353e-03
3.344500426409452269e-03
3.361672230651777202e-03
3.280456616450103807e-03
3.305100359559282573e-03
3.266657166914741645e-03
3.276904104931594418e-03
3.227931685074669158e-03
3.218546027760697467e-03
3.170255296237591176e-03
3.217699522584066378e-03
3.214700989703925607e-03
3.169129848557604955e-03
3.112193961909141826e-03
3.147960416893710520e-03
3.114016917196627075e-03
3.096615579212389467e-03
3.087683196004940497e-03
3.070980702019071411e-03
3.056096264313191892e-03
3.075485828888318424e-03
3.099607871679674505e-03
3.067951112116170699e-03
3.057068887056804771e-03
3.050329277495205695e-03
3.041644937826992311e-03
2.972106290396943004e-03
3.024696575074259375e-03
2.953463477428514613e-03
2.972952391604857109e-03
2.941113683805282771e-03
2.950000501430234071e-03
2.970011800488319559e-03
2.949581036457349023e-03
2.944835992054085395e-03
2.918854774868603549e-03
2.885635302808148891e-03
2.889211120901611241e-03
2.846866153911840717e-03
2.869900347872603869e-03
2.814635946726444429e-03
2.820429276723799856e-03
2.811513897281377964e-03
2.804563312411369278e-03
2.715620393022091187e-03
2.771608886038903329e-03
2.721796581237418723e-03
2.710412685896701999e-03
2.716267510553991953e-03
2.675366047117789907e-03
2.645719260126405160e-03
2.612101992333741574e-03
2.615974641382955938e-03
2.608003054551366693e-03
2.606635783792320051e-03
2.618033403589975754e-03
2.601883518327368153e-03
2.564461607155549012e-03
2.589787040590403513e-03
2.536254151118588068e-03
2.528378705196725196e-03
2.510918791297988509e-03
2.493107726357054413e-03
2.472699243946797736e-03
2.461275083989609719e-03
2.452123668828491351e-03
2.449790958889972933e-03
2.421852244345784437e-03
2.376355249098823733e-03
2.391631863637577217e-03
2.336126557553789163e-03
2.374350501640234458e-03
2.333556554205419922e-03
2.308983725490305547e-03
2.311890983858560199e-03
2.295159015858109705e-03
2.249719649219790191e-03
2.210172513953852832e-03
2.268913518503540457e-03
2.177219390694662155e-03
2.220296168206541652e-03
2.206587281804596890e-03
2.192811789662768573e-03
2.162291709414462283e-03
2.166002452489353917e-03
2.129720129162201211e-03
2.122251056189700374e-03
2.095860663050862650e-03
2.095970747263403884e-03
2.083275161620691106e-03
2.086887500383353185e-03
2.010471547471703174e-03
2.032585933280674911e-03
2.002484351325237253e-03
1.998198829369188419e-03
1.979154265373577609e-03
1.950810942251655694e-03
1.920768816527433122e-03
1.927276521554661557e-03
1.920259582510284047e-03
1.924136320448892800e-03
1.870167658984608688e-03
1.884608358582554781e-03
1.865392670393562933e-03
1.868747995784068514e-03
1.864053710395482521e-03
1.853333001442575420e-03
1.842938572350393553e-03
1.833321695745699503e-03
1.782533372144493597e-03
1.856015320492759857e-03
1.790443872597428411e-03
1.834892093386770182e-03
1.792430230003020557e-03
1.809340389223268626e-03
1.779429038917352103e-03
1.791554790258311153e-03
1.748193147407668419e-03
1.763925376293092560e-03
1.741351550272982485e-03
1.738089134325255299e-03
1.718316452987498320e-03
1.739049732483165809e-03
1.711827264503060263e-03
1.716999237768280411e-03
1.675052023056801485e-03
1.666460716915481441e-03
1.664800786394280774e-03
1.657752732663877885e-03
1.646883006952969478e-03
1.647030210643675094e-03
1.620126286937599277e-03
1.615338898862980809e-03
1.589779518146318101e-03
1.577416135805209630e-03
1.565236206239456300e-03
1.552793059999877474e-03
1.533549870922219262e-03
1.568969287158473568e-03
1.548385027871464030e-03
1.538852747924706168e-03
1.538828195148497302e-03
1.522784945670731726e-03
1.519597346077140605e-03
1.525115412443445130e-03
1.487132163719296100e-03
1.517979604383754011e-03
1.484874655636293696e-03
1.493310615641040180e-03
1.468410822042143845e-03
1.472031056141774119e-03
1.455047741296993519e-03
1.474544016278821331e-03
1.463490427650835334e-03
1.441243934364721266e-03
1.449152206182095911e-03
1.449200749577112934e-03
1.430694831493127973e-03
1.415728067267670812e-03
1.418629280481590238e-03
1.434192428454092883e-03
1.422559871182662574e-03
1.424967392802760878e-03
1.410264946819780396e-03
1.400623085975711288e-03
1.392013149433044602e-03
1.394336491470869353e-03
1.384572810437188425e-03
1.388275416277291079e-03
1.383616764860562095e-03
1.379124470450465278e-03
1.368288940304628054e-03
1.373473454257600340e-03
1.357013582730808498e-03
1.364636949088063799e-03
1.359850523214681120e-03
1.341079032823562240e-03
1.343704870475613718e-03
1.334084186018483957e-03
1.319889316628760408e-03
1.316089462900462857e-03
1.307291506644369609e-03
1.304368293437481539e-03
1.312257812225169984e-03
1.298940910509549648e-03
1.300727190359121047e-03
1.295849653654083510e-03
1.285190378042566292e-03
1.295665709980554697e-03
1.284613956006569252e-03
1.280905988430008999e-03
1.274294906488367910e-03
1.261947439911222492e-03
1.269291789352752298e-03
1.250416833936700799e-03
1.263031005405200339e-03
1.250699975241311834e-03
1.250832476563340772e-03
1.251824215100979685e-03
1.229188664350022242e-03
1.239617004353032841e-03
1.234396013709856185e-03
1.217936974719998917e-03
1.228520578258164098e-03
1.218919047166412001e-03
1.226508715855542881e-03
1.211480035074429060e-03
1.188172688087496195e-03
1.191070859169010695e-03
1.189090027422734725e-03
1.187154590590785421e-03
1.182581094376570835e-03
1.183154810916378597e-03
1.174168585063348419e-03
1.176637157831284843e-03
1.168538252893595603e-03
1.168844482522701312e-03
1.171201546585120450e-03
1.157789211501177896e-03
1.162344033043418746e-03
1.154674163220094623e-03
1.152061665771201204e-03
1.149162569687577507e-03
1.143463534883796921e-03
1.135764619719646304e-03
1.154812054085129023e-03
1.128538996755105214e-03
1.132567353625602014e-03
1.133913019828458602e-03
1.137617069481693674e-03
1.128027555278317013e-03
1.134953360355189442e-03
1.122429556544493742e-03
1.130784343664458132e-03
1.119473725116642464e-03
1.122759342997594820e-03
1.124197532532567696e-03
1.119704733488788816e-03
1.112254326672029508e-03
1.107891523521887470e-03
1.100744876746128677e-03
1.091933585170289404e-03
1.101998709848077971e-03
1.097872060156111600e-03
1.086248504753951254e-03
1.092163689406048036e-03
1.088408003689394837e-03
1.087836651290300998e-03
1.085710144067499180e-03
1.079466213964856095e-03
1.077102475556821707e-03
1.075226841014269817e-03
1.080883958202729549e-03
1.067317756592039589e-03
1.063106773733768972e-03
1.064734728740023310e-03
1.060230677741419306e-03
1.063095977700267330e-03
1.056776672220913855e-03
1.053487715900930420e-03
1.048182181638794650e-03
1.053667778188268917e-03
1.045235915813397384e-03
1.050302708809607933e-03
1.041476478909566031e-03
1.037447094856754765e-03
1.032367701635370861e-03
1.028630202460912614e-03
1.027817907005918819e-03
1.022150374290531610e-03
1.021666200455457856e-03
1.011938045119776608e-03
1.021347084904474433e-03
1.016977292479646477e-03
1.020243023863789088e-03
1.016070280909468640e-03
1.010573018998796096e-03
1.013358867102175662e-03
1.004669735475302757e-03
1.004749643603908976e-03
9.909038403856016124e-04
1.001647849633846392e-03
9.891778461988507288e-04
1.000511365029847430e-03
9.831475423706373049e-04
9.926183613116002294e-04
9.876153146479306043e-04
9.881436304934783105e-04
9.855482266899670812e-04
9.861478368726453361e-04
9.816330330606236679e-04
9.792707941870203679e-04
9.761605016169634663e-04
9.799747736751757837e-04
9.782400332311233775e-04
9.789134086160672897e-04
9.773494988789045192e-04
9.788576544605570064e-04
9.742819520940931453e-04
9.729971979191606290e-04
9.657287816834847667e-04
9.699656985810489523e-04
9.587465113288393083e-04
9.542536727127818143e-04
9.567078101281933705e-04
9.680750104228291481e-04
9.569475077210019441e-04
9.682210567836468072e-04
9.606350643439333327e-04
9.576923161615705617e-04
9.573619004295912376e-04
9.540228400154289684e-04
9.577525234897369929e-04
9.562973182599836296e-04
9.563339458646428690e-04
9.484286519795958204e-04
9.465436039681301679e-04
9.430120304726384269e-04
9.540641137768001746e-04
9.341480305222710050e-04
9.470058819837922108e-04
9.427110948231628247e-04
9.347807656585944329e-04
9.355668547671768323e-04
9.347592093672800907e-04
9.302388656296108581e-04
9.272017357990743405e-04
9.222877951609614227e-04
9.191074166370645374e-04
9.240009280853230195e-04
9.281708181750183756e-04
9.148640870974013815e-04
9.231289696831486121e-04
9.181626839391463478e-04
9.242167121635967058e-04
9.123980553650267193e-04
9.198373933864241936e-04
9.134900727773338390e-04
9.155368073824001916e-04
9.130167972403477415e-04
9.109694340118009706e-04
9.120924435050106922e-04
9.124254301625991373e-04
9.074156497713666610e-04
8.984942440236838622e-04
9.064500922223233618e-04
8.998898334814288023e-04
8.999943885211245500e-04
9.032548943935352894e-04
9.013967414450459311e-04
9.031830317875719260e-04
9.026205086344533772e-04
9.034768853775580061e-04
8.938266845356256833e-04
8.923664064258792937e-04
8.900756233801340169e-04
8.862378417402442437e-04
8.873745589916174443e-04
8.846998197526255566e-04
8.837405989007719037e-04
8.793300102271310982e-04
8.769942732117159186e-04
8.747629110089134461e-04
8.739923304189992125e-04
8.646950461949806351e-04
8.702128409147955697e-04
8.732905869644361305e-04
8.614435981265068046e-04
8.722028444203915563e-04
8.668163598297187180e-04
8.646819059908816656e-04
8.610982812101025414e-04
8.580688205176096109e-04
8.554376193473330926e-04
8.494270309919136090e-04
8.504723896001362355e-04
8.462791958807928342e-04
8.473855353882804543e-04
8.499295562045793831e-04
8.505304791647382186e-04
8.502650462759020608e-04
8.530651897833680221e-04
8.530107798549652932e-04
8.514693456972377518e-04
8.477754052961508548e-04
8.481011811907647338e-04
8.453148070151383139e-04
8.506379238795032903e-04
8.347428453811896101e-04
8.470298773682472925e-04
8.316927293860440539e-04
8.399817974567191014e-04
8.349651617044566952e-04
8.361576931002210125e-04
8.336647608397501630e-04
8.320771579144486301e-04
8.303538673129775508e-04
8.273977882743044528e-04
8.282543050060162679e-04
8.156288158570532392e-04
8.250111336137804733e-04
8.281088424330160670e-04
8.206041735295010499e-04
8.245402561253927214e-04
8.244229704494804344e-04
8.256454819333254548e-04
8.255538978152083835e-04
8.248178976796514657e-04
8.232981787248910919e-04
8.240785922110028996e-04
8.142032110393606801e-04
8.228629637789816945e-04
8.080675822213719038e-04
8.190221368730388153e-04
8.171609576029744988e-04
8.151588154603964373e-04
8.151635924389191452e-04
8.110423422778370323e-04
8.121954575003387591e-04
8.100280520819155665e-04
8.087077911876388225e-04
8.089459296022602280e-04
8.117772713249045641e-04
8.097121933033813064e-04
8.079691682989027703e-04
8.047902987032254547e-04
8.070915695635804505e-04
8.013099065108182824e-04
8.040294779054155952e-04
8.068745324953771787e-04
7.956209687116999694e-04
8.082766940406615553e-04
7.954742943263583234e-04
8.009136963106482402e-04
8.000432662685327866e-04
7.975679762341769414e-04
7.960949278081452113e-04
7.936864907005017605e-04
8.047497249253171515e-04
7.913692201132396927e-04
7.941191334285163141e-04
7.959282325921431369e-04
7.991247506005440824e-04
7.924089832993371158e-04
7.985208209525910010e-04
7.940009699790581211e-04
7.933280586659700222e-04
7.917542358098966565e-04
7.945174145853210529e-04
7.919551767566868723e-04
7.922359377394985400e-04
7.928574855385518575e-04
7.849825298199712481e-04
7.862360952731564960e-04
7.885108545695871567e-04
7.856699789722224221e-04
7.889795214014528116e-04
7.834561980274761190e-04
7.862916803226245675e-04
7.822142896938559693e-04
7.833453256942012792e-04
7.880062041950330106e-04
7.845465575605784425e-04
7.859591295980136640e-04
7.847181867627036136e-04
7.760539374496070548e-04
7.868174155244249662e-04
7.764447434859730315e-04
7.823872211775244855e-04
7.804438775173097066e-04
7.839407848818933169e-04
7.799163588850255031e-04
7.806782275315850804e-04
7.793652090815520557e-04
7.792206522847961196e-04
7.778828367797900210e-04
7.747327363598219491e-04
7.772438677666084058e-04
7.731755966353193524e-04
7.780437330421241440e-04
7.749149655399561760e-04
7.744032641047316878e-04
7.781056167572652322e-04
7.762560407296868921e-04
7.769162283033019360e-04
7.746548832063881789e-04
7.727175475216305949e-04
7.707887270204034132e-04
7.698321179536357075e-04
7.694933913799708583e-04
7.688496891089295843e-04
7.669966959307203186e-04
7.622270769908426075e-04
7.633194463915437796e-04
7.577583113463774766e-04
7.630123523175953238e-04
7.642020389961424283e-04
7.629773478458854201e-04
7.620247480121926939e-04
7.646131120923261226e-04
7.642352306282667457e-04
7.637747226599092857e-04
7.575632951999948170e-04
7.597147810581775370e-04
7.594931016935670609e-04
7.557943312094399279e-04
7.587234905831312945e-04
7.563661208297160939e-04
7.563249175298176986e-04
7.527672985726310264e-04
7.520584950215814532e-04
7.558191133062084049e-04
7.550058452146657254e-04
7.521419184839905859e-04
7.539060192955574901e-04
7.520156779796618616e-04
7.515079989701892301e-04
7.539228484573930709e-04
7.581173200496770740e-04
7.535851088017217307e-04
7.549552323687519235e-04
7.534742885889596578e-04
7.499978469321947000e-04
7.522888128708860988e-04
7.513136377095654735e-04
7.502086448757367245e-04
7.507306205045047830e-04
7.498518829653893353e-04
7.503074638934864203e-04
7.403422207957157568e-04
7.537997591173448142e-04
7.414832298481327435e-04
7.512386207772284424e-04
7.443932709077033744e-04
7.452578760036725246e-04
7.447499308520268146e-04
7.440632424445026193e-04
7.406739718612213429e-04
7.415946849342718852e-04
7.379484026485532691e-04
7.395393722775545900e-04
7.439206677175553119e-04
7.396957195921530746e-04
7.399017647221295358e-04
7.404179459089746786e-04
7.358451031560404041e-04
7.402325309141311906e-04
7.381752476634794455e-04
7.401107163862004562e-04
7.334116842403768169e-04
7.344472429800035732e-04
7.312909609642541343e-04
7.317071468610544110e-04
7.340814255889268735e-04
7.280336154521848758e-04
7.319511614176480189e-04
7.311437356709539134e-04
7.308893217206265678e-04
7.336151314939540332e-04
7.293576187874237834e-04
7.287711291530973075e-04
7.289297420110857264e-04
7.270713710478672685e-04
7.245802169246433463e-04
7.239201362698948579e-04
7.216335720004537916e-04
7.203244169871604553e-04
7.272732545114206880e-04
7.171363557975408975e-04
7.246438134377897492e-04
7.211069483250844795e-04
7.209323576490608409e-04
7.205377967180797913e-04
7.182946613734966226e-04
7.214052432358367952e-04
7.191385414838644997e-04
7.206744013906166320e-04
7.228928218324333138e-04
7.214544117912954609e-04
7.206292768175981151e-04
7.215890320196350098e-04
7.181087300614435532e-04
7.190253893336462495e-04
7.169635746045020406e-04
7.191186495997959737e-04
7.182817396327537823e-04
7.191540187313582135e-04
7.189514597314587479e-04
7.224544998378715915e-04
7.197255797175232785e-04
7.202760976167518672e-04
7.204568237614663358e-04
7.155359671356489090e-04
7.185801768358275783e-04
7.195151519076586509e-04
7.111861154344989184e-04
7.140494712157420109e-04
7.113562151350169083e-04
7.145663231122330707e-04
7.122609253776142043e-04
7.110026700341280821e-04
7.115507982142583922e-04
7.098922358721958519e-04
7.144262143625410575e-04
7.055222496762507964e-04
7.090173191874036586e-04
7.071461439017266573e-04
7.092143483286858854e-04
7.047231490673035127e-04
7.093315379638387343e-04
7.065896273042730682e-04
7.071534509645097371e-04
7.053921053131300680e-04
7.042940652477617863e-04
7.045589439939679410e-04
6.997300193390648248e-04
7.006061103151371185e-04
7.016704901252902296e-04
7.004533551366188670e-04
7.004767524017506105e-04
7.008130012782899741e-04
6.994997225344369227e-04
6.997412212767063029e-04
7.006322570458480090e-04
7.000450531054963968e-04
6.983425507940013537e-04
6.987824404467994806e-04
6.972702253248177747e-04
7.001100063274857260e-04
6.935796390052107732e-04
6.981430548109739294e-04
6.916506582924171389e-04
6.973114537282441502e-04
6.916426526580533776e-04
6.990167817414916392e-04
6.946830561416741847e-04
6.943517842906551593e-04
6.944756565091869194e-04
6.929345500749290506e-04
6.917060368704355724e-04
6.906883039462667672e-04
6.918968019031675708e-04
6.916334813127545007e-04
6.907953884581347070e-04
6.903512456566989397e-04
6.869978560544485286e-04
6.884151787055058525e-04
6.814076667671414757e-04
6.913765161491948388e-04
6.826951561627242265e-04
6.889088667251014233e-04
6.832775128236898013e-04
6.902328906391926467e-04
6.855375829078920458e-04
6.888087514280110237e-04
6.855697977562083371e-04
6.864486845990265410e-04
6.815385495918641848e-04
6.842422133788359211e-04
6.829481586652666426e-04
6.826888172690633852e-04
6.841432504997772921e-04
6.802725750267692509e-04
6.888302890289793286e-04
6.834644425283472463e-04
6.811705049957729940e-04
6.839103559013926968e-04
6.810780524791871203e-04
6.820955050793868100e-04
6.795947823390152383e-04
6.812923621754900195e-04
6.791096535043678138e-04
6.799254689083564316e-04
6.782942009768243427e-04
6.793961739571073707e-04
6.760597558284244923e-04
6.733492847810730250e-04
6.765944059625007920e-04
6.739682439148281636e-04
6.753336986380091729e-04
6.746502940280288668e-04
6.793060584625474838e-04
6.737781444862897800e-04
6.776153125508384105e-04
6.733949793360611506e-04
6.730790865963533903e-04
6.749618753133495436e-04
6.703253278215477295e-04
6.726760721773774460e-04
6.698440959546879403e-04
6.754875991382686259e-04
6.673531164533093221e-04
6.688908095252972747e-04
6.703485261379708371e-04
6.694586408909229593e-04
6.716272079341003296e-04
6.697308482831538980e-04
6.707630295257844882e-04
6.705184058282373820e-04
6.667282321828955265e-04
6.712447306297590448e-04
6.700478147954009667e-04
6.649115032049555864e-04
6.678602721595940615e-04
6.668386742543160094e-04
6.675564087694146149e-04
6.662666399123949850e-04
6.677995348567930317e-04
6.647509475051579684e-04
6.668298588054699574e-04
6.664144467290642696e-04
6.660382710736180694e-04
6.643758816570135986e-04
6.645663714943979674e-04
6.609171916431230438e-04
6.628367861576142488e-04
6.584276247822548524e-04
6.630953357290766395e-04
6.610561330067786946e-04
6.607422910822912700e-04
6.636483891650337211e-04
6.620175423314029724e-04
6.629218325244893607e-04
6.615666033444894288e-04
6.612947102679165180e-04
6.600455428369517673e-04
6.598721924785341288e-04
6.534533442724669997e-04
6.574846198582116972e-04
6.538107719001472109e-04
6.560816988435787993e-04
6.549418180268630745e-04
6.543304951985493261e-04
6.536096421271204472e-04
6.557523214322682863e-04
6.541655014440485652e-04
6.547655400516947397e-04
6.536008877699450714e-04
6.527255948801030183e-04
6.543882836350746251e-04
6.493264986606426007e-04
6.508421071841455656e-04
6.522751746466991327e-04
6.493334949885120775e-04
6.489291265232780947e-04
6.506166858411262070e-04
6.514761616856454577e-04
6.500839073644277101e-04
6.490191687453640643e-04
6.484033775803884833e-04
6.480568405676717181e-04
6.433047722293628451e-04
6.483987109887449918e-04
6.455374822728349041e-04
6.463515902351082715e-04
6.464626807106413830e-04
6.495484640515395000e-04
6.448405136856270609e-04
6.478572450616499560e-04
6.452581719709704578e-04
6.463199098741788384e-04
6.452311066868349470e-04
6.477709110647583441e-04
6.453903488815240655e-04
6.459776611945954386e-04
6.467327687587648855e-04
6.422125475488739410e-04
6.447655137627114619e-04
6.456023804552997545e-04
6.399173649472855458e-04
6.446902227796075420e-04
6.432633403317821082e-04
6.412986648197374542e-04
6.415232131732854105e-04
6.414445303962041907e-04
6.403408810731796774e-04
6.391222654763483672e-04
6.426126958492585101e-04
6.397660407730100226e-04
6.420184015665716124e-04
6.416924423991232163e-04
6.421786523049592644e-04
6.412429676964305665e-04
6.434955509808017865e-04
6.414385734431410965e-04
6.411555556922277164e-04
6.376987423365476117e-04
6.408689535365237784e-04
6.356924606309878730e-04
6.381203499898484592e-04
6.366509125607320565e-04
6.366410098604125814e-04
6.361438526489775029e-04
6.360844438367182227e-04
6.371873139388068048e-04
6.331479508446242023e-04
6.335497631304485514e-04
6.347324074992503201e-04
6.335521583951035738e-04
6.316929268703854513e-04
6.357525375047273124e-04
6.332386408551726915e-04
6.315428734836656252e-04
6.312147996136649453e-04
6.308438969557913969e-04
6.298509096045268405e-04
6.296962147638505937e-04
6.279697094731102837e-04
6.266300960225896013e-04
6.309005798429247538e-04
6.246173989185438685e-04
6.255870484544151077e-04
6.276259259983694907e-04
6.235806651384309760e-04
6.259794712065068966e-04
6.240708558132716018e-04
6.242015082679899882e-04
6.230501142560022215e-04
6.221435948907571211e-04
6.245919019739406023e-04
6.240270846476281882e-04
6.204450681769403978e-04
6.268803323081392461e-04
6.187633768483273219e-04
6.223139353644472358e-04
6.203662104522704272e-04
6.212182601746579552e-04
6.206300246724175910e-04
6.196926479795290040e-04
6.195684687142756454e-04
6.160910305514897579e-04
6.205499465839827171e-04
6.123411914188752955e-04
6.165802343226779421e-04
6.150712790274108976e-04
6.138985357180804479e-04
6.150571314733489347e-04
6.139133829835151292e-04
6.152198338438277184e-04
6.144460490410696453e-04
6.153404685530556488e-04
6.142645331993561945e-04
6.134512368530508361e-04
6.127056732724955445e-04
6.124996091717478403e-04
6.122947585917061508e-04
6.122064080833620374e-04
6.147739876708071096e-04
6.107963681525857124e-04
6.098774658718459718e-04
6.121882245282576950e-04
6.141322775772494694e-04
6.120556932112323611e-04
6.125763023873979831e-04
6.124352105964127454e-04
6.123747615104457951e-04
6.130444220609190722e-04
6.121978132064269818e-04
6.130722838844259370e-04
6.105565274019688314e-04
6.164551970911895254e-04
6.105458400583958821e-04
6.153695835738818686e-04
6.145134725497276634e-04
6.102945173962542533e-04
6.122081788537301564e-04
6.123759970666612946e-04
6.123412874922479687e-04
6.108724492956139939e-04
6.107947309670660714e-04
6.093963273346617677e-04
6.087262752471293142e-04
6.085589875913266803e-04
6.105345837218847721e-04
6.072708484838444144e-04
6.084152200810301770e-04
6.107682986043346494e-04
6.054124103198655921e-04
6.099754188690718198e-04
6.058895269000975263e-04
6.054063451578706656e-04
6.057147006539490659e-04
6.054296724035309598e-04
6.053129267139994779e-04
6.025970320540187993e-04
6.012772146140578583e-04
6.000691590971731024e-04
6.041193678327508787e-04
5.973530680889918131e-04
5.978273716235356491e-04
5.992548746225205862e-04
5.982902428872396376e-04
5.985502924178731123e-04
5.978257044786334856e-04
5.977512696015890902e-04
5.956793305839353349e-04
5.956231327326433301e-04
5.933729980329325530e-04
5.920195444092290126e-04
5.922566748439918750e-04
5.925639995733841857e-04
5.847094388616916587e-04
5.914283189385412297e-04
5.888439675775559729e-04
5.921838551953986871e-04
5.888416002983924789e-04
5.914219082818120274e-04
5.903402521938700244e-04
5.911016400826837056e-04
5.908513486289788605e-04
5.909492823231514121e-04
5.898332307554696391e-04
5.888835251515400987e-04
5.880843909291781375e-04
5.877226769181277200e-04
5.878328008097527578e-04
5.858320536777526701e-04
5.888605469540998194e-04
5.863110541621276411e-04
5.889600014096290585e-04
5.895017038536631577e-04
5.864733567026549424e-04
5.886491190379692685e-04
5.877660596962171365e-04
5.879649734605636334e-04
5.868038962306874277e-04
5.872591440318980852e-04
5.815514059428101038e-04
5.878778842568101312e-04
5.857131919767874072e-04
5.848008611664166174e-04
5.874488077751598755e-04
5.851410266251664410e-04
5.862099500989413322e-04
5.852574486966680882e-04
5.849996669579773457e-04
5.855451932432432713e-04
5.857041146458647840e-04
5.831863608456362182e-04
5.838035291664540709e-04
5.853588605172339822e-04
5.832797746402809810e-04
5.831809160300711154e-04
5.800144305151203050e-04
5.810429362230096380e-04
5.801325314660089189e-04
5.802411879476551638e-04
5.795846735415090918e-04
5.789204065789439269e-04
5.792652670369777398e-04
5.788208090428129593e-04
5.799088928121816800e-04
5.775901957269614440e-04
5.797083900389390400e-04
5.780010080570996628e-04
5.765017385125081884e-04
5.760132764731355120e-04
5.764117909848430346e-04
5.761073076730881433e-04
5.771931445171980552e-04
5.729660517593116289e-04
5.771301453591197320e-04
5.733816822859574185e-04
5.759818577776757527e-04
5.736003624276461189e-04
5.720522831900106981e-04
5.755468430239705320e-04
5.739292836758429477e-04
5.736101661682201395e-04
5.732651879539188075e-04
5.731840357960821556e-04
5.738354167631075017e-04
5.722046184052257756e-04
5.738326335831524455e-04
5.713725665204452513e-04
5.738039654323850861e-04
5.732575725445845276e-04
5.726749004865379963e-04
5.769660222847167608e-04
5.742348368240126092e-04
5.739282144752782741e-04
5.730639050402306506e-04
5.722319056342886753e-04
5.726367457496455869e-04
5.705665079817635313e-04
5.714941536188618536e-04
5.706117935257684799e-04
5.711222959188582901e-04
5.703133545921169802e-04
5.695554756975318390e-04
5.689765482970275809e-04
5.674681037637658177e-04
5.681334099977811310e-04
5.679469011124201961e-04
5.680742984961776546e-04
5.682824630350535823e-04
5.671190591431264204e-04
5.690888462087872156e-04
5.691332073358534426e-04
5.667094331730015760e-04
5.684378969526978579e-04
5.677537592208993077e-04
5.655145284116569124e-04
5.665310589576412871e-04
5.677911278112362028e-04
5.659990024827272126e-04
5.635720014135924731e-04
5.634557324995279710e-04
5.643559033755749747e-04
5.640483406185633477e-04
5.652865131601762664e-04
5.652096786140026674e-04
5.650926284896660209e-04
5.629086048439639611e-04
5.646105628714781629e-04
5.641292913233504451e-04
5.634318352948658069e-04
5.653941253074876811e-04
5.596743352121726035e-04
5.633878862965340396e-04
5.604900358345778948e-04
5.615484707556830631e-04
5.624902207840721396e-04
5.600798345563536050e-04
5.610021696138309082e-04
5.606912008831206736e-04
5.593587603596928857e-04
5.589803893652801892e-04
5.578256610716024813e-04
5.567109870178889438e-04
5.570532447123833402e-04
5.552441244653603123e-04
5.589714899607792090e-04
5.597592611102254062e-04
5.567541653990975377e-04
5.595316343323727005e-04
5.577189344950641376e-04
5.587340149905030548e-04
5.575651678290954481e-04
5.575370085669686254e-04
5.578240316313415933e-04
5.582144367110240249e-04
5.581468139736365727e-04
5.568056230919825843e-04
5.559281680880611776e-04
5.531376184927755358e-04
5.587008526145004596e-04
5.514003165752106661e-04
5.595917874212202577e-04
5.559255517609386701e-04
5.571130509751757174e-04
5.563144066594246945e-04
5.548075841478339884e-04
5.558269554227523480e-04
5.560422492720225925e-04
5.528105441132794310e-04
5.554669409123040276e-04
5.543830783425425035e-04
5.531741466420438038e-04
5.551809741308400730e-04
5.538240226809532140e-04
5.543960278065643114e-04
5.542614831426642338e-04
5.533638444258263218e-04
5.534352007060260340e-04
5.534608530994554205e-04
5.531126558641016617e-04
5.531281844227403785e-04
5.527303609165822940e-04
5.525234879006054103e-04
5.513789955545385932e-04
5.519391413789329634e-04
5.509878801022779094e-04
5.504116750485730288e-04
5.495395204877726036e-04
5.509922415269514736e-04
5.483718074741761447e-04
5.495812204429675321e-04
5.487210911556635907e-04
5.484015574485309220e-04
5.476761460327243033e-04
5.467851611922900290e-04
5.467170866953822679e-04
5.461246495116839567e-04
5.511577889268469551e-04
5.437374944864515431e-04
5.510060892681382808e-04
5.452844985170407369e-04
5.481849351948791735e-04
5.472917581993616814e-04
5.448229743772842974e-04
5.463553744421944776e-04
5.437552838259725315e-04
5.466296942259678097e-04
5.427522055401676464e-04
5.481246200348949401e-04
5.441798695881937655e-04
5.443851528991949188e-04
5.453420312831950938e-04
5.438962210948484685e-04
5.433134086684711546e-04
5.428727490799520545e-04
5.420804474813332519e-04
5.419052663855454272e-04
5.409207634935652093e-04
5.409811696315154888e-04
5.412220401772219582e-04
5.410118054757884860e-04
5.428965084676098821e-04
5.442516949611324144e-04
5.419538130830739257e-04
5.406106664270354800e-04
5.409851380951865565e-04
5.402727945915445328e-04
5.418947337668855897e-04
5.397983869976979640e-04
5.382272473660084907e-04
5.412984567678916920e-04
5.367430569961039160e-04
5.408948664487500842e-04
5.396616006748005713e-04
5.380377165026502869e-04
5.389576746804861313e-04
5.384712455635039946e-04
5.384383688036805445e-04
5.379838100028628677e-04
5.390090778304011026e-04
5.364594711045263557e-04
5.404667984418790993e-04
5.363034849032411681e-04
5.384483565860247786e-04
5.392379468893589416e-04
5.372102456563686073e-04
5.376860054847733359e-04
5.345228320321807319e-04
5.373839066726232658e-04
5.352762468047909082e-04
5.353600694287161642e-04
5.354437795119013467e-04
5.334775637601109431e-04
5.358870070678841205e-04
5.340204544216543446e-04
5.338570954844624539e-04
5.356591993115315418e-04
5.342950084778680993e-04
5.353928332396538014e-04
5.337719488766582863e-04
5.341626529668284202e-04
5.335014061352402661e-04
5.347944404320129118e-04
5.308088924924213477e-04
5.334589628822035499e-04
5.311411008571753157e-04
5.297324900499186025e-04
5.305232569924265553e-04
5.297886933131319524e-04
5.301974392247966626e-04
5.302620295402275634e-04
5.301868134644955070e-04
5.305976081348126377e-04
5.301913674773830023e-04
5.282852471889120001e-04
5.302504883755754543e-04
5.240873450232862120e-04
5.307903782743661003e-04
5.247833386541465210e-04
5.267865377031024287e-04
5.273984053994260459e-04
5.258191591301375218e-04
5.268940918263115020e-04
5.257742681538037522e-04
5.254706907067671672e-04
5.244469881708576676e-04
5.240645945771546304e-04
5.234893881433586287e-04
5.238639991663325253e-04
5.222451249469399048e-04
5.276404658928300758e-04
5.226986461238542240e-04
5.260845272224457273e-04
5.238347583040699673e-04
5.243027832896300254e-04
5.233711446196659747e-04
5.240304567635164232e-04
5.235912757113744213e-04
5.236858066974277954e-04
5.234982688279703634e-04
5.244734176666084567e-04
5.235367025928005721e-04
5.229777265493846649e-04
5.226669858156818803e-04
5.235426077359949882e-04
5.217274578671357403e-04
5.203892203176122520e-04
5.205202849210375116e-04
5.202178719026426517e-04
5.182717592575551008e-04
5.193427042472855987e-04
5.187499477416366786e-04
5.204299989296761603e-04
5.187819688677928033e-04
5.202571743693666997e-04
5.185193984182573162e-04
5.181226604851807459e-04
5.203435261581419464e-04
5.172470335314714122e-04
5.197019531034137007e-04
5.182620400679348836e-04
5.189788849379226542e-04
5.159634064167402476e-04
5.178823693178585211e-04
5.133457192645670807e-04
5.196116094427992958e-04
5.164734181550570619e-04
5.149966783035937268e-04
5.168024306884024931e-04
5.149225625627974669e-04
5.152516083336220734e-04
5.143882608519276863e-04
5.142714652161633994e-04
5.136988776459507468e-04
5.135593492584182140e-04
5.116623253470290161e-04
5.116114099414281659e-04
5.108002294707101763e-04
5.120563557209015107e-04
5.114972773590538814e-04
5.126832227838840029e-04
5.114627704050247851e-04
5.126108176685062945e-04
5.117210299588472811e-04
5.117350621901403315e-04
5.094661795812844987e-04
5.100305124388846952e-04
5.101730844531447229e-04
5.071202810644398528e-04
5.085059447278976073e-04
5.095255079347087634e-04
5.080605415529333138e-04
5.072963520133878020e-04
5.083980050798744214e-04
5.070332564410231970e-04
5.070220591739940316e-04
5.074943482541407385e-04
5.065926927510900441e-04
5.067230252200727141e-04
5.058647686513325454e-04
5.050666799031087268e-04
5.037259380767763117e-04
5.047840065489434458e-04
5.043980484642911514e-04
5.039820084850452813e-04
5.037218665468012717e-04
5.021962690021191918e-04
5.033499270854919746e-04
5.018802592123108083e-04
5.023200289391527252e-04
5.011817978207230720e-04
5.009073253943823172e-04
5.006637672665274806e-04
4.994509688581486809e-04
4.993975222780441120e-04
4.977975073106326483e-04
5.019349930892670663e-04
4.988509220962848625e-04
5.001273594500067103e-04
4.992914921911387714e-04
4.988752281820343264e-04
5.007924296727428188e-04
4.998533280954535560e-04
4.988112528576186784e-04
5.009445152128206690e-04
4.994937988458929149e-04
4.994076305521969340e-04
4.994535737521894935e-04
4.987865605205236367e-04
4.971187385102078006e-04
4.973822568971365821e-04
4.969482255078896916e-04
4.978093524864587397e-04
4.971544628289005074e-04
4.977476503361324836e-04
4.958842980199777662e-04
4.987300747688550246e-04
4.959559774252823849e-04
4.971023959187299010e-04
4.961073556968495502e-04
4.973106461703927401e-04
4.967025067713676158e-04
4.969136408830731504e-04
4.968331999907427349e-04
4.965547795873816997e-04
4.957088596649473870e-04
4.993406199036755106e-04
4.963667447300928450e-04
4.957134370817549603e-04
4.955381611540149488e-04
4.963189242449918877e-04
4.917345539423332657e-04
4.941238879022201306e-04
4.933728192558941954e-04
4.937689440584309367e-04
4.928450032461491196e-04
4.918694611761923168e-04
4.931651988254391302e-04
4.936615558819574916e-04
4.933444594445655614e-04
4.935784662710008099e-04
4.939650148782328328e-04
4.942144276198144311e-04
4.940155079547147408e-04
4.938671750889648583e-04
4.930186964717869422e-04
4.923558021034041884e-04
4.940961529585547515e-04
4.924481410016011678e-04
4.923264073280297741e-04
4.918573661256304139e-04
4.920815694057131253e-04
4.917156074577656117e-04
4.910165518393034634e-04
4.917921761320115468e-04
4.885677238440482581e-04
4.923049682433910034e-04
4.882437044526294974e-04
4.909705180714677483e-04
4.898061902819510769e-04
4.915579839830821855e-04
4.907711085144296275e-04
4.905987958286822182e-04
4.912353390216415115e-04
4.898934787584529466e-04
4.908665825381385624e-04
4.888349137878029689e-04
4.891680148023177946e-04
4.883622541836999103e-04
4.901766014893616180e-04
4.872836322851818161e-04
4.886964579330166456e-04
4.888086414894582052e-04
4.871095931997948959e-04
4.898130801855920743e-04
4.869994739303899994e-04
4.892660312964830114e-04
4.887142207681824998e-04
4.886463666718360386e-04
4.889883846640524431e-04
4.885776934750370734e-04
4.877039778783974814e-04
4.863224330814075653e-04
4.885819087081170846e-04
4.871451747048149853e-04
4.879278184493292302e-04
4.874630245246090060e-04
4.871315787542941319e-04
4.869587763151667819e-04
4.866510965805431505e-04
4.859194882912083236e-04
4.853479488654605556e-04
4.834938087197987434e-04
4.894180957152720075e-04
4.846387573823847991e-04
4.846568955828662521e-04
4.866015442170083436e-04
4.834107036009093958e-04
4.873800821841935724e-04
4.848534144225166362e-04
4.857181847402820460e-04
4.848505761036610274e-04
4.844434123662145087e-04
4.837652495291183295e-04
4.832450992081124678e-04
4.828348547322961360e-04
4.825874477649777440e-04
4.832779056182890743e-04
4.814809790966900131e-04
4.832283288087801595e-04
4.840201348708169792e-04
4.826996160655740511e-04
4.812361209510608107e-04
4.825923965677174701e-04
4.828691194584990021e-04
4.823024600836745457e-04
4.833966036418810871e-04
4.814418429574070430e-04
4.819729405284716188e-04
4.823271290798825843e-04
4.822807619694342960e-04
4.825552410035337703e-04
4.850942588304957607e-04
4.813904652515687134e-04
4.846633288917986471e-04
4.799266070203641894e-04
4.827456940430110239e-04
4.807636325458554752e-04
4.813168473739175323e-04
4.807379890484562144e-04
4.810053338031094008e-04
4.806168821819540140e-04
4.819685811124845118e-04
4.806780822408298227e-04
4.810664954006538675e-04
4.809240677519105596e-04
4.799037453609640330e-04
4.800530876239535367e-04
4.815817025976778685e-04
4.801842794597549068e-04
4.813817772156073747e-04
4.787246315977298789e-04
4.827405151604237626e-04
4.795816382301446522e-04
4.806174470878544461e-04
4.793111837701479762e-04
4.794862286141158073e-04
4.787878770814051662e-04
4.799122049113174965e-04
4.788956947736059582e-04
4.792907482079405914e-04
4.784179685380424889e-04
4.780024420586096020e-04
4.785041143697873339e-04
4.771571308172851446e-04
4.767222095475631195e-04
4.793831371124736111e-04
4.709805053291151074e-04
4.761528245759751314e-04
4.745943730742500444e-04
4.759063330701180966e-04
4.760482396677400471e-04
4.755465416048085584e-04
4.756309767835644039e-04
4.756554858950014925e-04
4.755623149085055337e-04
4.762695116939763378e-04
4.752064933462683415e-04
4.743399761425416347e-04
4.769725665003575693e-04
4.761209721752054794e-04
4.736495967954806874e-04
4.764757523767910443e-04
4.750613890217318582e-04
4.755355975110043447e-04
4.748110060126828694e-04
4.757031443669029356e-04
4.751467192682310423e-04
4.750266616812467155e-04
4.753293704329110457e-04
4.749847727524167070e-04
4.748616857759005092e-04
4.725813892406240200e-04
4.729120815366065966e-04
4.738057109897361014e-04
4.719167338130885402e-04
4.722302886236314748e-04
4.745026423050833792e-04
4.734666003428055479e-04
4.736243112621776712e-04
4.739666576416791594e-04
4.726351622118344633e-04
4.728440092878452203e-04
4.719147110155365765e-04
4.729481638496585579e-04
4.728235463784334733e-04
4.716877147990935983e-04
4.730829146450479545e-04
4.722083550445429763e-04
4.717782019933377006e-04
4.725813567041067570e-04
4.711814805383743245e-04
4.731566632048218651e-04
4.693509804839376899e-04
4.730909330972214093e-04
4.709238857436791846e-04
4.715832077645839941e-04
4.722844809971390436e-04
4.712961348262564507e-04
4.705114788620165089e-04
4.718677470788699589e-04
4.713184338133097405e-04
4.706777109925752733e-04
4.707682342331953292e-04
4.710824446747349683e-04
4.677637136268014239e-04
4.726143464006388574e-04
4.692055964132023989e-04
4.698863230313935521e-04
4.699166079430732888e-04
4.711109450466323205e-04
4.697584861337281864e-04
4.702040674890932523e-04
4.697370580027640692e-04
4.694864631554634417e-04
4.693648834118384740e-04
4.692306491464925868e-04
4.686537658120034115e-04
4.691397747058960953e-04
4.683982468765841953e-04
4.683891444054176815e-04
4.684635038629144082e-04
4.679368346099623726e-04
4.696135825244627669e-04
4.691584225987821500e-04
4.662963608754337524e-04
4.712160813902313019e-04
4.663608089199114968e-04
4.684676817776537274e-04
4.658611422211316583e-04
4.670356169193868624e-04
4.661447580074085106e-04
4.657252015445310141e-04
4.659838588192756243e-04
4.635404548073199758e-04
4.661248512311048074e-04
4.653929043515009313e-04
4.653156800218943715e-04
4.651268874360958597e-04
4.654389802347064318e-04
4.653940205889107811e-04
4.664282495528309421e-04
4.652700875018831762e-04
4.650538083418151902e-04
4.654584023094232169e-04
4.658639573420898339e-04
4.661544100890653358e-04
4.644567817032606337e-04
4.644682129946621084e-04
4.649114097874901090e-04
4.614122499744718062e-04
4.631990829981149130e-04
4.624317682742233918e-04
4.639150812368945096e-04
4.621862839762127259e-04
4.639679098592713381e-04
4.625467485447059147e-04
4.623483118743441792e-04
4.621463335000430958e-04
4.606553251272534348e-04
4.646700871827984507e-04
4.620671480478977049e-04
4.603423840376576637e-04
4.624649304682293166e-04
4.594247743899137365e-04
4.607120838541893830e-04
4.601600808879324051e-04
4.596088680151702880e-04
4.601628467968331372e-04
4.591319420033528097e-04
4.602786422653786847e-04
4.578309143488804630e-04
4.603318127258283353e-04
4.612531569646581868e-04
4.589892473142483781e-04
4.614168306765451563e-04
4.589220976699028812e-04
4.594667373157098516e-04
4.588396151050806965e-04
4.586374164533844932e-04
4.583191255469855146e-04
4.581045017193255669e-04
4.574216162652804617e-04
4.568712085133227346e-04
4.539270836256008757e-04
4.595477736166829041e-04
4.568405575177814765e-04
4.564810320441872998e-04
4.567188281613307455e-04
4.551212437842117931e-04
4.572453343333256225e-04
4.563026196541504834e-04
4.563501467498989146e-04
4.557372351817563978e-04
4.561849171442012370e-04
4.540440119234238014e-04
4.536209300972753587e-04
4.553937081065646039e-04
4.521838811479223039e-04
4.558295920707576446e-04
4.544180967580260149e-04
4.550690735832369459e-04
4.541356293920922513e-04
4.530080418022060891e-04
4.547889496309987520e-04
4.537151327980521115e-04
4.537321624329443046e-04
4.532260197109390853e-04
4.527665378063010747e-04
4.521320102556615548e-04
4.532017090641761079e-04
4.522145414556200766e-04
4.522676092346753071e-04
4.517117282588185238e-04
4.507650832560419784e-04
4.511595166441690914e-04
4.519455714959261954e-04
4.517369557721730481e-04
4.535901078879892587e-04
4.529701394260388786e-04
4.514785083386396313e-04
4.536791017314871846e-04
4.509157837671906631e-04
4.525629791899620728e-04
4.516674418474946788e-04
4.515707836359123331e-04
4.509467633949815896e-04
4.510637071035358543e-04
4.520156877392587187e-04
4.518181612510979673e-04
4.526458945742182507e-04
4.531820930031485841e-04
4.508888600513417055e-04
4.539895824443606655e-04
4.516283908148079583e-04
4.525531997011535785e-04
4.509351691903121695e-04
4.519269922157805215e-04
4.514469387573079328e-04
4.506870016658384367e-04
4.526466021699013611e-04
4.502923841926249025e-04
4.517629061594274171e-04
4.513248937762565820e-04
4.502796326619096126e-04
4.520978319518366775e-04
4.519636866617619516e-04
4.507185275813702639e-04
4.513847677494728155e-04
4.503032817990920244e-04
4.513851319664080185e-04
4.508698515278143615e-04
4.507448992520925960e-04
4.499282231458390929e-04
4.495687092102429038e-04
4.490016998328637309e-04
4.468985802737255979e-04
4.497698526673081618e-04
4.473256951828759906e-04
4.480783626776802344e-04
4.483451870763776681e-04
4.478682105128871534e-04
4.493753939935826182e-04
4.487446355621269598e-04
4.484944489704040596e-04
4.486752047713473356e-04
4.472484283961309314e-04
4.473442477157339573e-04
4.479135437726535656e-04
4.471266476289926443e-04
4.501719592440894032e-04
4.455743231221664610e-04
4.484402659266580092e-04
4.472489036882873665e-04
4.476912801156859162e-04
4.475115565050983429e-04
4.465484543735215631e-04
4.454825461463422093e-04
4.469846089728934219e-04
4.444034020513261581e-04
4.473684468791346795e-04
4.442451568359744507e-04
4.463497804124892622e-04
4.462806322834329299e-04
4.452796704864284529e-04
4.465739383558196092e-04
4.463238946490271589e-04
4.467779375842728965e-04
4.462586903184138638e-04
4.467310991337718456e-04
4.427745455767864930e-04
4.458692792437886788e-04
4.460497805652940528e-04
4.450252908145459901e-04
4.456398149698998401e-04
4.453712285262803800e-04
4.439808536066691420e-04
4.464382639352079555e-04
4.446998845871220365e-04
4.456301951844008962e-04
4.450850649021505603e-04
4.431432563891490699e-04
4.450099874742578072e-04
4.444731017696768581e-04
4.435892829224769344e-04
4.452303813318094633e-04
4.442848152958507190e-04
4.433230303117042886e-04
4.429081632210875199e-04
4.434196846199357387e-04
4.432146992421478419e-04
4.431435911377184286e-04
4.435434814816848902e-04
4.444180985613270410e-04
4.420039767372105919e-04
4.425450822637603371e-04
4.433120533417345263e-04
4.424581656419181077e-04
4.423196946205919396e-04
4.420107246038351635e-04
4.427070156771998016e-04
4.401998333061730930e-04
4.435445612091081912e-04
4.406686031074027402e-04
4.414472802007962985e-04
4.434715659442316064e-04
4.401501853849832356e-04
4.418806397445651209e-04
4.405860334169655105e-04
4.408630854282047633e-04
4.406678644458596216e-04
4.419421099317768619e-04
4.408155793791695867e-04
4.399977718119638635e-04
4.412784788415027165e-04
4.401471094325561150e-04
4.402523389276465538e-04
4.404499976203531185e-04
4.404722197130752823e-04
4.392142364562203263e-04
4.409280894458248150e-04
4.391622601177736689e-04
4.391055643273442046e-04
4.391205625951678641e-04
4.391809473642018500e-04
4.389737350220192691e-04
4.388234132245974126e-04
4.382343156935542168e-04
4.381183507335046127e-04
4.383565139879063159e-04
4.372083008063650791e-04
4.384948440404821393e-04
4.340592972720625831e-04
4.384110019987219218e-04
4.368965242646902399e-04
4.378107359161468259e-04
4.381080003363382034e-04
4.375874535376381874e-04
4.376517931269206406e-04
4.370487683817002745e-04
4.386126641354374622e-04
4.363163876659977339e-04
4.384519937407086658e-04
4.356066744523601751e-04
4.364254634429125691e-04
4.356388068102846705e-04
4.352994026673569173e-04
4.360269963623628975e-04
4.358170188585684256e-04
4.364126580516144017e-04
4.331543435963486322e-04
4.372179603156218348e-04
4.344222887517224657e-04
4.352525672094035908e-04
4.359059976554129751e-04
4.344182181682557055e-04
4.349903177853003608e-04
4.353653228513622926e-04
4.343854358698973810e-04
4.337564989134298690e-04
4.346526878668300091e-04
4.335813580463166025e-04
4.358383720018757252e-04
4.342139678659198134e-04
4.351698114701348552e-04
4.345477496795966386e-04
4.344360821084320996e-04
4.350549488397275851e-04
4.349656389037682633e-04
4.315384660810304604e-04
4.340352672576725229e-04
4.333081736497073309e-04
4.335954590133761347e-04
4.336175472883513761e-04
4.332014294108171002e-04
4.328320586441903803e-04
4.320598483350854930e-04
4.333046399711001722e-04
4.322215999028436494e-04
4.313753176369854083e-04
4.313484293320625951e-04
4.338356858769627377e-04
4.306294101819927822e-04
4.307815276224833908e-04
4.308552459538890446e-04
4.307150465603201868e-04
4.301762025725415820e-04
4.294882380659355140e-04
4.298774129758312708e-04
4.288762693956732681e-04
4.282180610510438984e-04
4.293623137281880409e-04
4.275164296579618420e-04
4.308165045929386572e-04
4.265189359337929489e-04
4.288701128527799963e-04
4.273202355597848618e-04
4.288252762264553662e-04
4.285388899652033210e-04
4.279675192055276559e-04
4.282887779777835705e-04
4.276782257938958626e-04
4.269856803829528372e-04
4.277482814142521831e-04
4.257811483123650153e-04
4.302237555970209637e-04
4.261018100043149968e-04
4.283324489756626559e-04
4.273839675245361125e-04
4.268044006554551849e-04
4.278692933549037834e-04
4.276345429882705360e-04
4.273366287350124611e-04
4.260338835223687970e-04
4.278311630826922519e-04
4.250778646373644691e-04
4.260733423524900644e-04
4.236055738966238750e-04
4.248275880804526245e-04
4.220535907446254509e-04
4.253779269480875182e-04
4.241416113229839915e-04
4.244820867729180128e-04
4.239957280170736365e-04
4.246076094155721735e-04
4.245010736369828302e-04
4.246791904691153241e-04
4.231769065120898283e-04
4.232239675141687401e-04
4.228535676370987276e-04
4.238369093696085581e-04
4.218369658631380362e-04
4.235188384767301652e-04
4.219918035510796038e-04
4.230319985726281595e-04
4.215732142459632662e-04
4.225067875633493441e-04
4.222933873458623792e-04
4.218649994604941147e-04
4.223050130302745484e-04
4.222143307915062946e-04
4.221976398010709249e-04
4.216877391305514852e-04
4.215995747191261713e-04
4.210808684965289261e-04
4.220929062920176665e-04
4.207935309544634278e-04
4.175806235736838692e-04
4.210730449469408075e-04
