1.066880263911692689e-01
9.006647265216122245e-02
1.101930025649629358e-01
6.863498330131138914e-02
5.039244383518193260e-02
8.102890733371172216e-02
7.790005117026817076e-03
3.611337148133351299e-02
4.836464995646013072e-03
1.706912799302140807e-02
9.086023229139431751e-03
5.139540993807580234e-03
7.764908208424383708e-03
2.894625351592695125e-03
3.583143266570928097e-03
3.271101745966790292e-03
1.932849449782730097e-03
1.591069833297863081e-03
1.475751028628145183e-03
1.008904552083174887e-03
8.160431756137090332e-04
8.577420932890667806e-04
6.337800407842392875e-04
5.417692383338810558e-04
4.302561496851687825e-04
3.930315858901647376e-04
3.201415594401494486e-04
5.123883346967955752e-04
3.258724391281919795e-04
3.819549023606007873e-04
3.096080048880705876e-04
2.891965942623540343e-04
2.657132764932079358e-04
2.660958884862451809e-04
2.390612157429919870e-04
2.711888500250426016e-04
2.334010493034618635e-04
2.651145758483082699e-04
2.326384824725133481e-04
2.265487598297467290e-04
2.203213949069210951e-04
2.161186748115115537e-04
2.071167620253928465e-04
1.969715255517308730e-04
2.115879597078873845e-04
1.934274823152499166e-04
2.014459463416843168e-04
1.900705960135204127e-04
1.924089318327370623e-04
1.876407475381986184e-04
1.840527064187829590e-04
1.798455741499203257e-04
1.756657074702416301e-04
1.708563653889865559e-04
1.626971101351956455e-04
1.698181337536356825e-04
1.565026526206528994e-04
1.609994187561622004e-04
1.562070987383575276e-04
1.567412588483376302e-04
1.553955536740222511e-04
1.533066000445318833e-04
1.488958483910524143e-04
1.532346168589862037e-04
1.474805930391993359e-04
1.466593825373989943e-04
1.434484633882918895e-04
1.403928454314322253e-04
1.367771382708254078e-04
1.359354714493338960e-04
1.375638644220405636e-04
1.334210425874727960e-04
1.302809145411677099e-04
1.283381103135956369e-04
1.248981576332001357e-04
1.357468842743028269e-04
1.235719558655774721e-04
1.216962901213939312e-04
1.250179878970900593e-04
1.183804716513505725e-04
1.177264127182627273e-04
1.139912584592137887e-04
1.137116420137642504e-04
1.086084809245986484e-04
1.050742305771321122e-04
1.053351441093307582e-04
1.048625207007997654e-04
1.037366756930726582e-04
1.021092236737417404e-04
1.012716059221081556e-04
9.856651088686847273e-05
9.665640288876352012e-05
9.482277853057438004e-05
9.135553298242866742e-05
8.958458714101805718e-05
8.863318918690492841e-05
8.958338227426508496e-05
8.820324246628359166e-05
8.887535281752804691e-05
8.629182373594701126e-05
8.696444527752627955e-05
8.380922521774141214e-05
8.245853486671072510e-05
7.991122765164850993e-05
7.747215439888402455e-05
7.670773539990713094e-05
7.648010546206787056e-05
7.656900032909393485e-05
7.545222133936996397e-05
7.555550607424594959e-05
7.263469582159032452e-05
7.162758395359707672e-05
6.919191763688047200e-05
6.773811040771757631e-05
6.801986185009863974e-05
6.786855960596937338e-05
6.617507540141401724e-05
6.467632611354074204e-05
6.289427760743536899e-05
6.181483559933351570e-05
6.256837104192506413e-05
6.194753929871970384e-05
6.158996206116078059e-05
6.015477816891479730e-05
5.955492967670782237e-05
5.870089208469831126e-05
5.851347933311109266e-05
5.842922241560861442e-05
5.748566008657967068e-05
5.650977871778609270e-05
5.531141688317336042e-05
5.427694700575702943e-05
5.432174489442872904e-05
5.466844390490379425e-05
5.448625471893153450e-05
5.485847408648528151e-05
5.433671091182527401e-05
5.358829780165886441e-05
5.308881720354976808e-05
5.283236253749038294e-05
5.266582856812614279e-05
5.202548008662845542e-05
5.133035630289709678e-05
5.043911208480767876e-05
5.009769280638591430e-05
5.065128795253200382e-05
4.988914179350079222e-05
4.971786390383772710e-05
4.930196994963120056e-05
4.930225390983409975e-05
4.872107322616356649e-05
4.858310508425039579e-05
4.852538691205613244e-05
4.783417948727211442e-05
4.782582856571621099e-05
4.721969185135471258e-05
4.662051473228368312e-05
4.592617111282312992e-05
4.514445821239039406e-05
4.383910149737730059e-05
5.384569585525775725e-05
4.360628050967075767e-05
4.573077500520571296e-05
4.298827265974568181e-05
4.263338699634239845e-05
4.222615215608865083e-05
4.268392605773309230e-05
4.214184012921134536e-05
4.179556144551289275e-05
4.146030843452435321e-05
4.111112154533592294e-05
4.070241687280461813e-05
4.014090194712364231e-05
3.950374439726319525e-05
3.868181236601369623e-05
3.810434231840367807e-05
3.700533160516035242e-05
3.599901646522741427e-05
3.462867231920103165e-05
3.310301003734787006e-05
3.092183034473146048e-05
3.759087730079685956e-05
3.178048954718272316e-05
3.435671547300996764e-05
3.211169651145427743e-05
3.139055101764374702e-05
3.065043802299463832e-05
2.965779208814105653e-05
2.854836058662898812e-05
2.730052832626855711e-05
2.543618076806951450e-05
2.331089442946081969e-05
2.084392382739604525e-05
1.785653258238588690e-05
1.662024675990395655e-05
4.023069862035724941e-05
1.618972226695817326e-05
1.460279688512684213e-05
1.428806320617886306e-05
1.589681091143311704e-05
1.388652002178674246e-05
1.456669489370037408e-05
1.385201026075198405e-05
1.440939633002542928e-05
1.423169848750470771e-05
1.374857341733245915e-05
1.351990040586770947e-05
1.322116273471894575e-05
1.288705316815909670e-05
1.242843067543098718e-05
1.185238745868655011e-05
1.120213499490576067e-05
1.110674865764241404e-05
1.041593834717910000e-05
9.811242897695908975e-06
9.142969766639892076e-06
8.180549456638141605e-06
1.247141333891911845e-05
8.670996922307470551e-06
1.031973026704196906e-05
8.977636706901512606e-06
9.461187640524327153e-06
9.618648632390808218e-06
9.624780677859866182e-06
9.628986274357505948e-06
1.022705970904485987e-05
9.250971155998727761e-06
9.704616092657627639e-06
9.760243760693404551e-06
9.919369538135657926e-06
9.997369258114818983e-06
9.114962415012091085e-06
9.569295314707910069e-06
9.585931503680612594e-06
9.635559843394699391e-06
9.728667677882097656e-06
9.484583097995985163e-06
9.808675919838093568e-06
8.898205717573770884e-06
9.507575362024189166e-06
9.547101057308151812e-06
9.673164206178543482e-06
8.825637856991490115e-06
9.288806118227176215e-06
9.310664183603997013e-06
9.414732551844185078e-06
9.431139212492385915e-06
8.726167484306848469e-06
9.231929842596290137e-06
9.238968024173129323e-06
9.286840006389210188e-06
9.383149230073685158e-06
8.735213594852690068e-06
8.910165972420029727e-06
8.841283692448944490e-06
8.791780429906130743e-06
8.756868108729524809e-06
8.681926869124893101e-06
8.673190598390221530e-06
8.533764084900159790e-06
8.482736447250553065e-06
8.329863809824031740e-06
7.469520840455710941e-06
8.400503770105654012e-06
7.597470891719665522e-06
8.437428035697813741e-06
8.164375872092794004e-06
8.266740964745538842e-06
8.336295556217699851e-06
7.500003551090428439e-06
8.110474393152909212e-06
8.135859674629738865e-06
8.153720409764169606e-06
7.706310781348081683e-06
7.715976239105743804e-06
7.697883900658089609e-06
7.613265367953639523e-06
7.405131298045641814e-06
7.307035380761499242e-06
7.168652389623658133e-06
7.005145110962370473e-06
6.969235022824367514e-06
6.320362392146957284e-06
6.775372199728648251e-06
6.718420934229626228e-06
6.444373538891293824e-06
6.455454743483577156e-06
6.217873083046331099e-06
6.142196197845679287e-06
5.688191712481641170e-06
6.166639296525585422e-06
5.504986349687982342e-06
5.933545401666624958e-06
5.988887753826185240e-06
6.074822819548595003e-06
5.432343660902978672e-06
5.990249290036506823e-06
5.887639912686291621e-06
5.940179357590906993e-06
5.440653435453713222e-06
5.843928735482568874e-06
5.855312227348797227e-06
5.848950804494008334e-06
5.492530137933065114e-06
5.810480607998844286e-06
5.656456159940482564e-06
5.666687220580902086e-06
5.594636695775827543e-06
5.569849006894768882e-06
5.509505937398812948e-06
5.440055392491116251e-06
5.338710500463954455e-06
5.126003941250643327e-06
5.276605227524664935e-06
5.182403096693677564e-06
5.108668052431269835e-06
5.025943752048714476e-06
4.517222387400073701e-06
5.198926163250689180e-06
4.603973204502687883e-06
4.991236032465417510e-06
4.953571946917810998e-06
5.002547440504654709e-06
4.759013901269356489e-06
5.214364917227237873e-06
4.764566868314271003e-06
5.032798640678983786e-06
5.012790387870171833e-06
5.079551572436928940e-06
5.068832934060491602e-06
5.105091584804836741e-06
4.909801278138775935e-06
4.951217422097031873e-06
4.927919626515763984e-06
4.867530275086742324e-06
4.862453872112272514e-06
4.858740132053396168e-06
4.627502931797415342e-06
5.812988301615238033e-06
4.647730312412041971e-06
5.039711779680476474e-06
4.520679070835479702e-06
4.791786868631196058e-06
4.727629879868981186e-06
4.681839133130477146e-06
4.612545411911494666e-06
4.537848418915160732e-06
4.557884333511121534e-06
4.489277203137865565e-06
5.179734673993588737e-06
4.245508462686058402e-06
4.853344680931858272e-06
4.384911588201321353e-06
4.562914789533590246e-06
4.429157846383243087e-06
4.479645683393827199e-06
4.424552641646147651e-06
4.399367187973127618e-06
4.556417706425743081e-06
4.259323446919819924e-06
4.399418978001946259e-06
4.383085566608285658e-06
4.330315223739045269e-06
4.285337027923200723e-06
3.887375667377326256e-06
4.650170964443111825e-06
3.887976237426282002e-06
4.362050170789292830e-06
4.010770178581520118e-06
4.080590721996648673e-06
4.046075226276913517e-06
4.020392043501970058e-06
4.042871707104949753e-06
4.010357726429949618e-06
3.980385887780926458e-06
3.970475363292079859e-06
3.930574593894882430e-06
3.886235517767395903e-06
3.808322976541087975e-06
3.794499573010984201e-06
3.593025758892334597e-06
4.986719154072993769e-06
3.460127974692821451e-06
4.252363979320060746e-06
3.581031940815452940e-06
3.991668907903010192e-06
3.680632575699361297e-06
3.839531456568736049e-06
3.854869073568909758e-06
3.770701897071899712e-06
3.764648310091952668e-06
3.755300411083497304e-06
3.691730219703301393e-06
3.687338230758094297e-06
3.585064523095025600e-06
3.544094620903253962e-06
3.457981897654746355e-06
3.386491786480278857e-06
3.180676342851476736e-06
3.832431301025406622e-06
3.283807875617030563e-06
3.619041822617777000e-06
3.374969036220556575e-06
3.514813207487576251e-06
3.470653186019849247e-06
3.486293307347938633e-06
3.498198013284605310e-06
3.512197368978227550e-06
3.527016642725937182e-06
3.484081415869867525e-06
3.472037422848524121e-06
3.417894961447346645e-06
3.473337927059059686e-06
3.187074681693945616e-06
3.767531917821536389e-06
3.294227599623589471e-06
3.562670849041545088e-06
3.398116182486470250e-06
3.501053442898890970e-06
3.502814732884436887e-06
3.520441177346945090e-06
3.533197177746113349e-06
3.555559687281131803e-06
3.572907071698817903e-06
3.540678754710259200e-06
3.722185288983603153e-06
3.282597473730047709e-06
3.614412191618836697e-06
3.620092478375804274e-06
3.710627037259434995e-06
3.762840543476606806e-06
3.830637148081523407e-06
3.651321323746914543e-06
4.545504633545697704e-06
3.648629109316356773e-06
3.881531789675246229e-06
3.500302601927878624e-06
3.797795931647721903e-06
3.652866114953744174e-06
3.688211330466443174e-06
3.694318366059576762e-06
3.700930829556359116e-06
3.717041168315626915e-06
3.732693315760937404e-06
3.858364628146994304e-06
3.448645268037047310e-06
3.751496514684878498e-06
3.695863504238771614e-06
3.691522297677161368e-06
3.672790937156388393e-06
3.653465533273731038e-06
3.666343458726260703e-06
3.484170592724184874e-06
3.890174547352515349e-06
3.416047762115119217e-06
3.719374762901920313e-06
3.488958477902169720e-06
3.536806685653859635e-06
3.525143488670116272e-06
3.516160182599145029e-06
3.484707644364215754e-06
3.445949083246160664e-06
3.410541115713278782e-06
3.334653424951806739e-06
3.258486211117052195e-06
3.154394776082023208e-06
3.074071672121163908e-06
2.770434510504092403e-06
3.256371869239810471e-06
2.841249925616220863e-06
3.175207224946869813e-06
3.124278652979797264e-06
3.146727996828946462e-06
2.965575198579769549e-06
3.054872547085788144e-06
3.063585563315369025e-06
3.004508739067941181e-06
2.975212610442247458e-06
2.934885858416091172e-06
3.323947022871147716e-06
2.821229280060426589e-06
3.085445000791011781e-06
2.853105801894847558e-06
2.946853586958098116e-06
2.943781846550988672e-06
2.947509234202140583e-06
3.002818844070908126e-06
2.951851721027275468e-06
3.014956348700778290e-06
3.041415981182428939e-06
3.013123697558666392e-06
3.105576804504235001e-06
3.111923038457940890e-06
2.977057199109637941e-06
3.464457409005897479e-06
2.924201797652376676e-06
3.256799416023742644e-06
2.990868057083013133e-06
3.083856258626177748e-06
3.059668370842799838e-06
3.071787753764423843e-06
3.082550460669279065e-06
3.086978341334352216e-06
3.102515609828437316e-06
3.112235477047937279e-06
3.135304224090342781e-06
3.254620345202457541e-06
3.030678698845371141e-06
3.347202467638507899e-06
3.081127060744284395e-06
3.172799408642553164e-06
3.109222111471239659e-06
3.106106306291825726e-06
3.139107665614104713e-06
3.123074028074871386e-06
3.126277954417139483e-06
3.148235077180572881e-06
3.265809754662563730e-06
3.073391672801026297e-06
3.378932926625249402e-06
3.117001912334717483e-06
3.271300282839731829e-06
3.260326986517102812e-06
3.285295687431713888e-06
3.272763528665558333e-06
3.301645007529667246e-06
3.319080073200136673e-06
3.347365268763096776e-06
3.383419918444351914e-06
3.358934039594574839e-06
3.461288339760776144e-06
3.145520354941127858e-06
3.461693299992588544e-06
3.282784081414890183e-06
3.390128509095230142e-06
3.355905641204430080e-06
3.329978562248332526e-06
3.332126623349923233e-06
3.350970841455097014e-06
3.368724410125856670e-06
3.348492325622809144e-06
3.397552440510184610e-06
3.408666129228386687e-06
3.636334668232394709e-06
3.248347111950242849e-06
3.492637533569050198e-06
3.471094254563746816e-06
3.558313764111093711e-06
3.484439179236044337e-06
3.572795087472266167e-06
3.596851415420987096e-06
3.635617008141347610e-06
3.535376772808379956e-06
4.759599389225212016e-06
3.484495583581487713e-06
3.861481435486408560e-06
3.298151560710027139e-06
3.661561514147214921e-06
3.367439539866701163e-06
3.371885214269233872e-06
3.312130709517018671e-06
3.259477378323352901e-06
3.197916137748588132e-06
3.135103189679967010e-06
3.308568847512596532e-06
3.021190864691243128e-06
3.345790778413927652e-06
3.105835409450670225e-06
3.247760256534120648e-06
3.201095133938955257e-06
3.174404597959399170e-06
3.158006621282356175e-06
3.138870401347200308e-06
3.167345798987295304e-06
3.096949399398895017e-06
3.074294372151104179e-06
3.037353931875130078e-06
3.004201727484204676e-06
2.945187236582175118e-06
3.047498572091889046e-06
2.719680164886236197e-06
3.008861801250278681e-06
2.869434633390747056e-06
3.058933311552695644e-06
2.885404402126121958e-06
2.970387518737322495e-06
2.975396896064755766e-06
2.974830118508575596e-06
2.999433230241575149e-06
2.946960309367827262e-06
2.960124399154315780e-06
2.854624505883806470e-06
2.916957286898276790e-06
2.805528144087151319e-06
2.868496118070906654e-06
2.845525585425066613e-06
2.818280225609474858e-06
2.805297201854603269e-06
2.674042131478561528e-06
3.300625395435564360e-06
2.682138101161129967e-06
2.977345147471811580e-06
2.687611993575813944e-06
2.845801652212669634e-06
2.687059272998280137e-06
2.716803338808340496e-06
2.708013258553452360e-06
2.696299349046008703e-06
2.685792401846922454e-06
2.670378936082932273e-06
2.681162324503966361e-06
2.656644718222177073e-06
2.654969374463139473e-06
2.607971828212340717e-06
2.911768431970940056e-06
2.484972366164099349e-06
2.798467662106670016e-06
2.576647013009579306e-06
2.724106075035171781e-06
2.702544914985890489e-06
2.748366623674769704e-06
2.733591150315156235e-06
2.731796399668079453e-06
2.622377175820437784e-06
2.746964264755539927e-06
2.612685674676974469e-06
2.695918206506763368e-06
2.697251308051915465e-06
2.691407373672517198e-06
2.688206864300486064e-06
2.671437259741865450e-06
2.657769084780530982e-06
