3.333333333333332860e+01
2.558888888888888857e+01
5.047777777777777430e+01
5.730555555555555713e+01
4.610833333333333428e+01
9.433055555555554861e+01
7.722222222222222854e+01
9.686944444444444002e+01
8.654444444444445139e+01
9.212500000000000000e+01
9.541111111111111143e+01
9.294166666666666288e+01
9.844444444444444287e+01
9.712777777777777999e+01
9.759722222222222854e+01
9.927777777777777146e+01
9.947499999999999432e+01
9.934722222222222854e+01
9.964444444444444571e+01
9.976944444444444571e+01
9.959722222222222854e+01
9.974444444444444002e+01
9.973055555555555429e+01
9.979999999999999716e+01
9.979722222222221717e+01
9.988333333333333997e+01
9.962500000000000000e+01
9.986666666666666003e+01
9.973611111111111427e+01
9.986666666666666003e+01
9.986666666666666003e+01
9.987222222222222001e+01
9.983333333333332860e+01
9.988611111111110574e+01
9.981388888888888289e+01
9.986111111111111427e+01
9.980555555555555713e+01
9.986944444444444002e+01
9.986944444444444002e+01
9.986666666666666003e+01
9.986388888888889426e+01
9.986944444444444002e+01
9.988333333333333997e+01
9.985555555555555429e+01
9.988055555555555998e+01
9.986388888888889426e+01
9.988055555555555998e+01
9.986388888888889426e+01
9.987777777777777999e+01
9.988055555555555998e+01
9.988333333333333997e+01
9.988333333333333997e+01
9.988333333333333997e+01
9.988888888888888573e+01
9.988333333333333997e+01
9.989444444444444571e+01
9.988611111111110574e+01
9.989166666666666572e+01
9.989166666666666572e+01
9.989444444444444571e+01
9.989444444444444571e+01
9.990277777777777146e+01
9.989722222222222570e+01
9.989444444444444571e+01
9.990000000000000568e+01
9.990000000000000568e+01
9.990277777777777146e+01
9.990555555555555145e+01
9.990833333333333144e+01
9.990555555555555145e+01
9.990833333333333144e+01
9.991388888888889142e+01
9.991666666666667140e+01
9.991388888888889142e+01
9.990000000000000568e+01
9.990833333333333144e+01
9.991944444444445139e+01
9.991388888888889142e+01
9.991944444444445139e+01
9.992222222222221717e+01
9.992222222222221717e+01
9.991944444444445139e+01
9.992222222222221717e+01
9.992499999999999716e+01
9.991944444444445139e+01
9.992499999999999716e+01
9.991944444444445139e+01
9.992222222222221717e+01
9.992499999999999716e+01
9.992222222222221717e+01
9.992777777777777715e+01
9.992777777777777715e+01
9.992777777777777715e+01
9.992777777777777715e+01
9.992777777777777715e+01
9.992777777777777715e+01
9.992777777777777715e+01
9.992777777777777715e+01
9.992777777777777715e+01
9.992777777777777715e+01
9.992777777777777715e+01
9.992777777777777715e+01
9.993055555555555713e+01
9.993611111111111711e+01
9.993888888888888289e+01
9.993611111111111711e+01
9.993611111111111711e+01
9.993333333333333712e+01
9.993333333333333712e+01
9.993611111111111711e+01
9.993611111111111711e+01
9.993611111111111711e+01
9.993888888888888289e+01
9.994444444444444287e+01
9.994166666666666288e+01
9.994722222222222285e+01
9.994444444444444287e+01
9.994722222222222285e+01
9.995277777777778283e+01
9.994722222222222285e+01
9.995555555555554861e+01
9.995277777777778283e+01
9.995555555555554861e+01
9.995833333333332860e+01
9.995555555555554861e+01
9.995277777777778283e+01
9.995555555555554861e+01
9.995833333333332860e+01
9.995833333333332860e+01
9.995833333333332860e+01
9.996111111111110858e+01
9.996111111111110858e+01
9.995833333333332860e+01
9.996111111111110858e+01
9.996111111111110858e+01
9.996111111111110858e+01
9.996111111111110858e+01
9.996111111111110858e+01
9.996111111111110858e+01
9.996111111111110858e+01
9.996111111111110858e+01
9.996111111111110858e+01
9.996111111111110858e+01
9.996111111111110858e+01
9.996388888888888857e+01
9.996388888888888857e+01
9.996388888888888857e+01
9.996388888888888857e+01
9.996388888888888857e+01
9.996388888888888857e+01
9.996388888888888857e+01
9.996388888888888857e+01
9.996111111111110858e+01
9.996388888888888857e+01
9.996111111111110858e+01
9.996388888888888857e+01
9.996388888888888857e+01
9.996666666666666856e+01
9.997222222222222854e+01
9.996388888888888857e+01
9.996944444444444855e+01
9.995833333333332860e+01
9.997222222222222854e+01
9.996666666666666856e+01
9.997222222222222854e+01
9.996111111111110858e+01
9.996944444444444855e+01
9.997222222222222854e+01
9.996666666666666856e+01
9.997222222222222854e+01
9.996944444444444855e+01
9.996944444444444855e+01
9.996944444444444855e+01
9.996944444444444855e+01
9.996944444444444855e+01
9.996944444444444855e+01
9.996944444444444855e+01
9.996944444444444855e+01
9.997222222222222854e+01
9.997499999999999432e+01
9.997222222222222854e+01
9.997222222222222854e+01
9.997499999999999432e+01
9.997222222222222854e+01
9.997222222222222854e+01
9.997222222222222854e+01
9.997222222222222854e+01
9.997499999999999432e+01
9.997777777777777430e+01
9.997777777777777430e+01
9.998333333333333428e+01
9.998888888888889426e+01
9.999166666666666003e+01
9.999444444444444002e+01
9.998333333333333428e+01
9.999444444444444002e+01
9.999444444444444002e+01
9.999166666666666003e+01
9.998888888888889426e+01
9.999166666666666003e+01
9.999444444444444002e+01
9.999444444444444002e+01
9.999444444444444002e+01
9.999444444444444002e+01
9.999444444444444002e+01
9.999444444444444002e+01
9.999444444444444002e+01
9.999444444444444002e+01
9.999444444444444002e+01
9.999444444444444002e+01
9.999444444444444002e+01
9.999444444444444002e+01
9.999444444444444002e+01
9.999444444444444002e+01
9.999444444444444002e+01
9.999444444444444002e+01
9.999444444444444002e+01
9.999444444444444002e+01
9.999444444444444002e+01
9.999444444444444002e+01
9.999444444444444002e+01
9.999444444444444002e+01
9.999444444444444002e+01
9.999444444444444002e+01
9.999444444444444002e+01
9.999444444444444002e+01
9.999444444444444002e+01
9.999444444444444002e+01
9.999444444444444002e+01
9.999444444444444002e+01
9.999444444444444002e+01
9.999444444444444002e+01
9.999444444444444002e+01
9.999444444444444002e+01
9.999444444444444002e+01
9.999444444444444002e+01
9.999444444444444002e+01
9.999444444444444002e+01
9.999444444444444002e+01
9.999444444444444002e+01
9.999444444444444002e+01
9.999444444444444002e+01
9.999444444444444002e+01
9.999444444444444002e+01
9.999444444444444002e+01
9.999444444444444002e+01
9.999444444444444002e+01
9.999444444444444002e+01
9.999444444444444002e+01
9.999444444444444002e+01
9.999444444444444002e+01
9.999444444444444002e+01
9.999444444444444002e+01
9.999444444444444002e+01
9.999444444444444002e+01
9.999444444444444002e+01
9.999444444444444002e+01
9.999444444444444002e+01
9.999444444444444002e+01
9.999444444444444002e+01
9.999444444444444002e+01
9.999444444444444002e+01
9.999444444444444002e+01
9.999444444444444002e+01
9.999444444444444002e+01
9.999444444444444002e+01
9.999444444444444002e+01
9.999444444444444002e+01
9.999444444444444002e+01
9.999444444444444002e+01
9.999444444444444002e+01
9.999444444444444002e+01
9.999444444444444002e+01
9.999444444444444002e+01
9.999444444444444002e+01
9.999444444444444002e+01
9.999444444444444002e+01
9.999444444444444002e+01
9.999444444444444002e+01
9.999444444444444002e+01
9.999444444444444002e+01
1.000000000000000000e+02
9.999444444444444002e+01
9.999444444444444002e+01
9.999444444444444002e+01
9.999444444444444002e+01
9.999444444444444002e+01
9.999444444444444002e+01
1.000000000000000000e+02
9.999444444444444002e+01
1.000000000000000000e+02
9.999444444444444002e+01
9.999444444444444002e+01
9.999444444444444002e+01
9.999444444444444002e+01
9.999444444444444002e+01
9.999444444444444002e+01
9.999444444444444002e+01
9.999444444444444002e+01
9.999444444444444002e+01
9.999444444444444002e+01
9.999444444444444002e+01
9.999444444444444002e+01
9.999444444444444002e+01
9.999444444444444002e+01
9.999444444444444002e+01
9.999444444444444002e+01
9.999444444444444002e+01
9.999444444444444002e+01
9.999444444444444002e+01
9.999444444444444002e+01
9.999444444444444002e+01
9.999444444444444002e+01
9.999444444444444002e+01
9.999444444444444002e+01
9.999444444444444002e+01
1.000000000000000000e+02
9.999444444444444002e+01
1.000000000000000000e+02
9.999444444444444002e+01
9.999444444444444002e+01
9.999444444444444002e+01
9.999444444444444002e+01
9.999444444444444002e+01
9.999444444444444002e+01
9.999444444444444002e+01
9.999444444444444002e+01
9.999444444444444002e+01
9.999444444444444002e+01
9.999444444444444002e+01
9.999444444444444002e+01
9.999444444444444002e+01
9.999444444444444002e+01
9.999444444444444002e+01
9.999444444444444002e+01
9.999444444444444002e+01
9.999444444444444002e+01
9.999444444444444002e+01
9.999444444444444002e+01
9.999444444444444002e+01
9.999722222222222001e+01
9.999444444444444002e+01
9.999444444444444002e+01
9.999444444444444002e+01
9.999722222222222001e+01
9.999722222222222001e+01
9.999722222222222001e+01
9.999722222222222001e+01
9.999444444444444002e+01
1.000000000000000000e+02
9.999444444444444002e+01
9.999722222222222001e+01
9.999722222222222001e+01
9.999722222222222001e+01
9.999722222222222001e+01
9.999722222222222001e+01
9.999722222222222001e+01
9.999722222222222001e+01
9.999722222222222001e+01
9.999722222222222001e+01
9.999722222222222001e+01
9.999722222222222001e+01
9.999722222222222001e+01
1.000000000000000000e+02
9.999722222222222001e+01
1.000000000000000000e+02
9.999722222222222001e+01
1.000000000000000000e+02
1.000000000000000000e+02
1.000000000000000000e+02
1.000000000000000000e+02
1.000000000000000000e+02
1.000000000000000000e+02
1.000000000000000000e+02
1.000000000000000000e+02
1.000000000000000000e+02
1.000000000000000000e+02
1.000000000000000000e+02
1.000000000000000000e+02
1.000000000000000000e+02
9.999722222222222001e+01
1.000000000000000000e+02
9.999722222222222001e+01
1.000000000000000000e+02
1.000000000000000000e+02
1.000000000000000000e+02
1.000000000000000000e+02
1.000000000000000000e+02
1.000000000000000000e+02
1.000000000000000000e+02
1.000000000000000000e+02
1.000000000000000000e+02
1.000000000000000000e+02
1.000000000000000000e+02
1.000000000000000000e+02
1.000000000000000000e+02
1.000000000000000000e+02
1.000000000000000000e+02
1.000000000000000000e+02
1.000000000000000000e+02
1.000000000000000000e+02
1.000000000000000000e+02
1.000000000000000000e+02
1.000000000000000000e+02
1.000000000000000000e+02
1.000000000000000000e+02
1.000000000000000000e+02
1.000000000000000000e+02
1.000000000000000000e+02
1.000000000000000000e+02
1.000000000000000000e+02
1.000000000000000000e+02
1.000000000000000000e+02
1.000000000000000000e+02
1.000000000000000000e+02
1.000000000000000000e+02
1.000000000000000000e+02
1.000000000000000000e+02
1.000000000000000000e+02
1.000000000000000000e+02
1.000000000000000000e+02
1.000000000000000000e+02
1.000000000000000000e+02
1.000000000000000000e+02
9.999722222222222001e+01
1.000000000000000000e+02
1.000000000000000000e+02
1.000000000000000000e+02
9.999722222222222001e+01
9.999722222222222001e+01
9.999722222222222001e+01
1.000000000000000000e+02
9.999444444444444002e+01
9.999722222222222001e+01
9.999722222222222001e+01
1.000000000000000000e+02
9.999722222222222001e+01
9.999722222222222001e+01
9.999722222222222001e+01
9.999722222222222001e+01
9.999722222222222001e+01
9.999722222222222001e+01
9.999722222222222001e+01
9.999722222222222001e+01
1.000000000000000000e+02
9.999722222222222001e+01
9.999722222222222001e+01
9.999722222222222001e+01
9.999722222222222001e+01
9.999722222222222001e+01
9.999722222222222001e+01
1.000000000000000000e+02
9.999722222222222001e+01
1.000000000000000000e+02
9.999722222222222001e+01
1.000000000000000000e+02
1.000000000000000000e+02
1.000000000000000000e+02
1.000000000000000000e+02
1.000000000000000000e+02
1.000000000000000000e+02
1.000000000000000000e+02
1.000000000000000000e+02
1.000000000000000000e+02
1.000000000000000000e+02
1.000000000000000000e+02
1.000000000000000000e+02
1.000000000000000000e+02
1.000000000000000000e+02
1.000000000000000000e+02
1.000000000000000000e+02
1.000000000000000000e+02
1.000000000000000000e+02
1.000000000000000000e+02
1.000000000000000000e+02
1.000000000000000000e+02
1.000000000000000000e+02
1.000000000000000000e+02
1.000000000000000000e+02
1.000000000000000000e+02
1.000000000000000000e+02
1.000000000000000000e+02
1.000000000000000000e+02
1.000000000000000000e+02
1.000000000000000000e+02
1.000000000000000000e+02
1.000000000000000000e+02
1.000000000000000000e+02
1.000000000000000000e+02
1.000000000000000000e+02
1.000000000000000000e+02
1.000000000000000000e+02
1.000000000000000000e+02
1.000000000000000000e+02
1.000000000000000000e+02
1.000000000000000000e+02
1.000000000000000000e+02
1.000000000000000000e+02
1.000000000000000000e+02
1.000000000000000000e+02
1.000000000000000000e+02
1.000000000000000000e+02
1.000000000000000000e+02
1.000000000000000000e+02
1.000000000000000000e+02
1.000000000000000000e+02
1.000000000000000000e+02
1.000000000000000000e+02
1.000000000000000000e+02
1.000000000000000000e+02
1.000000000000000000e+02
1.000000000000000000e+02
1.000000000000000000e+02
1.000000000000000000e+02
1.000000000000000000e+02
1.000000000000000000e+02
1.000000000000000000e+02
1.000000000000000000e+02
1.000000000000000000e+02
1.000000000000000000e+02
1.000000000000000000e+02
1.000000000000000000e+02
1.000000000000000000e+02
1.000000000000000000e+02
1.000000000000000000e+02
1.000000000000000000e+02
1.000000000000000000e+02
1.000000000000000000e+02
1.000000000000000000e+02
1.000000000000000000e+02
1.000000000000000000e+02
1.000000000000000000e+02
1.000000000000000000e+02
1.000000000000000000e+02
1.000000000000000000e+02
1.000000000000000000e+02
1.000000000000000000e+02
1.000000000000000000e+02
1.000000000000000000e+02
1.000000000000000000e+02
1.000000000000000000e+02
1.000000000000000000e+02
1.000000000000000000e+02
1.000000000000000000e+02
1.000000000000000000e+02
1.000000000000000000e+02
1.000000000000000000e+02
1.000000000000000000e+02
1.000000000000000000e+02
1.000000000000000000e+02
1.000000000000000000e+02
1.000000000000000000e+02
9.999444444444444002e+01
1.000000000000000000e+02
9.999722222222222001e+01
1.000000000000000000e+02
1.000000000000000000e+02
1.000000000000000000e+02
1.000000000000000000e+02
1.000000000000000000e+02
1.000000000000000000e+02
1.000000000000000000e+02
1.000000000000000000e+02
1.000000000000000000e+02
1.000000000000000000e+02
1.000000000000000000e+02
1.000000000000000000e+02
1.000000000000000000e+02
1.000000000000000000e+02
1.000000000000000000e+02
1.000000000000000000e+02
1.000000000000000000e+02
1.000000000000000000e+02
1.000000000000000000e+02
1.000000000000000000e+02
1.000000000000000000e+02
1.000000000000000000e+02
1.000000000000000000e+02
1.000000000000000000e+02
1.000000000000000000e+02
1.000000000000000000e+02
1.000000000000000000e+02
1.000000000000000000e+02
1.000000000000000000e+02
1.000000000000000000e+02
1.000000000000000000e+02
1.000000000000000000e+02
1.000000000000000000e+02
1.000000000000000000e+02
1.000000000000000000e+02
1.000000000000000000e+02
1.000000000000000000e+02
1.000000000000000000e+02
1.000000000000000000e+02
1.000000000000000000e+02
1.000000000000000000e+02
1.000000000000000000e+02
1.000000000000000000e+02
1.000000000000000000e+02
1.000000000000000000e+02
1.000000000000000000e+02
1.000000000000000000e+02
1.000000000000000000e+02
1.000000000000000000e+02
1.000000000000000000e+02
1.000000000000000000e+02
1.000000000000000000e+02
1.000000000000000000e+02
1.000000000000000000e+02
1.000000000000000000e+02
1.000000000000000000e+02
1.000000000000000000e+02
1.000000000000000000e+02
1.000000000000000000e+02
1.000000000000000000e+02
1.000000000000000000e+02
1.000000000000000000e+02
1.000000000000000000e+02
1.000000000000000000e+02
1.000000000000000000e+02
1.000000000000000000e+02
1.000000000000000000e+02
1.000000000000000000e+02
1.000000000000000000e+02
1.000000000000000000e+02
1.000000000000000000e+02
1.000000000000000000e+02
1.000000000000000000e+02
1.000000000000000000e+02
1.000000000000000000e+02
1.000000000000000000e+02
1.000000000000000000e+02
