3.333333333333332860e+01
2.820833333333332860e+01
4.925000000000000000e+01
5.684166666666666856e+01
4.546666666666666856e+01
9.653333333333333144e+01
7.783333333333332860e+01
9.746666666666666856e+01
8.804999999999999716e+01
9.166666666666667140e+01
9.855833333333333712e+01
9.294166666666666288e+01
9.907500000000000284e+01
9.938333333333333997e+01
9.802500000000000568e+01
9.971666666666666856e+01
9.978333333333333144e+01
9.955833333333333712e+01
9.975833333333333997e+01
9.984166666666666856e+01
9.954999999999999716e+01
9.980833333333333712e+01
9.976666666666666572e+01
9.981666666666666288e+01
9.979999999999999716e+01
9.985833333333333428e+01
9.958333333333332860e+01
9.987500000000000000e+01
9.970833333333332860e+01
9.984166666666666856e+01
9.984166666666666856e+01
9.984166666666666856e+01
9.980833333333333712e+01
9.987500000000000000e+01
9.979166666666667140e+01
9.983333333333332860e+01
9.978333333333333144e+01
9.982500000000000284e+01
9.982500000000000284e+01
9.983333333333332860e+01
9.982500000000000284e+01
9.983333333333332860e+01
9.983333333333332860e+01
9.981666666666666288e+01
9.987500000000000000e+01
9.983333333333332860e+01
9.987500000000000000e+01
9.984166666666666856e+01
9.986666666666666003e+01
9.986666666666666003e+01
9.987500000000000000e+01
9.987500000000000000e+01
9.986666666666666003e+01
9.987500000000000000e+01
9.984999999999999432e+01
9.986666666666666003e+01
9.983333333333332860e+01
9.988333333333333997e+01
9.986666666666666003e+01
9.990000000000000568e+01
9.990833333333333144e+01
9.990833333333333144e+01
9.989166666666666572e+01
9.989166666666666572e+01
9.988333333333333997e+01
9.989166666666666572e+01
9.990833333333333144e+01
9.991666666666667140e+01
9.987500000000000000e+01
9.987500000000000000e+01
9.989166666666666572e+01
9.989166666666666572e+01
9.988333333333333997e+01
9.990000000000000568e+01
9.988333333333333997e+01
9.990000000000000568e+01
9.990000000000000568e+01
9.990000000000000568e+01
9.990000000000000568e+01
9.990000000000000568e+01
9.990833333333333144e+01
9.990833333333333144e+01
9.992499999999999716e+01
9.991666666666667140e+01
9.992499999999999716e+01
9.990833333333333144e+01
9.992499999999999716e+01
9.992499999999999716e+01
9.993333333333333712e+01
9.993333333333333712e+01
9.993333333333333712e+01
9.993333333333333712e+01
9.993333333333333712e+01
9.995000000000000284e+01
9.993333333333333712e+01
9.994166666666666288e+01
9.988333333333333997e+01
9.993333333333333712e+01
9.994166666666666288e+01
9.994166666666666288e+01
9.995000000000000284e+01
9.995000000000000284e+01
9.995000000000000284e+01
9.995833333333332860e+01
9.994166666666666288e+01
9.996666666666666856e+01
9.995000000000000284e+01
9.991666666666667140e+01
9.995833333333332860e+01
9.991666666666667140e+01
9.996666666666666856e+01
9.991666666666667140e+01
9.994166666666666288e+01
9.992499999999999716e+01
9.994166666666666288e+01
9.994166666666666288e+01
9.994166666666666288e+01
9.992499999999999716e+01
9.993333333333333712e+01
9.990000000000000568e+01
9.983333333333332860e+01
9.991666666666667140e+01
9.984166666666666856e+01
9.984999999999999432e+01
9.986666666666666003e+01
9.984999999999999432e+01
9.987500000000000000e+01
9.985833333333333428e+01
9.985833333333333428e+01
9.984999999999999432e+01
9.985833333333333428e+01
9.979166666666667140e+01
9.986666666666666003e+01
9.983333333333332860e+01
9.987500000000000000e+01
9.987500000000000000e+01
9.989166666666666572e+01
9.984166666666666856e+01
9.985833333333333428e+01
9.988333333333333997e+01
9.987500000000000000e+01
9.989166666666666572e+01
9.984999999999999432e+01
9.987500000000000000e+01
9.987500000000000000e+01
9.988333333333333997e+01
9.989166666666666572e+01
9.985833333333333428e+01
9.994166666666666288e+01
9.985833333333333428e+01
9.987500000000000000e+01
9.989166666666666572e+01
9.986666666666666003e+01
9.989166666666666572e+01
9.985833333333333428e+01
9.985833333333333428e+01
9.985833333333333428e+01
9.985833333333333428e+01
9.985833333333333428e+01
9.988333333333333997e+01
9.986666666666666003e+01
9.985833333333333428e+01
9.985833333333333428e+01
9.985833333333333428e+01
9.985833333333333428e+01
9.986666666666666003e+01
9.985833333333333428e+01
9.985833333333333428e+01
9.985833333333333428e+01
9.985833333333333428e+01
9.985833333333333428e+01
9.985833333333333428e+01
9.985833333333333428e+01
9.979999999999999716e+01
9.986666666666666003e+01
9.982500000000000284e+01
9.985833333333333428e+01
9.984166666666666856e+01
9.985833333333333428e+01
9.984999999999999432e+01
9.984999999999999432e+01
9.984999999999999432e+01
9.984166666666666856e+01
9.984999999999999432e+01
9.985833333333333428e+01
9.985833333333333428e+01
9.985833333333333428e+01
9.985833333333333428e+01
9.996666666666666856e+01
9.984999999999999432e+01
9.988333333333333997e+01
9.985833333333333428e+01
9.986666666666666003e+01
9.985833333333333428e+01
9.981666666666666288e+01
9.984999999999999432e+01
9.987500000000000000e+01
9.986666666666666003e+01
9.985833333333333428e+01
9.986666666666666003e+01
9.987500000000000000e+01
9.987500000000000000e+01
9.987500000000000000e+01
9.987500000000000000e+01
9.986666666666666003e+01
9.986666666666666003e+01
9.986666666666666003e+01
9.986666666666666003e+01
9.990000000000000568e+01
9.986666666666666003e+01
9.990000000000000568e+01
9.987500000000000000e+01
9.987500000000000000e+01
9.988333333333333997e+01
9.989166666666666572e+01
9.987500000000000000e+01
9.990000000000000568e+01
9.990000000000000568e+01
9.988333333333333997e+01
9.990000000000000568e+01
9.990000000000000568e+01
9.990000000000000568e+01
9.997499999999999432e+01
9.989166666666666572e+01
9.998333333333333428e+01
9.996666666666666856e+01
9.989166666666666572e+01
9.995833333333332860e+01
9.994166666666666288e+01
9.993333333333333712e+01
9.990833333333333144e+01
9.995000000000000284e+01
9.992499999999999716e+01
9.995000000000000284e+01
9.995000000000000284e+01
9.995000000000000284e+01
9.995000000000000284e+01
9.999166666666666003e+01
9.989166666666666572e+01
9.997499999999999432e+01
9.995833333333332860e+01
9.995833333333332860e+01
9.990833333333333144e+01
9.997499999999999432e+01
9.996666666666666856e+01
9.996666666666666856e+01
9.997499999999999432e+01
9.995833333333332860e+01
9.995833333333332860e+01
9.991666666666667140e+01
9.998333333333333428e+01
9.995000000000000284e+01
9.997499999999999432e+01
9.995833333333332860e+01
9.997499999999999432e+01
9.996666666666666856e+01
9.997499999999999432e+01
9.997499999999999432e+01
9.997499999999999432e+01
9.997499999999999432e+01
9.995000000000000284e+01
1.000000000000000000e+02
9.997499999999999432e+01
9.997499999999999432e+01
9.997499999999999432e+01
9.997499999999999432e+01
9.997499999999999432e+01
9.997499999999999432e+01
9.997499999999999432e+01
9.996666666666666856e+01
9.999166666666666003e+01
9.995833333333332860e+01
9.997499999999999432e+01
9.997499999999999432e+01
9.998333333333333428e+01
9.995833333333332860e+01
9.998333333333333428e+01
9.997499999999999432e+01
9.997499999999999432e+01
9.998333333333333428e+01
9.995833333333332860e+01
9.998333333333333428e+01
9.997499999999999432e+01
9.997499999999999432e+01
9.997499999999999432e+01
9.997499999999999432e+01
9.997499999999999432e+01
9.996666666666666856e+01
9.996666666666666856e+01
9.996666666666666856e+01
9.998333333333333428e+01
9.996666666666666856e+01
9.996666666666666856e+01
9.996666666666666856e+01
9.996666666666666856e+01
9.996666666666666856e+01
9.998333333333333428e+01
9.996666666666666856e+01
9.997499999999999432e+01
9.996666666666666856e+01
9.996666666666666856e+01
9.996666666666666856e+01
9.997499999999999432e+01
9.997499999999999432e+01
9.990000000000000568e+01
9.998333333333333428e+01
9.996666666666666856e+01
9.997499999999999432e+01
9.997499999999999432e+01
9.997499999999999432e+01
9.996666666666666856e+01
9.998333333333333428e+01
9.996666666666666856e+01
9.996666666666666856e+01
9.996666666666666856e+01
9.996666666666666856e+01
9.998333333333333428e+01
9.995833333333332860e+01
9.999166666666666003e+01
9.996666666666666856e+01
9.996666666666666856e+01
9.996666666666666856e+01
9.997499999999999432e+01
9.997499999999999432e+01
9.991666666666667140e+01
9.998333333333333428e+01
9.996666666666666856e+01
9.997499999999999432e+01
9.996666666666666856e+01
9.996666666666666856e+01
9.997499999999999432e+01
9.997499999999999432e+01
9.997499999999999432e+01
9.997499999999999432e+01
9.995000000000000284e+01
9.999166666666666003e+01
9.997499999999999432e+01
9.997499999999999432e+01
9.996666666666666856e+01
9.996666666666666856e+01
9.997499999999999432e+01
9.996666666666666856e+01
9.996666666666666856e+01
9.997499999999999432e+01
9.997499999999999432e+01
9.997499999999999432e+01
9.997499999999999432e+01
1.000000000000000000e+02
9.994166666666666288e+01
9.998333333333333428e+01
9.997499999999999432e+01
9.997499999999999432e+01
9.998333333333333428e+01
9.994166666666666288e+01
9.997499999999999432e+01
9.997499999999999432e+01
9.996666666666666856e+01
9.995833333333332860e+01
9.995833333333332860e+01
9.993333333333333712e+01
9.996666666666666856e+01
9.992499999999999716e+01
9.995833333333332860e+01
9.995833333333332860e+01
9.998333333333333428e+01
9.995000000000000284e+01
9.995833333333332860e+01
9.995833333333332860e+01
9.995833333333332860e+01
9.995833333333332860e+01
9.995833333333332860e+01
9.995833333333332860e+01
9.996666666666666856e+01
9.996666666666666856e+01
9.996666666666666856e+01
9.996666666666666856e+01
9.996666666666666856e+01
9.994166666666666288e+01
1.000000000000000000e+02
9.994166666666666288e+01
9.998333333333333428e+01
9.997499999999999432e+01
9.995833333333332860e+01
9.996666666666666856e+01
9.996666666666666856e+01
9.996666666666666856e+01
9.996666666666666856e+01
9.996666666666666856e+01
9.996666666666666856e+01
9.997499999999999432e+01
9.997499999999999432e+01
9.997499999999999432e+01
1.000000000000000000e+02
9.995000000000000284e+01
9.999166666666666003e+01
9.997499999999999432e+01
9.998333333333333428e+01
9.997499999999999432e+01
9.997499999999999432e+01
9.999166666666666003e+01
9.998333333333333428e+01
9.998333333333333428e+01
9.998333333333333428e+01
9.999166666666666003e+01
9.999166666666666003e+01
9.999166666666666003e+01
9.999166666666666003e+01
1.000000000000000000e+02
9.994166666666666288e+01
1.000000000000000000e+02
9.997499999999999432e+01
1.000000000000000000e+02
9.999166666666666003e+01
1.000000000000000000e+02
1.000000000000000000e+02
1.000000000000000000e+02
9.998333333333333428e+01
1.000000000000000000e+02
1.000000000000000000e+02
1.000000000000000000e+02
1.000000000000000000e+02
1.000000000000000000e+02
9.999166666666666003e+01
1.000000000000000000e+02
9.999166666666666003e+01
1.000000000000000000e+02
1.000000000000000000e+02
1.000000000000000000e+02
1.000000000000000000e+02
1.000000000000000000e+02
1.000000000000000000e+02
1.000000000000000000e+02
1.000000000000000000e+02
1.000000000000000000e+02
1.000000000000000000e+02
1.000000000000000000e+02
1.000000000000000000e+02
1.000000000000000000e+02
1.000000000000000000e+02
1.000000000000000000e+02
1.000000000000000000e+02
1.000000000000000000e+02
1.000000000000000000e+02
1.000000000000000000e+02
1.000000000000000000e+02
9.999166666666666003e+01
1.000000000000000000e+02
1.000000000000000000e+02
1.000000000000000000e+02
1.000000000000000000e+02
1.000000000000000000e+02
1.000000000000000000e+02
1.000000000000000000e+02
1.000000000000000000e+02
1.000000000000000000e+02
1.000000000000000000e+02
1.000000000000000000e+02
1.000000000000000000e+02
1.000000000000000000e+02
1.000000000000000000e+02
1.000000000000000000e+02
1.000000000000000000e+02
1.000000000000000000e+02
1.000000000000000000e+02
1.000000000000000000e+02
9.999166666666666003e+01
1.000000000000000000e+02
1.000000000000000000e+02
9.999166666666666003e+01
1.000000000000000000e+02
1.000000000000000000e+02
1.000000000000000000e+02
1.000000000000000000e+02
1.000000000000000000e+02
1.000000000000000000e+02
1.000000000000000000e+02
1.000000000000000000e+02
1.000000000000000000e+02
1.000000000000000000e+02
1.000000000000000000e+02
1.000000000000000000e+02
1.000000000000000000e+02
1.000000000000000000e+02
1.000000000000000000e+02
1.000000000000000000e+02
1.000000000000000000e+02
1.000000000000000000e+02
1.000000000000000000e+02
1.000000000000000000e+02
1.000000000000000000e+02
1.000000000000000000e+02
1.000000000000000000e+02
1.000000000000000000e+02
1.000000000000000000e+02
1.000000000000000000e+02
1.000000000000000000e+02
1.000000000000000000e+02
1.000000000000000000e+02
1.000000000000000000e+02
1.000000000000000000e+02
1.000000000000000000e+02
1.000000000000000000e+02
1.000000000000000000e+02
1.000000000000000000e+02
1.000000000000000000e+02
1.000000000000000000e+02
1.000000000000000000e+02
1.000000000000000000e+02
1.000000000000000000e+02
1.000000000000000000e+02
1.000000000000000000e+02
1.000000000000000000e+02
1.000000000000000000e+02
1.000000000000000000e+02
1.000000000000000000e+02
1.000000000000000000e+02
1.000000000000000000e+02
1.000000000000000000e+02
1.000000000000000000e+02
1.000000000000000000e+02
1.000000000000000000e+02
1.000000000000000000e+02
1.000000000000000000e+02
1.000000000000000000e+02
1.000000000000000000e+02
1.000000000000000000e+02
1.000000000000000000e+02
1.000000000000000000e+02
1.000000000000000000e+02
1.000000000000000000e+02
1.000000000000000000e+02
1.000000000000000000e+02
1.000000000000000000e+02
1.000000000000000000e+02
1.000000000000000000e+02
1.000000000000000000e+02
1.000000000000000000e+02
1.000000000000000000e+02
1.000000000000000000e+02
1.000000000000000000e+02
1.000000000000000000e+02
1.000000000000000000e+02
1.000000000000000000e+02
1.000000000000000000e+02
1.000000000000000000e+02
1.000000000000000000e+02
1.000000000000000000e+02
1.000000000000000000e+02
1.000000000000000000e+02
1.000000000000000000e+02
1.000000000000000000e+02
1.000000000000000000e+02
1.000000000000000000e+02
1.000000000000000000e+02
1.000000000000000000e+02
1.000000000000000000e+02
1.000000000000000000e+02
1.000000000000000000e+02
1.000000000000000000e+02
1.000000000000000000e+02
1.000000000000000000e+02
1.000000000000000000e+02
1.000000000000000000e+02
1.000000000000000000e+02
1.000000000000000000e+02
1.000000000000000000e+02
1.000000000000000000e+02
1.000000000000000000e+02
1.000000000000000000e+02
1.000000000000000000e+02
1.000000000000000000e+02
1.000000000000000000e+02
1.000000000000000000e+02
1.000000000000000000e+02
1.000000000000000000e+02
1.000000000000000000e+02
1.000000000000000000e+02
1.000000000000000000e+02
1.000000000000000000e+02
1.000000000000000000e+02
1.000000000000000000e+02
1.000000000000000000e+02
1.000000000000000000e+02
1.000000000000000000e+02
1.000000000000000000e+02
1.000000000000000000e+02
1.000000000000000000e+02
1.000000000000000000e+02
1.000000000000000000e+02
1.000000000000000000e+02
1.000000000000000000e+02
1.000000000000000000e+02
1.000000000000000000e+02
1.000000000000000000e+02
1.000000000000000000e+02
1.000000000000000000e+02
1.000000000000000000e+02
1.000000000000000000e+02
1.000000000000000000e+02
1.000000000000000000e+02
1.000000000000000000e+02
1.000000000000000000e+02
1.000000000000000000e+02
1.000000000000000000e+02
1.000000000000000000e+02
1.000000000000000000e+02
1.000000000000000000e+02
1.000000000000000000e+02
1.000000000000000000e+02
1.000000000000000000e+02
1.000000000000000000e+02
1.000000000000000000e+02
1.000000000000000000e+02
1.000000000000000000e+02
1.000000000000000000e+02
1.000000000000000000e+02
1.000000000000000000e+02
1.000000000000000000e+02
1.000000000000000000e+02
1.000000000000000000e+02
1.000000000000000000e+02
1.000000000000000000e+02
1.000000000000000000e+02
1.000000000000000000e+02
1.000000000000000000e+02
1.000000000000000000e+02
1.000000000000000000e+02
1.000000000000000000e+02
1.000000000000000000e+02
1.000000000000000000e+02
1.000000000000000000e+02
1.000000000000000000e+02
