8.945625405921805995e-02
1.060065794993502591e-01
7.021860602396975959e-02
4.923078873194258742e-02
8.669350651563700882e-02
6.624684757929657011e-03
3.673208316233324972e-02
3.900097370303613233e-03
1.343101871137713718e-02
9.297760394206655565e-03
2.682939504575329939e-03
7.768635778137467085e-03
2.025408699133089338e-03
1.708628036833373821e-03
2.687657473519973646e-03
1.205444275758042446e-03
8.895908404448824155e-04
1.095550228921592225e-03
6.612591921226517507e-04
5.353667267821984529e-04
7.107209945464643608e-04
4.449403487548669509e-04
3.997629841770863023e-04
3.613501272900715780e-04
3.141616126830683179e-04
3.235383094923511313e-04
5.148448523615737705e-04
2.584721298496568936e-04
3.947600966518920781e-04
2.652188247302094261e-04
2.535798502155252408e-04
2.438062038289920993e-04
2.630217746065807022e-04
2.778180458803241595e-04
2.682495740819195069e-04
2.297263555487544218e-04
2.810673346584609614e-04
2.210307835639328572e-04
2.139529087531365985e-04
2.032851015346578949e-04
2.159140495625385011e-04
2.006651032407807153e-04
2.135806035132318734e-04
2.200954205342787453e-04
1.873413126682430972e-04
2.247597090724569942e-04
1.930055433015265157e-04
2.147489052663537523e-04
1.947629047324293448e-04
1.912463646034138717e-04
1.918341453362331132e-04
1.888675896642469073e-04
1.853584309576138567e-04
1.878782977155163761e-04
1.817311211862165238e-04
1.750868277397946724e-04
2.156902859700223103e-04
1.788157115596712666e-04
1.999538689044273601e-04
1.831168006789963708e-04
1.805362686544456890e-04
1.852271022785093588e-04
1.720189929189290621e-04
1.791311633126051010e-04
1.655595532903217533e-04
1.764916849954010873e-04
1.693888229095090610e-04
1.656844839073615637e-04
1.616081536622478718e-04
1.877751311285946875e-04
1.672216134497281933e-04
1.681426120053292040e-04
1.623024157193200985e-04
1.748398244269826120e-04
1.387892854956577972e-04
1.678024800883900396e-04
1.697639432782102554e-04
1.437488695335953478e-04
1.560419817213770893e-04
1.456335258984058707e-04
1.527219132353946449e-04
1.337314486223425871e-04
1.417202737520332947e-04
1.280000797412069586e-04
1.468266696517195400e-04
1.256959833018943035e-04
1.343946478023796108e-04
1.287112596954761371e-04
1.274431403062122655e-04
1.260301130314042889e-04
1.249653477320076514e-04
1.119891629292329321e-04
1.167741353775622322e-04
1.074742980103129546e-04
1.219731180031527603e-04
1.003067722146557705e-04
1.706684347504262378e-04
1.049939091060186441e-04
1.253782899097275090e-04
9.863743434601330955e-05
1.137755960130250945e-04
1.044670051443468908e-04
1.044751641634245179e-04
1.039507814401728842e-04
1.104975765751840501e-04
1.141469645609178061e-04
1.165186551020200599e-04
1.391712657334419237e-04
1.022597512214290955e-04
1.423337596663983571e-04
1.143781340267790769e-04
1.387687657516673944e-04
1.228977187652870206e-04
1.332233797269074648e-04
1.201711672430459080e-04
1.223516541700447207e-04
1.237562397134521713e-04
1.268212134605413411e-04
1.296979896548695172e-04
1.348570539274448392e-04
1.653901601908022332e-04
1.303770950640676903e-04
1.614576967987509375e-04
1.471998537507128782e-04
1.431616036107545803e-04
1.507663147036475133e-04
1.457499807173267962e-04
1.497868654484294524e-04
1.546506438366154691e-04
1.639381998764749646e-04
1.502611859500803696e-04
2.144128936606111760e-04
1.433627549766516851e-04
1.696646306596006671e-04
1.375839489850644542e-04
1.405909807727061939e-04
1.282601441763903853e-04
1.673477099193649209e-04
1.439061269420761143e-04
1.315385777660083488e-04
1.319955403798263207e-04
1.242518386495200283e-04
1.562390878661700617e-04
1.317418493458800022e-04
1.332568949290638784e-04
1.239539478877041976e-04
1.207943062048805796e-04
1.505326711071690380e-04
1.112198841605076597e-04
1.474094433583945235e-04
1.284821010865907522e-04
1.206810451563408032e-04
1.323107699474779383e-04
1.206184067939435853e-04
1.400168531067715277e-04
1.384687902573188286e-04
1.390532089758668151e-04
1.384970259905412475e-04
1.458588263180717591e-04
1.233589513778277080e-04
1.304847089214457095e-04
1.532964392527571911e-04
1.480251643326798219e-04
1.460558334547282168e-04
1.489016755372076374e-04
1.330192523506978279e-04
1.468774268284771950e-04
1.456753123363866299e-04
1.352297773122626545e-04
1.468618828027088666e-04
1.473496192654039181e-04
1.474806955157551415e-04
1.467404296649591508e-04
2.251559423602184995e-04
1.314405741544078302e-04
1.909151936262294680e-04
1.442844042676741899e-04
1.611164353312875320e-04
1.409568281159874015e-04
1.467838849163934924e-04
1.558104231397346368e-04
1.495738015979683813e-04
1.530323164405755331e-04
1.447359814169736246e-04
1.407566841399820979e-04
1.391956659908400839e-04
1.341287520464223024e-04
1.401606195823376243e-04
8.772677624368671286e-05
1.400385264553995548e-04
1.053984651877572481e-04
1.323010861994262379e-04
1.209304825136241310e-04
1.174500023033152486e-04
1.603086258158890030e-04
1.444221287988974988e-04
1.115431725517646239e-04
1.186791991440978795e-04
1.284688350703762827e-04
1.291109572257002501e-04
1.114874258640686442e-04
1.135626623163846601e-04
1.098582741410688993e-04
1.064913380673691639e-04
1.191455668846383507e-04
1.148296608365730390e-04
1.121670266082588620e-04
1.126502058186676245e-04
9.376763424461048377e-05
1.229394874851585733e-04
9.194974892816347347e-05
1.030725965110070442e-04
1.012399383789118576e-04
9.899307520520844023e-05
9.521687450287654418e-05
1.057744833100948879e-04
8.811588377221276649e-05
9.521614014755417016e-05
9.964379511576846790e-05
9.443222934838366145e-05
9.317593707399296086e-05
9.189577949255153366e-05
7.185861750899921816e-05
9.898711782260154852e-05
6.133025055882836184e-05
7.746457443603621605e-05
9.596162563780454165e-05
7.608072403571032344e-05
8.187197201489159295e-05
8.287043768152818439e-05
9.002830885038515317e-05
7.897828281921924465e-05
8.337206750767444578e-05
7.956370202840158125e-05
8.085553483331797101e-05
8.045053896020721033e-05
7.875715942519651935e-05
6.214859511563033403e-05
9.375691022283466050e-05
6.530677225071034758e-05
7.672214195379449173e-05
7.933010374606589777e-05
8.575337166166012415e-05
6.790354497753447148e-05
7.268614783223492637e-05
7.200461841864352116e-05
7.291607424726249042e-05
7.584872351223416985e-05
7.515787930150187568e-05
8.517995389861816760e-05
6.097955793114021923e-05
8.114812361250292702e-05
7.051201010004577783e-05
7.499669464109862778e-05
7.066591351589048453e-05
7.329784758128773405e-05
7.179024662399675308e-05
7.164637195339863492e-05
7.204578164278083380e-05
6.797150405119255267e-05
7.666338536187185606e-05
6.033199069801336716e-05
6.855999972403046638e-05
7.076486644951092311e-05
6.879637120668950171e-05
6.589398516703884974e-05
6.790134039073386857e-05
6.786223196653992488e-05
6.721405342387819280e-05
7.334227165724109857e-05
5.959564447348666342e-05
7.494931712953430646e-05
6.561675542931026900e-05
6.867314153348496241e-05
6.153803076181207617e-05
7.546211588030932583e-05
5.992202764017330569e-05
6.497458515402700400e-05
6.469481535072506122e-05
6.190574494840501648e-05
7.642587223994485018e-05
6.765831411011959638e-05
6.641399601715642243e-05
6.755487546116840025e-05
6.781879546624419166e-05
6.755000845698569704e-05
6.773614589423018544e-05
6.811054510484413997e-05
7.522077299958903587e-05
7.508166082148305936e-05
6.540487269209915367e-05
7.139737270980230555e-05
6.881113534053873236e-05
6.692845416535713040e-05
7.027328397117141637e-05
7.517310792603690230e-05
6.024584496787615504e-05
6.700173564318920500e-05
6.744480904956785957e-05
6.705423695503068238e-05
6.792231025257459889e-05
6.655870497627990338e-05
6.677545308110537255e-05
6.423994345069038050e-05
8.662222332095138356e-05
5.873679342487648732e-05
7.504882985435576881e-05
6.258185600567915696e-05
6.366194758184376000e-05
6.265888682099255824e-05
6.921744421933858477e-05
6.099301432462043233e-05
6.985643151187378953e-05
6.782019474574807645e-05
6.804913662257817161e-05
7.038734615417948693e-05
5.783403398280024578e-05
7.381032094243194564e-05
5.378043569986480806e-05
6.774066733365158017e-05
6.786879413925891828e-05
6.841731294440420164e-05
6.506565258724284471e-05
6.370131251016072633e-05
8.215852064761294902e-05
5.727158538579505526e-05
7.391544122118972433e-05
6.206883363396718432e-05
6.619711084317243962e-05
6.593003343294507950e-05
6.627367259360087120e-05
6.562740912817007703e-05
6.491432989740713048e-05
6.243475277510908525e-05
7.621719801022507057e-05
5.424669648465766237e-05
6.672824867722024331e-05
6.476073083831487105e-05
6.869393706828168158e-05
6.919396892073638179e-05
6.287649200718915311e-05
6.836016795200178264e-05
6.877601691121414877e-05
6.658345164255497525e-05
6.718340146224954942e-05
6.689979539892602879e-05
6.916061242381867059e-05
4.596796504993397656e-05
7.332279137924201822e-05
6.060918642991152907e-05
6.706021772387313557e-05
6.676961582287088475e-05
5.855122486794713438e-05
7.307577695267972477e-05
6.190031980197223057e-05
6.687835938616796638e-05
6.721064339634229550e-05
6.745055949935298896e-05
6.752357521772578387e-05
7.507060274757367923e-05
6.504018244369471464e-05
7.964050792524636707e-05
6.788496183159775524e-05
6.960071801643870229e-05
6.157786170268342069e-05
7.274793545954210381e-05
6.466277050457026074e-05
7.001613856988423378e-05
6.562318306975583877e-05
6.727376329736447374e-05
6.686858047254491991e-05
6.639868618774994184e-05
6.576739552457794259e-05
6.716003146109399819e-05
6.646465653799679869e-05
6.705370856317267739e-05
6.394279583921834334e-05
7.619928049858920637e-05
4.679192403391152716e-05
7.173184469726988897e-05
5.542890416473567517e-05
6.196115162951838795e-05
6.784940987427584352e-05
6.607581368231993412e-05
6.717318388760433738e-05
6.523371766362773402e-05
6.555135007548220315e-05
6.416103640223219206e-05
6.341529523999929322e-05
6.145041079139180464e-05
5.969996692660047249e-05
5.968763366312259690e-05
4.756162859118775554e-05
6.924320924112784318e-05
5.188971186488529385e-05
6.124183583295141357e-05
5.769482554700370989e-05
5.924049863912798285e-05
6.003576344631468136e-05
5.238719291968220107e-05
5.504508148336631794e-05
5.557262787669206105e-05
5.548061721584983814e-05
5.453648383057577018e-05
5.316386282578232418e-05
5.121679938752496413e-05
4.874039403136004844e-05
4.518295845585225726e-05
6.992001792438182206e-05
4.014635391080327668e-05
6.053465897365902648e-05
4.642261645615928920e-05
5.105658880413029704e-05
4.696636513175102393e-05
4.672377849384660309e-05
4.420586801544513302e-05
5.578018635159688479e-05
4.523780099827030300e-05
4.594617325865646239e-05
4.469052779647862840e-05
4.352916844447669934e-05
4.197417895047253136e-05
4.945017949910764424e-05
3.903692335647042280e-05
4.809620292715889036e-05
3.947134978391241461e-05
4.400622784652490310e-05
4.376785417030011334e-05
4.340041435091296021e-05
4.123823254431820026e-05
4.094931189108122992e-05
3.462904501869034415e-05
4.299737796050699651e-05
3.797244588710458414e-05
4.218113761431541170e-05
4.088142379202166832e-05
4.093279934728416509e-05
4.119510710991308283e-05
4.089924015055908902e-05
4.140678761123529450e-05
4.159075994280248635e-05
4.169469715818583988e-05
4.189295523052876183e-05
4.156904475742346318e-05
3.951294680123083826e-05
4.925809918605181600e-05
3.781759021655930212e-05
4.417211703516858771e-05
3.927289106203069274e-05
4.049562083324602954e-05
3.986480062627442792e-05
4.102216602910155368e-05
4.156904981997244211e-05
3.938817781985198574e-05
4.275135991061435720e-05
3.974218917194029911e-05
4.038318992055617258e-05
4.060853167206753201e-05
4.033694696507168016e-05
4.037527021730590021e-05
4.204471490829238842e-05
4.153395837102237672e-05
4.177461691752032733e-05
4.317642692129170905e-05
3.979467325316032617e-05
4.875114283989993684e-05
3.122459252511788317e-05
3.900856327943931685e-05
4.670058104343698059e-05
3.954359008763270528e-05
4.370029802793024758e-05
3.864825125205869553e-05
4.082747796614818748e-05
4.179824762977808761e-05
3.881920043489383638e-05
3.879983317228290771e-05
3.768077288456409305e-05
3.361675403982101844e-05
3.783812175987338259e-05
2.843194276032796750e-05
3.729785378231533958e-05
3.162232058860574139e-05
3.652710853690151676e-05
3.575175248594763416e-05
3.546045155753596763e-05
3.476591800893704586e-05
3.499569213916566923e-05
3.276734636649112530e-05
3.203708027372992236e-05
3.408422246971856494e-05
2.669650750021451766e-05
3.679936706240273509e-05
2.496127438335264789e-05
2.890090406840622902e-05
2.889951457686432975e-05
2.780325403090112675e-05
2.754648290480489925e-05
2.908638067682323014e-05
2.906396481212765776e-05
2.895149483690670814e-05
2.878631594230466210e-05
2.871923466873578217e-05
2.667702124699238795e-05
2.772899024620179581e-05
2.612273778431589125e-05
2.615649290411088326e-05
2.353630596571860815e-05
3.269076734222474152e-05
2.468725191051690036e-05
2.905063102910900632e-05
2.460826605817876276e-05
2.801536964629466466e-05
2.497556975481412611e-05
2.655941988371004019e-05
2.633012384392264578e-05
2.628092319360184569e-05
2.537025558131623861e-05
2.849359930497348252e-05
2.237428297639181319e-05
2.748167188085931184e-05
2.521096044545714801e-05
2.612851434447292491e-05
2.625879085179518607e-05
2.503479442620653152e-05
2.518053769189115338e-05
2.534865833953108187e-05
2.544967513558091441e-05
2.560782507345536540e-05
2.618778308666879442e-05
2.551609508205222816e-05
2.927568728137427151e-05
1.820956730252455170e-05
3.103961158543898846e-05
2.074101758838305793e-05
2.695426050627433459e-05
2.370741838007210493e-05
2.664050978760391434e-05
2.567924639185472651e-05
2.590637925220998832e-05
2.624553282159998907e-05
2.568541454930907715e-05
2.591585787689479163e-05
2.587364451971093185e-05
2.351927304588343230e-05
2.566468211942242903e-05
2.639004619350925645e-05
2.341934762373025763e-05
3.018949155560141746e-05
2.357548285913669463e-05
2.674803756848801578e-05
2.570308276091559069e-05
2.700478305939571161e-05
2.665178558653840670e-05
2.563191588113321846e-05
2.582618369289937861e-05
2.627486894978375674e-05
2.673802355306237026e-05
2.621488976721107148e-05
2.623174486513331149e-05
2.637344033350322425e-05
2.653961399501431065e-05
2.674855053066419657e-05
2.763367104619241329e-05
2.192262081320480661e-05
2.967380902686109358e-05
2.561722384255647186e-05
2.646515887360635668e-05
2.818693836223002482e-05
2.368426667936474373e-05
2.745232127832136095e-05
2.769279794576549148e-05
2.805822265449250767e-05
2.696142840582697216e-05
2.714861426272456284e-05
2.726382765787554367e-05
2.736685571888803375e-05
2.889066274941527027e-05
2.306198582379641039e-05
3.238829351893110687e-05
2.698377937329549372e-05
2.902973252295782495e-05
2.782198210273368496e-05
2.814592298325362390e-05
2.812330004247913826e-05
2.821553987448881330e-05
2.705722626730603766e-05
2.932458195113800100e-05
2.505160466411240124e-05
2.991502872944534050e-05
2.763160192928593246e-05
2.821190862932787703e-05
2.654454683476623530e-05
2.979673030549251305e-05
2.732214689145644705e-05
2.728514163998077419e-05
2.744968266215777763e-05
2.672551021560171406e-05
2.817063908089023120e-05
3.276336203784340747e-05
2.663601195064222118e-05
3.025183501437681187e-05
2.710813507022682194e-05
2.807938717781264130e-05
2.775369725714021575e-05
2.823964370413074794e-05
2.807114697650700744e-05
2.814014614718559926e-05
2.782547970871362473e-05
2.792338129136296481e-05
2.773145804518117326e-05
2.761645424224355206e-05
2.769566205735634392e-05
3.108262268804345328e-05
2.318481019044740560e-05
3.065804595609541874e-05
2.846438062225186690e-05
2.626727906502951892e-05
2.967814751872193156e-05
2.772989131892423777e-05
2.829991633713330282e-05
2.783363295645436235e-05
2.781715153625189806e-05
2.815787160250109232e-05
2.806761415642556936e-05
2.487792915235906928e-05
2.933224551511794698e-05
2.641418885648264583e-05
2.808265541273410494e-05
2.747385755938530890e-05
2.739409561516262682e-05
2.714116720424099898e-05
2.736495552750238866e-05
