2.234924536695082953e+00
2.148886592686176211e+00
2.110153488566477886e+00
2.093624990185101620e+00
2.087353686243295758e+00
2.084625863532225232e+00
2.083422341446081738e+00
2.082439216474691879e+00
2.081989172101020635e+00
2.081196647882461725e+00
2.080754845589399160e+00
2.080817704399426926e+00
2.079721615711847882e+00
2.079841586947440923e+00
2.079739303390184979e+00
2.079056415458520046e+00
2.078365568319956669e+00
2.078426456948121448e+00
2.077807478109995554e+00
2.077080702284971991e+00
2.077551763753096470e+00
2.076701951026916682e+00
2.076078806320826420e+00
2.076152907311916263e+00
2.075382834672927945e+00
2.074978353083133609e+00
2.075058304270108511e+00
2.074644861121972550e+00
2.074320771296819022e+00
2.073677880565325538e+00
2.072963516414165319e+00
2.072343700130780508e+00
2.072342920303344549e+00
2.072164284189542016e+00
2.071625538170337677e+00
2.071309352914492141e+00
2.070791642367839636e+00
2.070534949004650294e+00
2.069827521840731155e+00
2.069667071352402576e+00
2.069104275604089160e+00
2.068924931933482370e+00
2.068698248515526306e+00
2.068001185854276169e+00
2.067267370720704545e+00
2.067395441730817129e+00
2.066934547573327841e+00
2.066078951954841703e+00
2.065963602811097921e+00
2.066006470719973453e+00
2.064430072903633118e+00
2.064474266270796665e+00
2.064023943245410830e+00
2.063865257054567248e+00
2.063326240082581808e+00
2.062831146021684159e+00
2.062199255824089139e+00
2.062332056462764740e+00
2.061487041910489371e+00
2.060564696292082498e+00
2.060537357131640324e+00
2.060327892998854438e+00
2.059828594078620068e+00
2.058871733148892602e+00
2.058749167124430457e+00
2.057986544569333276e+00
2.057441299408674151e+00
2.057250389208396424e+00
2.056359217812617768e+00
2.055645902454853235e+00
2.055377630641062936e+00
2.054838281124830246e+00
2.054627945274114520e+00
2.053622931490342030e+00
2.053033537914355389e+00
2.053193694353103727e+00
2.051934912055730642e+00
2.052062419305245022e+00
2.051179457207520596e+00
2.050160711258649737e+00
2.049952283253272167e+00
2.049628947675228297e+00
2.048829521735509029e+00
2.048088945448398590e+00
2.047480330864588360e+00
2.046930756668249973e+00
2.046569324533144663e+00
2.045599695791800787e+00
2.045276909818251720e+00
2.044579722980658154e+00
2.044093873848517706e+00
2.043325469394524863e+00
2.042418091744184316e+00
2.042067602525154957e+00
2.041269117593765170e+00
2.040620768070220858e+00
2.039910011986891369e+00
2.039015947282314389e+00
2.038560350487629513e+00
2.037630923092365265e+00
2.037552029639482676e+00
2.036244145035743802e+00
2.035512186586856842e+00
2.034852976848681827e+00
2.034355945388476083e+00
2.033229924241701791e+00
2.033101798593997867e+00
2.031922932962576756e+00
2.030782452722390552e+00
2.030329608420530896e+00
2.029532158871491632e+00
2.028514034797747723e+00
2.027754732221365153e+00
2.027388714998960673e+00
2.026503360768159290e+00
2.025360991060733973e+00
2.024268289158741574e+00
2.023569135367870420e+00
2.022875387966633021e+00
2.021801327168941675e+00
2.021303385992844870e+00
2.020038056125243564e+00
2.019042675445477109e+00
2.018242318928241907e+00
2.017589969436327735e+00
2.016453487922747811e+00
2.015381500373284229e+00
2.014672843863566598e+00
2.013325348496437073e+00
2.011970661580562592e+00
2.011738208681344897e+00
2.010419321060180842e+00
2.009599386900663198e+00
2.008469653377930264e+00
2.007549508909384439e+00
2.006369883070389548e+00
2.005428256094455630e+00
2.004014133165279876e+00
2.003305743883053491e+00
2.002130961418151944e+00
2.000642415632804205e+00
1.999892224371433214e+00
1.998819019397099828e+00
1.997677060961723372e+00
1.996261164297660207e+00
1.995760978013277009e+00
1.994358032445112894e+00
1.993208056191603239e+00
1.991689462959766344e+00
1.990743078539768840e+00
1.989531880120436247e+00
1.987836828827858060e+00
1.987054740885893400e+00
1.985500334948301360e+00
1.984178729852040579e+00
1.982860345393419266e+00
1.982125707715749696e+00
1.980712040017048592e+00
1.979650387167930514e+00
1.977730507651964897e+00
1.977075442175070474e+00
1.975422043601671840e+00
1.974009456237157289e+00
1.972618371993303255e+00
1.971827074140310332e+00
1.969731864084800055e+00
1.968468470623095934e+00
1.967139023790756891e+00
1.966490256786346480e+00
1.964659725874662310e+00
1.962757926434278488e+00
1.961298886189858148e+00
1.959882347534100289e+00
1.958780647069215730e+00
1.957142279297113374e+00
1.955395402262608107e+00
1.953876792391141315e+00
1.952484854559103589e+00
1.950853068629900600e+00
1.949316255996624614e+00
1.948160872608423189e+00
1.946465159207582563e+00
1.945241936296224550e+00
1.943418369193871786e+00
1.941957309842109680e+00
1.940244173010190254e+00
1.938445723553498645e+00
1.936951662103335137e+00
1.935431330154339546e+00
1.933844186862309744e+00
1.931997390339771803e+00
1.930556399126847511e+00
1.928986342251300723e+00
1.926878320922454257e+00
1.925461536397536699e+00
1.924272881944974367e+00
1.922177722305059344e+00
1.920580684393644377e+00
1.919142873833576735e+00
1.917109523713588670e+00
1.915300888319810158e+00
1.913451871772607227e+00
1.912162646154562662e+00
1.910252931217352623e+00
1.908263117571671774e+00
1.906616946309804828e+00
1.904745899637540152e+00
1.903229634712139795e+00
1.901226934542258551e+00
1.899647834648688693e+00
1.898226056247949600e+00
1.896269473930199956e+00
1.894677092383305173e+00
1.892437030623356442e+00
1.890605338414510062e+00
1.889197522401809604e+00
1.886800926427046443e+00
1.885441947231690119e+00
1.883614361534516002e+00
1.881551474581162120e+00
1.879786724597215741e+00
1.877826827267805809e+00
1.876450059562921435e+00
1.874486125012238880e+00
1.872669350107510899e+00
1.870410464455684041e+00
1.868297705799341291e+00
1.866734102120002126e+00
1.865189950416485498e+00
1.863139963895082518e+00
1.861001108586788133e+00
1.859250670174757536e+00
1.857612910618384738e+00
1.855771148701508944e+00
1.853968846797943160e+00
1.851643603046735143e+00
1.850111730645100261e+00
1.847660530606905605e+00
1.846368999530871635e+00
1.843930833538373282e+00
1.842189834763606315e+00
1.839791008830070407e+00
1.838276169945796346e+00
1.836525600155194615e+00
1.834587583939234490e+00
1.832486177732547183e+00
1.830562667548656375e+00
1.828937789052724749e+00
1.826825480163097426e+00
1.825067245215177492e+00
1.822894582649072115e+00
1.821155319859584232e+00
1.819302593668301826e+00
1.817716240386168192e+00
1.815303347259759947e+00
1.813299628098805849e+00
1.811380972464879280e+00
1.809450043241182859e+00
1.807497978955507234e+00
1.805522214869658137e+00
1.803709203253189619e+00
1.802222092698017697e+00
1.799860796829064746e+00
1.797923013071219156e+00
1.796158523609240776e+00
1.794086495538552706e+00
1.792167706787586301e+00
1.790610019614299109e+00
1.788146451860666231e+00
1.786457995325327008e+00
1.784434639910856824e+00
1.782367108762264341e+00
1.780584857612848237e+00
1.779205753405888935e+00
1.776997873435417707e+00
1.774818142006794552e+00
1.772999436656633954e+00
1.771100546171267887e+00
1.769320487479368875e+00
1.767693979541460569e+00
1.765666680286327894e+00
1.763670435299476091e+00
1.761471057434876863e+00
1.759661266952753156e+00
1.757856187721093422e+00
1.755806439866622215e+00
1.753864371279875378e+00
1.752125509331623698e+00
1.750158678243557642e+00
1.748337197055419345e+00
1.746547626952330345e+00
1.744809642434120178e+00
1.742605321109294891e+00
1.741232391943534186e+00
1.738963649173577597e+00
1.737202620754639382e+00
1.735246861229340132e+00
1.733483304828405291e+00
1.731848722944657082e+00
1.729878070702155490e+00
1.728029763450225298e+00
1.726314405103524630e+00
1.724222174038489763e+00
1.722529472162326103e+00
1.720801167935132936e+00
1.719141003986199623e+00
1.717330888907114606e+00
1.715548540651798293e+00
1.713470221062501242e+00
1.711525348325570350e+00
1.709498811264832829e+00
1.707795190562804599e+00
1.706057784209648709e+00
1.703943998118241598e+00
1.702475594977537865e+00
1.700870856642723083e+00
1.698659900079170892e+00
1.697329550484816263e+00
1.695425795763731092e+00
1.693408188472191434e+00
1.691411268711090043e+00
1.689743867516517728e+00
1.688426134486993080e+00
1.686447759220997433e+00
1.684732635815938240e+00
1.683186527589956905e+00
1.681253297378619616e+00
1.679742161929607347e+00
1.677658204485972693e+00
1.675992378840843733e+00
1.674067634095748325e+00
1.672273847709099481e+00
1.670435206343730217e+00
1.669410275916258568e+00
1.667356051007906625e+00
1.665732230494419763e+00
1.664102931817372566e+00
1.662431894242763608e+00
1.660206459214289998e+00
1.658784085512161166e+00
1.657308515161275864e+00
1.655321586380402277e+00
1.653708232690890734e+00
1.651677388697862625e+00
1.650469358762105321e+00
1.648945175359646464e+00
1.647002298384904861e+00
1.645556543767452196e+00
1.643908909459908863e+00
1.642039169122775366e+00
1.640374859422445208e+00
1.639022762328386396e+00
1.637463441987832447e+00
1.635602411876122098e+00
1.634099644174178412e+00
1.632206806540489108e+00
1.630710204442342048e+00
1.629122986644506499e+00
1.627338668455680315e+00
1.625846052914857953e+00
1.624084642529487699e+00
1.622685033828020096e+00
1.621210331718127007e+00
1.619576688607533788e+00
1.617889267702897316e+00
1.616571726649999707e+00
1.614850313216447786e+00
1.613161512712637524e+00
1.611240578442811877e+00
1.610389501353104880e+00
1.608582584559917539e+00
1.606894116848707199e+00
1.605667289843161871e+00
1.604420121510823583e+00
1.602588963756958584e+00
1.601255109409491117e+00
1.599480208257834102e+00
1.598296919216712242e+00
1.596414350469907095e+00
1.594887691239516014e+00
1.593758222709099392e+00
1.592207350085178996e+00
1.590381316095590636e+00
1.588796091079711870e+00
1.587426846474409015e+00
1.586317630608876650e+00
1.584647176414728076e+00
1.583279478549957320e+00
1.581559731811285063e+00
1.580124563227097267e+00
1.578878000875314047e+00
1.577539522697528174e+00
1.575953510651985745e+00
1.574705084909995501e+00
1.572960106780131762e+00
1.571907834708690554e+00
1.570111940304438347e+00
1.568998219569524233e+00
1.567728390544652850e+00
1.566436966756979521e+00
1.565073389063278864e+00
1.563712628682454531e+00
1.562215772767861610e+00
1.560956847916046719e+00
1.559399798264106130e+00
1.557720455030600304e+00
1.556512993077437068e+00
1.555221012483040566e+00
1.554068637390931373e+00
1.552331786602735519e+00
1.551316461215416664e+00
1.550205745051304485e+00
1.548629817118247320e+00
1.547401165962219327e+00
1.546063749492168515e+00
1.545020813991626163e+00
1.543854733804861601e+00
1.542292082309722812e+00
1.541069688647985547e+00
1.539454107731580645e+00
1.538506236672401384e+00
1.537232606609662433e+00
1.536090972522894615e+00
1.534946934878826053e+00
1.533132236699263240e+00
1.532121018817027336e+00
1.530854359765847494e+00
1.529901483406623131e+00
1.528497571249803011e+00
1.527437337984641319e+00
1.526262709250052696e+00
1.524749238789081529e+00
1.523852993051211024e+00
1.522497669359048178e+00
1.521400335927804326e+00
1.520038996140162135e+00
1.519255279997984598e+00
1.517795738577842668e+00
1.516556158165137003e+00
1.515345041702190976e+00
1.514519604792197605e+00
1.513250421235958765e+00
1.511979957669973285e+00
1.510855284084876349e+00
1.509658232082923268e+00
1.508559879163900996e+00
1.507537368188301752e+00
1.506503357241551155e+00
1.505260333170493459e+00
1.504237926503022571e+00
1.503139416625102420e+00
1.501940101881821921e+00
1.500889875243107463e+00
1.500079671045144503e+00
1.498707615335782339e+00
1.497811921685934022e+00
1.496728662401437759e+00
1.495482869197924947e+00
1.494625976185003813e+00
1.493690854807694812e+00
1.492526926100254059e+00
1.491581386327743619e+00
1.490539057304461901e+00
1.489171620210011815e+00
1.488423333565394024e+00
1.487458661695321371e+00
1.486366964876651764e+00
1.485247191041707993e+00
1.484280587732791812e+00
1.483341202884912446e+00
1.482754965126514390e+00
1.481575484822193811e+00
1.480659153064092015e+00
1.479397802303234810e+00
1.478745942066113095e+00
1.477709492047627693e+00
1.476918531457583006e+00
1.475891779859860753e+00
1.474718288083871176e+00
1.473758105436960841e+00
1.472701606154441789e+00
1.471940824886163179e+00
1.471234393119811967e+00
1.470226731648047735e+00
1.469498532017072145e+00
1.468108090758323714e+00
1.467977605511744832e+00
1.466570554922024483e+00
1.465682957569758083e+00
1.464661961793899625e+00
1.464074388643105795e+00
1.463604678710301643e+00
1.462361036737759967e+00
1.461360727002223303e+00
1.460571247587601373e+00
1.459589591622352689e+00
1.459028038630882929e+00
1.457815400511026427e+00
1.457300619532664543e+00
1.455960437407096242e+00
1.455346584320068359e+00
1.454361752669016461e+00
1.453481968492269516e+00
1.453132867068052336e+00
1.452262903253237480e+00
1.450952627013126994e+00
1.450456684579451982e+00
1.449628117183844322e+00
1.448764508714278643e+00
1.448149808744589428e+00
1.447561987241109183e+00
1.446653122454881757e+00
1.445710792144139667e+00
1.445050199578205685e+00
1.444165604809920067e+00
1.443360253671805093e+00
1.442928202946980765e+00
1.441711144894361585e+00
1.441285687933365534e+00
1.440699223428964615e+00
1.439712127546469267e+00
1.438915737221638347e+00
1.438429965575536151e+00
1.437616855402787497e+00
1.436978617310523898e+00
1.436143521716197302e+00
1.435287839919328734e+00
1.434603307396173477e+00
1.433787783483664091e+00
1.433235869805018048e+00
1.432613901545604085e+00
1.431690712521473507e+00
1.431740673631429761e+00
1.430457126845916083e+00
1.430073298762241985e+00
1.429216014842192406e+00
1.428413320581118251e+00
1.427791818479696939e+00
1.427359425524870495e+00
1.426520708203315779e+00
1.425373085091511394e+00
1.425166481733322055e+00
1.424499284972747137e+00
1.423820843795935209e+00
1.422977591554323906e+00
1.422646876921256354e+00
1.422033282369375318e+00
1.421321139732996564e+00
1.420648073156674629e+00
1.420315956324338824e+00
1.419448684404293726e+00
1.418970459202925305e+00
1.418291767438252693e+00
1.417707817008097892e+00
1.417061346272627587e+00
1.416243526091178317e+00
1.415578033526738500e+00
1.415349039187034030e+00
1.414422157406806990e+00
1.413898790379365389e+00
1.413624489307403476e+00
1.413169433424870114e+00
1.412390839060147618e+00
1.411838927865028293e+00
1.411049314339955618e+00
1.410486883918444345e+00
1.410088112701972429e+00
1.409454644968112236e+00
1.409041710446278239e+00
1.408312114824851413e+00
1.407474913696447949e+00
1.407208247482776731e+00
1.406242891897757863e+00
1.405747540791829397e+00
1.405544740706682116e+00
1.404877389967441603e+00
1.404396715015173047e+00
1.403952803462743759e+00
1.403147554894288440e+00
1.402810079356034523e+00
1.402406352013349622e+00
1.401879405230283648e+00
1.401250464717546995e+00
1.400643912951151426e+00
1.399981851875782057e+00
1.399724868685007007e+00
1.399410344908634807e+00
1.399151134242614170e+00
1.398225698620080948e+00
1.397523235032955835e+00
1.397077618042627867e+00
1.396608875195185284e+00
1.396154315769672305e+00
1.395545114825169186e+00
1.395426037659247775e+00
1.395055382947127054e+00
1.394504035512606377e+00
1.393713147441546063e+00
1.393045842895905162e+00
1.392676518360773663e+00
1.392433110624551773e+00
1.392005884150663952e+00
1.391377298285563890e+00
1.391220110903183649e+00
1.390495063612858351e+00
1.389930046349763915e+00
1.389667873581250435e+00
1.388985242694616318e+00
1.388756520797808980e+00
1.388154534002145057e+00
1.387764354795217425e+00
1.387765955428282405e+00
1.386620739102363498e+00
1.386526240656773323e+00
1.385725948462883661e+00
1.385471175114313835e+00
1.385109407454728991e+00
1.384676449994246106e+00
1.384154465546210577e+00
1.384061068793137839e+00
1.383190701901912734e+00
1.383098781605561545e+00
1.382737662394841527e+00
1.382045378535985858e+00
1.381802702943484062e+00
1.381320811311403940e+00
1.380831732352574726e+00
1.380412626018126865e+00
1.379877426226933768e+00
1.379757346957922071e+00
1.379262443631887436e+00
1.379256853709618147e+00
1.378248860190312008e+00
1.377703867604335164e+00
1.377756491055091237e+00
1.377070214351018285e+00
1.376642015576362565e+00
1.376376143842935607e+00
1.376052534828583473e+00
1.375648369640111834e+00
1.375088299562533756e+00
1.374995056291421269e+00
1.374500586589177509e+00
1.373975448062022542e+00
1.373805526147286127e+00
1.373227913180987025e+00
1.373266751567522759e+00
1.372462772578000978e+00
1.372295801589886288e+00
1.371601016819476992e+00
1.371336684376001314e+00
1.371019276479880089e+00
1.370913768311341707e+00
1.370356433590253165e+00
1.369936265299717570e+00
1.369809651871522371e+00
1.369173885633548027e+00
1.369125679135322571e+00
1.368624638766050339e+00
1.368183096746603544e+00
1.367882830897966917e+00
1.367617614815632487e+00
1.367112785329421376e+00
1.366691022117932697e+00
1.366375829279422804e+00
1.366113509734471654e+00
1.365953329205513045e+00
1.365372787167628665e+00
1.365418666352828270e+00
1.364908991505702440e+00
1.364485938102006912e+00
1.364468852430582135e+00
1.364001993089914322e+00
1.363336994747320841e+00
1.363391529023647353e+00
1.362981697171926410e+00
1.362460737178722958e+00
1.362051452944676111e+00
1.361914106955130821e+00
1.361450007557869046e+00
1.361093357702096274e+00
1.360793824493885085e+00
1.360392390688260456e+00
1.360280256221691797e+00
1.360133426636457532e+00
1.359402828663587526e+00
1.359416415294011360e+00
1.358901094645261765e+00
1.358850261072317656e+00
1.358399499207735062e+00
1.358079746862252524e+00
1.358151421447594931e+00
1.357602881391843264e+00
1.356855285912752063e+00
1.356932073334852884e+00
1.356620309750238951e+00
1.356148231029510542e+00
1.355808483560880129e+00
1.355326121300458819e+00
1.355136076609293694e+00
1.355143876622120436e+00
1.354630095263322120e+00
1.354532432307799628e+00
1.354080682496229704e+00
1.353732953468958611e+00
1.353601192682981402e+00
1.353588942686716701e+00
1.352973171323537782e+00
1.352549736450115780e+00
1.352533816297849079e+00
1.351930108418067267e+00
1.352069587508837323e+00
1.351700194676717093e+00
1.351539568106333356e+00
1.350904978563388203e+00
1.350844089935223202e+00
1.350337359557549188e+00
1.349953547120094299e+00
1.349845301359891891e+00
1.349394018451372856e+00
1.349119052042563771e+00
1.349186162650585219e+00
1.348695614188909486e+00
1.348560089121262129e+00
1.348264346271753400e+00
1.347914298872152861e+00
1.347852417081594423e+00
1.347358754277229398e+00
1.346925344814856818e+00
1.347037755697965578e+00
1.346401190261045988e+00
1.346008502195278789e+00
1.346132650971412659e+00
1.345897902796665768e+00
1.345575332889954234e+00
1.345425935337940748e+00
1.344949684292078063e+00
1.344722723464170988e+00
1.344466910014549876e+00
1.344148164987564176e+00
1.344048922757307585e+00
1.343782997379700417e+00
1.343718512107928698e+00
1.343152862538893988e+00
1.342929183940092752e+00
1.342506739745537470e+00
1.342723631362120251e+00
1.342388656735420183e+00
1.341758679350217198e+00
1.341750077654918050e+00
1.341436658054590225e+00
1.341547852754592984e+00
1.340941669046878726e+00
1.340500712394714355e+00
1.340644100308418185e+00
1.340527263780434852e+00
1.340392628063758140e+00
1.339629119882981056e+00
1.339421120285987810e+00
1.339223192135492901e+00
1.339131708691517542e+00
1.338851476709048027e+00
1.338915627698103572e+00
1.338437322278817510e+00
1.338295210897922471e+00
1.338063930471738106e+00
1.337748084962367967e+00
1.337615148971478041e+00
1.337235974520444959e+00
1.337062740574280317e+00
1.337044602384170000e+00
1.336786584059397320e+00
1.336236182103554437e+00
1.336151876052220633e+00
1.335687500983476550e+00
1.335640857865413089e+00
1.335317317893107703e+00
1.335061995436747972e+00
1.334757580856482218e+00
1.334770972033341829e+00
1.334308748443921333e+00
1.334046158442894647e+00
1.334026354799668024e+00
1.333963103344043111e+00
1.333645345767339174e+00
1.333074142287174801e+00
1.333361498018105884e+00
1.332944113016128584e+00
1.332640560716390699e+00
1.332460647076368243e+00
1.332345240811506848e+00
1.332203969607750560e+00
1.331782211114962866e+00
1.331820041686296419e+00
1.331607986738284399e+00
1.331373827904462903e+00
1.330764240523179431e+00
1.330836454033851535e+00
1.330683967719475502e+00
1.330562425156434303e+00
1.330217734475930502e+00
1.330121832092603151e+00
1.329523677627245659e+00
1.329477136830488737e+00
1.329237436503171832e+00
1.328976458559433693e+00
1.328728977094093988e+00
1.328536794086297324e+00
1.328315331290165657e+00
1.328340742240349481e+00
1.328023222585519081e+00
1.327868172029654126e+00
1.327770289530356695e+00
1.327736696352561419e+00
1.327412265539169356e+00
1.326988489429155926e+00
1.326875683416922858e+00
1.326910031835238035e+00
1.326455965886513377e+00
1.326414154718319471e+00
1.326192788283030222e+00
1.325821809967358877e+00
1.325577916204929263e+00
1.325462333361307810e+00
1.325608690579732185e+00
1.324805323779582933e+00
1.325077881415684944e+00
1.324787987520297472e+00
1.324470372249682670e+00
1.324105156709750597e+00
1.324191041539112712e+00
1.324176652977864022e+00
1.323514255881309554e+00
1.323772275696198042e+00
1.323123210668563754e+00
1.323386664191881890e+00
1.322928876678148846e+00
1.322772667060295726e+00
1.322615082313617130e+00
1.322423038383324867e+00
1.321970636397600263e+00
1.321994136522213648e+00
1.321959286183118865e+00
1.321661009639501616e+00
1.321320412556330259e+00
1.321129893014828305e+00
1.321060176193714186e+00
1.321248230338096574e+00
1.320628411074479480e+00
1.320407627274592821e+00
1.320125214258829782e+00
1.320444365839163359e+00
1.319831463446219821e+00
1.319549117485682155e+00
1.319571441411972135e+00
1.319562563051779991e+00
1.319190681725740388e+00
1.318908765166997954e+00
1.319194368024667163e+00
1.318798375874757678e+00
1.318363517274459218e+00
1.318131735920906156e+00
1.318162603924671883e+00
1.318036616841951947e+00
1.317654866228501032e+00
1.317295845846335078e+00
1.317595480630795235e+00
1.317092549552520087e+00
1.316855129599571184e+00
1.316613011807203248e+00
1.316484282414118523e+00
1.316637652119000856e+00
1.316435179611047168e+00
1.316301361968119865e+00
1.315778724104166075e+00
1.315788401166597898e+00
1.315551673620939166e+00
1.315303806463877345e+00
1.314867726713419005e+00
1.314842869093020727e+00
1.314735904087622975e+00
1.314516932020584727e+00
1.314644744247198016e+00
1.314320652186870664e+00
1.314018660038709596e+00
1.314394057790438275e+00
1.313931244363387485e+00
1.313597782204548592e+00
1.313525243600209613e+00
1.313243288298447942e+00
1.313222967584927847e+00
1.312877391775449043e+00
1.312544238815704922e+00
1.312382934490839537e+00
1.312323529769976904e+00
1.312213642150163562e+00
1.312050345291694065e+00
1.311932051678498690e+00
1.311726370950540010e+00
1.311756122112274214e+00
1.311253163466850946e+00
1.311049422870079750e+00
1.311128549526135112e+00
1.310793256014585406e+00
1.310721442103385925e+00
1.310875450074672655e+00
1.310634055733680636e+00
1.310355658084154218e+00
1.309949199358622307e+00
1.310115854442119643e+00
1.309762198477983475e+00
1.309522131333748396e+00
1.309268447260061974e+00
1.309137866894404034e+00
1.309001450985670001e+00
1.308814873049656491e+00
1.308531959603230099e+00
1.308490417152643248e+00
1.308475102732578943e+00
1.308241650213797902e+00
1.308633018781741431e+00
1.307668080677588884e+00
1.307579532514015819e+00
1.307503724594911043e+00
1.307782847930987646e+00
1.307160518815120076e+00
1.307284936060508107e+00
1.306923025349775891e+00
1.306948590278625533e+00
1.306436836719512939e+00
1.306668203820784857e+00
1.306226459890603930e+00
1.305993281056483601e+00
1.306065999219814922e+00
1.305920517444610685e+00
1.305676108102003630e+00
1.305532687654097801e+00
1.305211081604162882e+00
1.305151210476954704e+00
1.304824809978405664e+00
1.304852626224358936e+00
1.304882817715406373e+00
1.304293772081533964e+00
1.304384513199329465e+00
1.304327872643868069e+00
1.304070860147476196e+00
1.303703827162583595e+00
1.303592619796593910e+00
1.304029227544863945e+00
1.303127984205881829e+00
1.303409660607576459e+00
1.303245898584524776e+00
1.302874689300854927e+00
1.302988695601622338e+00
1.302764244129260396e+00
1.302389883498350720e+00
1.302202857285738036e+00
1.302198081960280751e+00
1.302282876024643654e+00
1.302004241943359286e+00
1.301967157175143663e+00
1.301770759870608751e+00
1.301484047869841287e+00
1.301175189514954811e+00
1.301273376742998700e+00
1.300818607459465648e+00
1.300907013068596463e+00
1.300848251829544777e+00
1.300639826059341475e+00
1.300222190221150820e+00
1.300598800182342529e+00
1.299876404553651721e+00
1.299796533832947354e+00
1.299917227029800504e+00
1.299632489184538553e+00
1.299656691153844301e+00
1.299142396698395485e+00
1.299259832501411527e+00
1.298987174779176801e+00
1.298771613587935692e+00
1.298756952335437198e+00
1.298840065797169929e+00
1.298539793988068958e+00
1.298407231767972236e+00
1.298112915704647596e+00
1.297962114214897156e+00
1.297801483919223120e+00
1.297391755382219847e+00
1.297700339059034924e+00
1.297599357366561845e+00
1.297301685313383635e+00
1.296909152219692940e+00
1.296596771975358386e+00
1.296825125316778848e+00
1.296485179911057051e+00
1.296007911612590213e+00
1.296533822764952992e+00
1.296173247694969222e+00
1.295782858133315951e+00
1.296233145644267504e+00
1.295630142092704773e+00
1.295618861665328359e+00
1.295231174677610397e+00
1.295310062915086657e+00
1.295018474757671401e+00
1.294906161477168416e+00
1.294875310858090822e+00
1.294676256428162198e+00
1.294496702154477541e+00
1.294224407275517796e+00
1.294229061156511262e+00
1.294020465761423155e+00
1.294181954363981868e+00
1.293964560329914137e+00
1.293610461056232452e+00
1.293584923942883824e+00
1.293274825066327960e+00
1.293231357137362147e+00
1.292992337544759174e+00
1.293222028513749455e+00
1.292793536434570845e+00
1.292886013289292757e+00
1.292269221196572060e+00
1.292129189769426922e+00
1.292296297351519296e+00
1.292054232954978898e+00
1.291772438089052732e+00
1.292115596433480507e+00
1.291733372956514359e+00
1.291532929738362645e+00
1.291381042699019099e+00
1.291215678552786406e+00
1.291118550052245517e+00
1.290982846667369177e+00
1.290626053760449032e+00
1.290742077926794629e+00
1.290347342689831978e+00
1.290370073417822505e+00
1.290251150727272034e+00
1.289867348472277353e+00
1.289747885614633605e+00
1.289477170755465751e+00
1.289660381277402346e+00
1.289327698945999190e+00
1.289468827595313449e+00
1.289105103164911226e+00
1.289046197136243244e+00
1.288916630049546486e+00
1.288900912304719260e+00
1.289039904872576470e+00
1.288381578276554640e+00
1.288737982263167714e+00
1.288235494494438083e+00
1.288353225340445940e+00
1.287893668065468455e+00
1.288057357321182872e+00
1.287902564803759198e+00
1.287779628733793924e+00
1.287292140970627496e+00
1.287444923073053360e+00
1.287330261369546314e+00
1.287091876069704766e+00
1.286760649333397621e+00
1.286838454008102373e+00
1.286559718350569481e+00
1.286237403005361601e+00
1.286372552067041486e+00
1.286217368145783801e+00
1.286229445536931415e+00
1.285769969721635153e+00
1.285640776902437166e+00
1.285637309898932878e+00
1.285942233850558614e+00
1.285305161277453090e+00
1.285317218552033181e+00
1.285105952868858870e+00
1.284877133369445756e+00
1.284642582386732013e+00
1.284655793259541268e+00
1.284409933537244752e+00
1.284698179115851824e+00
1.284347672015428543e+00
1.284424188236395592e+00
1.283838630219300558e+00
1.283891668667396013e+00
1.283677866558233793e+00
1.283376875768105219e+00
1.283103663971026709e+00
1.283238523950179344e+00
1.283075711379448647e+00
1.282941762109597539e+00
1.283002875993649150e+00
1.282865635305643126e+00
1.282334590206543501e+00
1.282492789377768894e+00
1.282278248667716891e+00
1.282271009435256293e+00
1.281626943747202541e+00
1.282001586755116884e+00
1.281544844061136335e+00
1.281819053987661938e+00
1.281607224543889423e+00
1.281415825088818794e+00
1.281084589163462351e+00
1.281096893797318170e+00
1.280854358275731464e+00
1.280854286750157778e+00
1.280396479119857212e+00
1.280158100773890917e+00
1.280268021176258708e+00
1.280399206280708357e+00
1.280283912767966603e+00
1.280208497742811868e+00
1.280085046341021826e+00
1.280086542417605777e+00
1.279686233649651284e+00
1.279402854790290256e+00
1.279187062631050642e+00
1.279231294741233205e+00
1.279098605861266558e+00
1.279002329458793108e+00
1.278962564965089088e+00
1.278618184228738075e+00
1.278491637855768248e+00
1.278177194297313690e+00
1.278045481940110584e+00
1.278135588765144437e+00
1.277854289362827966e+00
1.277875692894061332e+00
1.277807600796222687e+00
1.277775247146685889e+00
1.277257879823446185e+00
1.277087751279274652e+00
1.277289880812168210e+00
1.277116010834773441e+00
1.277334433794021562e+00
1.276556219408909509e+00
1.276625916858514120e+00
1.276481319963931993e+00
1.276439204812049866e+00
1.276372869809468513e+00
1.276306447138388922e+00
1.276026179641485125e+00
1.275678133964538663e+00
1.275523938983678773e+00
1.275753031671047255e+00
1.275231511145830110e+00
1.275271142522494072e+00
1.275174320489168123e+00
1.274982036650180728e+00
1.274656892319520285e+00
1.274654375265041883e+00
1.274448834856351187e+00
1.274424084275960878e+00
1.274354494859774922e+00
1.274187803020079945e+00
1.274018285175164467e+00
1.273993937422831957e+00
1.274068481971820210e+00
1.274128210047880794e+00
1.273561006536086504e+00
1.273488403360048871e+00
1.273361212015152066e+00
1.273319385449091623e+00
1.273045784731706043e+00
1.273156343897183795e+00
1.272676652669906705e+00
1.272481467823187495e+00
1.272493431965510124e+00
1.272247033317883913e+00
1.272286367416381792e+00
1.272003349661827043e+00
1.271861269325017973e+00
1.271766509612401341e+00
1.271355220923821028e+00
1.271550460656484027e+00
1.271343197921911861e+00
1.271345665802558367e+00
1.271112391352653415e+00
1.270988215257724097e+00
1.271145973106225346e+00
1.270962153623501401e+00
1.270587392896413759e+00
1.270637879769007439e+00
1.270445001125335649e+00
1.270304394513368518e+00
1.270253919064998627e+00
1.269893106569846442e+00
1.269998949517806341e+00
1.269636054585377316e+00
1.269608584046363786e+00
1.269492129733165164e+00
1.269232409199078981e+00
1.269177987178166767e+00
1.269469551245371530e+00
1.269036132593949651e+00
1.269021066278219312e+00
1.268618782609701068e+00
1.268590286622444774e+00
1.268395524720350886e+00
1.268139747033516507e+00
1.268235374490420009e+00
1.267792016516129161e+00
1.267983268698056554e+00
1.267736015717188414e+00
1.267753031104803085e+00
1.267515872170527746e+00
1.267293698340654418e+00
1.267309614270925477e+00
1.266902878383795450e+00
1.267218800634145826e+00
1.266944183160861437e+00
1.266711649298667863e+00
1.266747115552425473e+00
1.266469325870275497e+00
1.266573929289976697e+00
1.266079537570476532e+00
1.266112863272428557e+00
1.266029732177654799e+00
1.265606371810038988e+00
1.265672842909892459e+00
1.265631754448016455e+00
1.265265233069658324e+00
1.265027423948049456e+00
1.264971550057331751e+00
1.264869330823421567e+00
1.264966663221518184e+00
1.264969251304864928e+00
1.264717979480822985e+00
1.264513596644004201e+00
1.264418443540731962e+00
1.264047306030988693e+00
1.264215375979741429e+00
1.263888181000947908e+00
1.263818159451087331e+00
1.263629845529794737e+00
1.263462984313567405e+00
1.263264028479655687e+00
1.263363698621591036e+00
1.263451417287190681e+00
1.263220510880152414e+00
1.262833359589179416e+00
1.262739855051040694e+00
1.262637857596079494e+00
1.262590242177247912e+00
1.262380619843800789e+00
1.262449233978986785e+00
1.262304550657669777e+00
1.262197186797857196e+00
1.262098438541094492e+00
1.262020810693502471e+00
1.261430841435988714e+00
1.261266142626603415e+00
1.261324996501207441e+00
1.261257191002368883e+00
1.261032764613628343e+00
1.261554834246635393e+00
1.260916519413391779e+00
1.260795400540033917e+00
1.260501554608345121e+00
1.260530968010425523e+00
1.260570650547742755e+00
1.260376975437005331e+00
1.260276660074790334e+00
1.260076355189085007e+00
1.259875696649153998e+00
1.259746510783831264e+00
1.259658481925725937e+00
1.259708609431982040e+00
1.259314060211181641e+00
1.258758676548798805e+00
1.259247838954130838e+00
1.258861794819434499e+00
1.258843269447485591e+00
1.258600373069445277e+00
1.258739538490772247e+00
1.258239378531773811e+00
1.258498787631591176e+00
1.258044707030057996e+00
1.258206278085708618e+00
1.258030940343936255e+00
1.257966290165980716e+00
1.257530521353085851e+00
1.257448643445968628e+00
1.257718871782223413e+00
1.257376139114300351e+00
1.256861971567074354e+00
1.256962544471025511e+00
1.256742034355799342e+00
1.256656084458033229e+00
1.256890062987804368e+00
1.256716683010260294e+00
1.256398186584313681e+00
1.256292154888311918e+00
1.256021744261185402e+00
1.255906941244999464e+00
1.255953038980563541e+00
1.255548593898614174e+00
1.255299035211404179e+00
1.255563510706027452e+00
1.255697243163983012e+00
1.255503836274147078e+00
1.255113760630289788e+00
1.255101485302051012e+00
1.254948318004608154e+00
1.254584315667549799e+00
1.254412322988112782e+00
1.254581151157617480e+00
1.254213229815165143e+00
1.254095583409071013e+00
1.253978489836057086e+00
1.253788938621679838e+00
1.253740354627370879e+00
1.253821488966544440e+00
1.253487926473220160e+00
1.253595423201719905e+00
1.253428783267736435e+00
1.253212192902962263e+00
1.253003708024819751e+00
1.253316866606474012e+00
1.252734819551309053e+00
1.252585271000862033e+00
1.252674160401026304e+00
1.252595056096712733e+00
1.252297985553741499e+00
1.252181545644998506e+00
1.251901365071535155e+00
1.251855626702308655e+00
1.252055973807970624e+00
1.251470224062601666e+00
1.251395663619041532e+00
1.251471665253241827e+00
1.251074475546677833e+00
1.251036587357521102e+00
1.251144659022490169e+00
1.250848567237456743e+00
1.250975092748800810e+00
1.250636424869298935e+00
1.250325209399064441e+00
1.250465075423320194e+00
1.250299302488565356e+00
1.250352595498164465e+00
1.250049225986003876e+00
1.250357297807931811e+00
1.249708046764135272e+00
1.249785463263591190e+00
1.249489723642667194e+00
1.249185138444105725e+00
1.249114221334457486e+00
1.249145091076691916e+00
1.248960943023363690e+00
1.248883202175299356e+00
1.248592189947764108e+00
1.248702506224314446e+00
1.248541883627573679e+00
1.248453738292058413e+00
1.248380872110525841e+00
1.248038514455159564e+00
1.248115339378515820e+00
1.248089262098073915e+00
1.247639475017785937e+00
1.247548204163710261e+00
1.247071655839681714e+00
1.247368967781464333e+00
1.247362602750460292e+00
1.246830699841181334e+00
1.246655805905660053e+00
1.246889249235391572e+00
1.246627643952767039e+00
1.246532430251439338e+00
1.246440453827381223e+00
1.246536072840293219e+00
1.245965404063463122e+00
1.245743278662363673e+00
1.245922047148148248e+00
1.245727251221736331e+00
1.245581068843603090e+00
1.245380164931217726e+00
1.245335362354914377e+00
1.245815576861301954e+00
1.245231710374355316e+00
1.245072531451781650e+00
1.244724552333354994e+00
1.244515131165583988e+00
1.244688672324021583e+00
1.244457286347945502e+00
1.244395361592372184e+00
1.244449361910422658e+00
1.244171601782242398e+00
1.243956027925014585e+00
1.244123021264871065e+00
1.243698595712582344e+00
1.243699886898199658e+00
1.243534029026826193e+00
1.243532661100228642e+00
1.243295032779375697e+00
1.243187390267848969e+00
1.243138873825470503e+00
1.242959056546290686e+00
1.242799449960390712e+00
1.242437081287304457e+00
1.242510236551364278e+00
1.242378055800994252e+00
1.242607899258534099e+00
1.242032226175069809e+00
1.242535780121882816e+00
1.241878485182920988e+00
1.241886768490076065e+00
1.241413293778896421e+00
1.241580542176961899e+00
1.241821905473867949e+00
1.241183879226446241e+00
1.241327681392431215e+00
1.241151688992977231e+00
1.240996490418911025e+00
1.240609530111153935e+00
1.240573538343111570e+00
1.240556684881448657e+00
1.240474826097488492e+00
1.240228663384914443e+00
1.240263580282529254e+00
1.239932704220215509e+00
1.239894135544697518e+00
1.239602200438578938e+00
1.239760631819566195e+00
1.239447626968224858e+00
1.238904333362976784e+00
1.239483729253212596e+00
1.239086038867632578e+00
1.238989195724328418e+00
1.239014682173728898e+00
1.238937555750211139e+00
1.238717895746231035e+00
1.238184461245934065e+00
1.237969375153382678e+00
1.238224297761917114e+00
1.238142420848210579e+00
1.238022267321745584e+00
1.237859321385621936e+00
1.237744458268086101e+00
1.237650570521751980e+00
1.237366514901320214e+00
1.237210906048615833e+00
1.236822456369797374e+00
1.236851336807012647e+00
1.236841801057259271e+00
1.236443473895390888e+00
1.236838029076655632e+00
1.236776890605688184e+00
1.236612087736527199e+00
1.236356190592050597e+00
1.236078418294588754e+00
1.236189609766006559e+00
1.235742085427045778e+00
1.235739613076051180e+00
1.235666898141304593e+00
1.235789594550927406e+00
1.235395839065313250e+00
1.235290059695641096e+00
1.235271956026554152e+00
1.235297485192616840e+00
1.234772428621848439e+00
1.235389740516741997e+00
1.234669237087170357e+00
1.234643512715895897e+00
1.234393947323163321e+00
1.234344689548015683e+00
1.234091267734765962e+00
1.234037023534377386e+00
1.233894764880339334e+00
1.233760685473680452e+00
1.233821329722801785e+00
1.233613424003124237e+00
1.233466398715972856e+00
1.233135777711868331e+00
1.232973548521598239e+00
1.232968281954526901e+00
1.232635978857676173e+00
1.232827472935120294e+00
1.232908843457698911e+00
1.232793801526228528e+00
1.232314199209213257e+00
1.232488040129343654e+00
1.232148788869380951e+00
1.231975911557674497e+00
1.231830764313538884e+00
1.231870993723471974e+00
1.231605799496173770e+00
1.231725857158501913e+00
1.231323553125063475e+00
1.231294908374547914e+00
1.231415898352861360e+00
1.231124307960271835e+00
1.230648389458656400e+00
1.230638376871744821e+00
1.230854353557030434e+00
1.230836076786120836e+00
1.230653133988380388e+00
1.230632536361614848e+00
1.230189464737971639e+00
1.230168086290359453e+00
1.230238701899846410e+00
1.229791517555713698e+00
1.229666618257760913e+00
1.229343846688667918e+00
1.229720995575189546e+00
1.229452583193779036e+00
1.229441164185603563e+00
1.229104829082886319e+00
1.229057929664850279e+00
1.228727607429027646e+00
1.228619897862275545e+00
1.228793574621280138e+00
1.228296660383542349e+00
1.228391383836666684e+00
1.228424691905577903e+00
1.227784305065870329e+00
1.227905178815126508e+00
1.228076855589946170e+00
1.227788005024194717e+00
1.227654360234737396e+00
1.227431646982828806e+00
1.227436004827419991e+00
1.227329007287820239e+00
1.227074930071830661e+00
1.227228010445833295e+00
1.226969812313715602e+00
1.226739215354124779e+00
1.226405509312947562e+00
1.226358323047558541e+00
1.226438297082980577e+00
1.226211343457301428e+00
1.226262680441141173e+00
1.226143467426300093e+00
1.226217333724101355e+00
1.226183757434288646e+00
1.225534990678230907e+00
1.225375140706698174e+00
1.225623837858438536e+00
1.225303241362174278e+00
1.225267819066842456e+00
1.224973129729429955e+00
1.224889094134171907e+00
1.224820450941721539e+00
1.224705914656321282e+00
1.224763192733128836e+00
1.224326778948306993e+00
1.224363160133361772e+00
1.224391106516122818e+00
1.224016971389452646e+00
1.223926280438899949e+00
1.223708490033944551e+00
1.223712337017059282e+00
1.223590112229188342e+00
1.223465076585610767e+00
1.223380958040555244e+00
1.222872194399436285e+00
1.223089771966139550e+00
1.222714919348557805e+00
1.222964819024006555e+00
1.222730026642481427e+00
1.222602111597855812e+00
1.222300298015276621e+00
1.222276736299196864e+00
1.222176420688629195e+00
1.221928317844867662e+00
1.222122676918903972e+00
1.222117567559083406e+00
1.221730332324902246e+00
1.221588021020094450e+00
1.221659506857395217e+00
1.221150658279657408e+00
1.221170678983132030e+00
1.220916844407717416e+00
1.220993357400099510e+00
1.220856745789448361e+00
1.220707530031601484e+00
1.220567692567904761e+00
1.220322625339031131e+00
1.220303626855214540e+00
1.220127977182467793e+00
1.220541294415791844e+00
1.220021327584981830e+00
1.220136527965466122e+00
1.219852761924266726e+00
1.219606807827949613e+00
1.219573866575956345e+00
1.219678366680940096e+00
1.219164609412352274e+00
1.219104727854331438e+00
1.219110105186700821e+00
1.218757742643356234e+00
1.218879675865173429e+00
1.218531853705644652e+00
1.218839127073685358e+00
1.218348700801531459e+00
1.218507511417070921e+00
1.218189116070667932e+00
1.218064474066098635e+00
1.217873293161392256e+00
1.217711084087689688e+00
1.217606071631113673e+00
1.217484437674283937e+00
1.217389262964328145e+00
1.217284952600796943e+00
1.217345965156952481e+00
1.217372964570919702e+00
1.217014353722333908e+00
1.216764001548290342e+00
1.216860059152046869e+00
1.216686489184697573e+00
1.216555546224117323e+00
1.216284826646248485e+00
1.216313759734233280e+00
1.216246930758158262e+00
1.216116073230902428e+00
1.216205137471358055e+00
1.215574758003155287e+00
1.215774566680192903e+00
1.215783380468686392e+00
1.215668866535027925e+00
1.215247387190659945e+00
1.215379617859919881e+00
1.214873305708169982e+00
1.214839880913495929e+00
1.214965460946162645e+00
1.214711225777864501e+00
1.214480647941430513e+00
1.214494965722163533e+00
1.214466962218284651e+00
1.214294754217068339e+00
1.214029035468896289e+00
1.214213150242964501e+00
1.213855170706907849e+00
1.213743729144334704e+00
1.213781349609295512e+00
1.213900614778200771e+00
1.213615038990974337e+00
1.213199022909005498e+00
1.213162575910488705e+00
1.213102504114309976e+00
1.212680728981892164e+00
1.212641403079032898e+00
1.212692092855771397e+00
1.212722967813412378e+00
1.212402243912219957e+00
1.212640264381964927e+00
1.212693179398775190e+00
1.212157936394214541e+00
1.212106576561927884e+00
1.211874531954526990e+00
1.211794891208410219e+00
1.211780946453412389e+00
1.211323624600966875e+00
1.211556761215130562e+00
1.211392970631519850e+00
1.211224044362704033e+00
1.211340797444184547e+00
1.211184981465339705e+00
1.210859852532545800e+00
1.210910326242446988e+00
1.210661196708679110e+00
1.210399268567562192e+00
1.210367323706547316e+00
1.210429380089044660e+00
1.210158486664295152e+00
1.209917752444744199e+00
1.210033278912305832e+00
1.209942314277092645e+00
1.209809155265490155e+00
1.209581238528092628e+00
1.209315690646568964e+00
1.209235238532225365e+00
1.209109612057606364e+00
1.209081021944681700e+00
1.208799607058366199e+00
1.208830687652031610e+00
1.208655459930499498e+00
1.208491954952478409e+00
1.208586180210113437e+00
1.208451760560274035e+00
1.208568037301301912e+00
1.208079692224661494e+00
1.207963532706101795e+00
1.207825102905432324e+00
1.207673273732264851e+00
1.207500569025675485e+00
1.207590028146902750e+00
1.207514160374800305e+00
1.207458805292844772e+00
1.206766078372796480e+00
1.207225969682137245e+00
1.207001875589291284e+00
1.206886459141969681e+00
1.206736777971188168e+00
1.206498746325572302e+00
1.206447292119264603e+00
1.206554480145374919e+00
1.206517214824756046e+00
1.205990900099277452e+00
1.205933926751216356e+00
1.206049294521411186e+00
1.206007748097181365e+00
1.205855754762887866e+00
1.205689342071612602e+00
1.205391850819190314e+00
1.205335343380769197e+00
1.205159371097882515e+00
1.205194466064373637e+00
1.204900956402222389e+00
1.205214582631985332e+00
1.204864360143740987e+00
1.204561723023652942e+00
1.204679895689090063e+00
1.204428347945213362e+00
1.204411001255114799e+00
1.204380184412002563e+00
1.204014033327500011e+00
1.204054545859495784e+00
1.203737826148668866e+00
1.203589443862438157e+00
1.203558669487635235e+00
1.203919036686420529e+00
1.203346492846806948e+00
1.203327816228071834e+00
1.203330594797929143e+00
1.202886042247215848e+00
1.202878072857856750e+00
1.202770023792982146e+00
1.202855619539817233e+00
1.202415164311726903e+00
1.202586978177229593e+00
1.202406727025906230e+00
1.202599500616391426e+00
1.202013872315486287e+00
1.202127557496229793e+00
1.201683581620454744e+00
1.201837103813886642e+00
1.201777404546737760e+00
1.201600192487239926e+00
1.201346041758855288e+00
1.201600760221481323e+00
1.201214331140120883e+00
1.201108475029468492e+00
1.200996629893779755e+00
1.200882004201412112e+00
1.200622098644574587e+00
1.200534304479757841e+00
1.201061756412188153e+00
1.200799604008595090e+00
1.200453884899616241e+00
1.200269564241170928e+00
1.200167460739612668e+00
1.199919783075650503e+00
1.199654711782932370e+00
1.199998097866773694e+00
1.199817806233962392e+00
1.199463605384031961e+00
1.199373511721690599e+00
1.199385833243528987e+00
1.199201999107996519e+00
1.199241980661948537e+00
1.199012710402409310e+00
1.199073790262142891e+00
1.198608574519554715e+00
1.198614445328712419e+00
1.198753608018159778e+00
1.198732357223828648e+00
1.198305262873570198e+00
1.198023067911466066e+00
1.198071322838465402e+00
1.197930344194173768e+00
1.198089421540498689e+00
1.197889871895313263e+00
1.198062015324830920e+00
1.197615832090377808e+00
1.198039347926775688e+00
1.197417039672533656e+00
1.197363032897313495e+00
1.197268175333738416e+00
1.197065440316994911e+00
1.196598447610934590e+00
1.196950882921616222e+00
1.196789461870988225e+00
1.196478130171696241e+00
1.196604518840710396e+00
1.196533758938312486e+00
1.196181158721447035e+00
1.196116365989049246e+00
1.196143558621406644e+00
1.196054804821809148e+00
1.195756497730811496e+00
1.195844154804944992e+00
1.195286498218774751e+00
1.195409128566583101e+00
1.195744692534208342e+00
1.195374947041273117e+00
1.195037127782901054e+00
1.195213503887256001e+00
1.195067689071098949e+00
1.194983682036399930e+00
1.194925493995348642e+00
1.194503093510866254e+00
1.194437647114197310e+00
1.194245487203200673e+00
1.194304791092872575e+00
1.194734187424182803e+00
1.194180341064929873e+00
1.194170410931110426e+00
1.193646929909785603e+00
1.193486044059197004e+00
1.193224617590506798e+00
1.193846756716569368e+00
1.193317453066508049e+00
1.193153370171785355e+00
1.193252816796302795e+00
1.192933272322018956e+00
1.193024903287490224e+00
1.192886988570292850e+00
1.192937714358170753e+00
1.192752181738615080e+00
1.193021527181069130e+00
1.192782635986805007e+00
1.192198557406663806e+00
1.192154767860968967e+00
1.191924703121185258e+00
1.192200808972120329e+00
1.191944436480601555e+00
1.191740967830022147e+00
1.191788093745708377e+00
1.191394898295402571e+00
1.191665739814440350e+00
1.191363676637411162e+00
1.191182392338911766e+00
1.191145462542772204e+00
1.191434504091739566e+00
1.190808894236882631e+00
1.190804346402486225e+00
1.191174449026584536e+00
1.190480568011601736e+00
1.190451543281475733e+00
1.190678551296393106e+00
1.190378742913405175e+00
1.190253699074188765e+00
1.190007075170675943e+00
1.190364929536978478e+00
1.189999711265166571e+00
1.189741891374190619e+00
1.189638090382019620e+00
1.189812958240509033e+00
1.189447961747646332e+00
1.189491921911636885e+00
1.189274753381808658e+00
1.189202761401732866e+00
1.189240909367799803e+00
1.188924475759267851e+00
1.188563060760498002e+00
1.188960682352383946e+00
1.188867582629124398e+00
1.188725778460502536e+00
1.188422827670971627e+00
1.188297877212365572e+00
1.188255513707796807e+00
1.188215186446905047e+00
1.187953820079564959e+00
1.188015835235516127e+00
1.187741277615229185e+00
1.187680205702781766e+00
1.187728297462065985e+00
1.187450802077849810e+00
1.187122219055890993e+00
1.187196622043848127e+00
1.187139655401309390e+00
1.186997104436159134e+00
1.187101556112369005e+00
1.186814188708861684e+00
1.186962025364240114e+00
1.186755401144425015e+00
1.186719738195339824e+00
1.186365788429975421e+00
1.186185006548960974e+00
1.186175273110469108e+00
1.185931942363580127e+00
1.185926714291175132e+00
1.186248982697725385e+00
1.185863843560218900e+00
1.185773339619239142e+00
1.185507141550381949e+00
1.185012958695491170e+00
1.185516861826181323e+00
1.185233628501494829e+00
1.184969439357519194e+00
1.185297997047503715e+00
1.185219428936640451e+00
1.184825820227463966e+00
1.185125566522280405e+00
1.185004569838444377e+00
1.184466689328352640e+00
1.184792381773392300e+00
1.184702445318301489e+00
1.184574212133884474e+00
1.184086692084868719e+00
1.184179726243019148e+00
1.183853672444820315e+00
1.184113444139559990e+00
1.184032675127188350e+00
1.183663117637236972e+00
1.183534987519184734e+00
1.183571264644463827e+00
1.183446521063645784e+00
1.183199428766965822e+00
1.183029347658157260e+00
1.183245299756527036e+00
1.182703078786532025e+00
1.182836092015107532e+00
1.182934973885615637e+00
1.182648186633984189e+00
1.183006607244412089e+00
1.182417149841785475e+00
1.182422653834025006e+00
1.182175936053196486e+00
1.182019967585802078e+00
1.182111470897992511e+00
1.182090326150258441e+00
1.181883636116981551e+00
1.181751083334287022e+00
1.181994679321845432e+00
1.181649584074815129e+00
1.181762543569008450e+00
1.181444901227951094e+00
1.181319208691517408e+00
1.181539950023094754e+00
1.180909387270609567e+00
1.181060713032881404e+00
1.180995413412650352e+00
1.180884216974178891e+00
1.180864763756592994e+00
1.180414457122484828e+00
1.180483426153659865e+00
1.180322479953368475e+00
1.180163159718116139e+00
1.180357024818658784e+00
1.180047132571538260e+00
1.179941703875859504e+00
1.180099917948246091e+00
1.179754756639401103e+00
1.179900496701399515e+00
1.179806195447842265e+00
1.179591187338034253e+00
1.179386820892492915e+00
1.179177622993787145e+00
1.179242044687271118e+00
1.179105443010727505e+00
1.178995732466379787e+00
1.178769852966070175e+00
1.178727925320466330e+00
1.178597218543291136e+00
1.178653891384601637e+00
1.178636202216148288e+00
1.178609071423610155e+00
1.178499633818864911e+00
1.178166294097900302e+00
1.178270669281482608e+00
1.178057851145664747e+00
1.177838596204916710e+00
1.177806653330723430e+00
1.177831710129976228e+00
1.177835126469532590e+00
1.177670321613550231e+00
1.177526475737492140e+00
1.177276629209518477e+00
1.177551636348167952e+00
1.177254687994718552e+00
1.176886391639709428e+00
1.177037851760784681e+00
1.176906632383664553e+00
1.176734674970308925e+00
1.176689056803782885e+00
1.176686708132425929e+00
1.176432493080695529e+00
1.176254254331191351e+00
1.176359089960654636e+00
1.176255992303292031e+00
1.176094655940929989e+00
1.176121352364619677e+00
1.175924305121103908e+00
1.175743472824493985e+00
1.175803349167108491e+00
1.175805685917536314e+00
1.175524616489807661e+00
1.175490052004655173e+00
1.175545139610767453e+00
1.175572560975948866e+00
1.175382168094317059e+00
1.175269722938537598e+00
1.174783455580473035e+00
1.175070336957772632e+00
1.174938744058211748e+00
1.174963290989399001e+00
1.174445062379042337e+00
1.174690496176481247e+00
1.174978333959976862e+00
1.174194016059239676e+00
1.174413322160641426e+00
1.174297751734654005e+00
1.173897119859854454e+00
1.173883947978417108e+00
1.174154299497604415e+00
1.173771455883979797e+00
1.173723827302455947e+00
1.173831332474946976e+00
1.173701294014851237e+00
1.173547652612129788e+00
1.173175083349148329e+00
1.173479077219963029e+00
1.173329340418179934e+00
1.173282338182131346e+00
1.173064042876164059e+00
1.173199267933765944e+00
1.172829085091749768e+00
1.172798114518324608e+00
1.172461231797933490e+00
1.172632366418838501e+00
1.172526328514019722e+00
1.172238117704788918e+00
1.172184739261865616e+00
1.171884685506423329e+00
1.172126031418641467e+00
1.171863977611064866e+00
1.171957949797312493e+00
1.171697123597065682e+00
1.171848678340514427e+00
1.171656837562719877e+00
1.171501423418521926e+00
1.171124360213677162e+00
1.171277964115142733e+00
1.171158287674188614e+00
1.171376213679711009e+00
1.170884077499310116e+00
1.170932499319314868e+00
1.171025183796882585e+00
1.170635435481866216e+00
1.170606699337561896e+00
1.171053709586461489e+00
1.170692011465628957e+00
1.170603152364492416e+00
1.170318714777628610e+00
1.170162349442640970e+00
1.170100520799557398e+00
1.170254113773504967e+00
1.169864247490962406e+00
1.170136328289906213e+00
1.169948561737934822e+00
1.169681071738402078e+00
1.170050644129514650e+00
1.169745527952909425e+00
1.169379769265651792e+00
1.169601476689179798e+00
1.169277592003345578e+00
1.169205121944348003e+00
1.169155744711557920e+00
1.169159646332263991e+00
1.169105247656504254e+00
1.169099740435679768e+00
1.168736033389965678e+00
1.169081172843774219e+00
1.168706420560677861e+00
1.168683459113041501e+00
1.168499364455541034e+00
1.168595014512538999e+00
1.168256663531064943e+00
1.168311594178279345e+00
1.167786037425200041e+00
1.168145045886437083e+00
1.168333363781372647e+00
1.167837984363238046e+00
1.167662675678730055e+00
1.167842527478933246e+00
1.167544466753800636e+00
1.167462748040755560e+00
1.167100237309932620e+00
1.167130679885546307e+00
1.167347561071316431e+00
1.166903989762067884e+00
1.167024250825246190e+00
1.167004322260618121e+00
1.166790802031755447e+00
1.166999136159817319e+00
1.166797053068876266e+00
1.166707631697257330e+00
1.166530812780062432e+00
1.166549026966094971e+00
1.166433545202016919e+00
1.166176505386829376e+00
1.166378379861513714e+00
1.166402553270260434e+00
1.166053074101607079e+00
1.166153399894634957e+00
1.165799843768278832e+00
1.165672433127959540e+00
1.165920414030551910e+00
1.165770320345958178e+00
1.165461559842030148e+00
1.165611919015645981e+00
1.165394392609596208e+00
1.165294127911329358e+00
1.164986375967661525e+00
1.164882220576206828e+00
1.164906391749779280e+00
1.164853211492300034e+00
1.164987738678852747e+00
1.165005185703436474e+00
1.164657225211461311e+00
1.164544468621412809e+00
1.164736777792374278e+00
1.164617357899745409e+00
1.164403488735357817e+00
1.164227077116568809e+00
1.163989462455113699e+00
1.164468263089656785e+00
1.163967119405666883e+00
1.163956792155901532e+00
1.163665110866228813e+00
1.163651714970668216e+00
1.163712928692499871e+00
1.163662275671959012e+00
1.163723836342493767e+00
1.163497650871674116e+00
1.163269083450237940e+00
1.163312666366497661e+00
1.163200979431470161e+00
1.162874944259723042e+00
1.162927254041036029e+00
1.162894166757663106e+00
1.163150661438703493e+00
1.162669107566277171e+00
1.162611488997936204e+00
1.162842636803785856e+00
1.162693221618731787e+00
1.162735576927661940e+00
1.162356171011924788e+00
1.162207606186469455e+00
1.162077545871337270e+00
1.161674459526936154e+00
1.161963688333829348e+00
1.161876160154740045e+00
1.162033740679423000e+00
1.162076618274052953e+00
1.161271439741055067e+00
1.161597209920485874e+00
1.161686116705338057e+00
1.161553940673669238e+00
1.161563280969858170e+00
1.161366027345259955e+00
1.161157492051521967e+00
1.161162286003430744e+00
1.161190971235434244e+00
1.160864255825678537e+00
1.161033852646748299e+00
1.161012098441521312e+00
1.160492334514856339e+00
1.160603702565034201e+00
1.160494599491357803e+00
1.160615612318118384e+00
1.160501194993654783e+00
1.160304555793603365e+00
1.160083671162525754e+00
1.160352087765932128e+00
1.160154674698909094e+00
1.160218364497025867e+00
1.159975259999434183e+00
1.159970106432835157e+00
1.160013858973979906e+00
1.159830719729264548e+00
1.159624989827473973e+00
1.159688832859198326e+00
1.159120306620995189e+00
1.159324162453412965e+00
1.159429084261258458e+00
1.159447418898344129e+00
1.158980739613374000e+00
1.159403076519568865e+00
1.159140410770972629e+00
1.158651818583408932e+00
1.158610501388708691e+00
1.158837286134560829e+00
1.158816302071014936e+00
1.158721167842547084e+00
1.158631839603185609e+00
1.158294999102751355e+00
1.158294140050808663e+00
1.158385888983805900e+00
1.158209895590941008e+00
1.158231011281410927e+00
1.158158754060665707e+00
1.157765471438566784e+00
1.158334871381521136e+00
1.157828143239021390e+00
1.157880789786577269e+00
1.157680149624745081e+00
1.157787935435771853e+00
1.157659823199113314e+00
1.157266870389382030e+00
1.157726533214251230e+00
1.157214860121409172e+00
1.157387349009513899e+00
1.156924029936393206e+00
1.156969767063856125e+00
1.157219736774762531e+00
1.156684055676062917e+00
1.156571865330139781e+00
1.156763642529646585e+00
1.156801725924015090e+00
1.156699075053135628e+00
1.156557430823643928e+00
1.156452079862356097e+00
1.156183445453643710e+00
1.156117306401332145e+00
1.156157167752583925e+00
1.156141823281844561e+00
1.156290933241446828e+00
1.156054662168025882e+00
1.155867970983187387e+00
1.155790481468041753e+00
1.156158445278803404e+00
1.155944210539261441e+00
1.155905751387278135e+00
1.155785028636455491e+00
1.155794127037127916e+00
1.155631859103838588e+00
1.155176428457101112e+00
1.155439833303292696e+00
1.155154060820738460e+00
1.155075346926847990e+00
1.155080518871545836e+00
1.155057381590207433e+00
1.155005609492460783e+00
1.155077099800109863e+00
1.154587302853663733e+00
1.154773956537246793e+00
1.154694015781084770e+00
1.154253652940193886e+00
1.154514746864636843e+00
1.154399114350477928e+00
1.154340464373429631e+00
1.154142926633358046e+00
1.154319007943073849e+00
1.153862694650888532e+00
1.153960345188776548e+00
1.154115026692549284e+00
1.153680305182933852e+00
1.153944786389668797e+00
1.153868396828571896e+00
1.153830500692129224e+00
1.153812969724337334e+00
1.153975622107585197e+00
1.153411494195461184e+00
1.153235749900340945e+00
1.153453853229681636e+00
1.153427502016226347e+00
1.153183558086554150e+00
1.153013300150632858e+00
1.153173405925432826e+00
1.153199081371227841e+00
1.152825324237346738e+00
1.152832781771818693e+00
1.152734701832135444e+00
1.152962112178405052e+00
1.152324288586775491e+00
1.152558544526497419e+00
1.152450598279635141e+00
1.152335962404807512e+00
1.152184834331273944e+00
1.152051521341005857e+00
1.152274767557780022e+00
1.152126553903023432e+00
1.152355309824148799e+00
1.151829493294159512e+00
1.152001208315293068e+00
1.151898046831289824e+00
1.151789808273315341e+00
1.151834660520156151e+00
1.151284319410721402e+00
1.151575302332639605e+00
1.151352409770091345e+00
1.151246831566095308e+00
1.151606828967730145e+00
1.151420951882998089e+00
1.151144183923800801e+00
1.150993742048740387e+00
1.151055929313103299e+00
1.150943752626577998e+00
1.150699230780204196e+00
1.150896083315213536e+00
1.150881548722584968e+00
1.150919911265373186e+00
1.150542922069629048e+00
1.150505418578783745e+00
1.150408216814200024e+00
1.150281615306933736e+00
1.150502982238928551e+00
1.150504955152670483e+00
1.150116880238056138e+00
1.150077168643474534e+00
1.150329254319270467e+00
1.149962551395098398e+00
1.150215256710847234e+00
1.150096212824185615e+00
1.149861656626065542e+00
1.149677833666404192e+00
1.149710942556460669e+00
1.149355878184239010e+00
1.149823595086733485e+00
1.149519489457209831e+00
1.149428841968377357e+00
1.149499260385831167e+00
1.149135799209276776e+00
1.149119054029385190e+00
1.149369039386510805e+00
1.149202069391807024e+00
1.148791573445002268e+00
1.148971743136644408e+00
1.148915539681911513e+00
1.149127413084109595e+00
1.149127436677614744e+00
1.148699490725994199e+00
1.148268114030361220e+00
1.148584992190202048e+00
1.148480140417814210e+00
1.148327633490165089e+00
1.148367881029844328e+00
1.148377943038940474e+00
1.148334161192178682e+00
1.148100410650173764e+00
1.148077032963434885e+00
1.148079029222329517e+00
1.148220046361287494e+00
1.147689701120058636e+00
1.147874676187833121e+00
1.147783760478099158e+00
1.147604801009098674e+00
1.147879337767759855e+00
1.147367477416992188e+00
1.147579826662937785e+00
1.147570417573054558e+00
1.147718035678068738e+00
1.147573218246300986e+00
1.147080008188883449e+00
1.147153714547554548e+00
1.146947446465492293e+00
1.147054652621348758e+00
1.147186983625094081e+00
1.146796643982330943e+00
1.146860570708910565e+00
1.146744169543186809e+00
1.146847411245107695e+00
1.146751575171947479e+00
1.146663624544938420e+00
1.146367175628741686e+00
1.146801663935184568e+00
1.146619114776452397e+00
1.146402767052253191e+00
1.145958291242519911e+00
1.146418378750483136e+00
1.146163783470789621e+00
1.146087940782308578e+00
1.146307025104761124e+00
1.145863727480173067e+00
1.145838814973831221e+00
1.146034780393044183e+00
1.145706247041622827e+00
1.145619704822699259e+00
1.145779452224572559e+00
1.145411310841639940e+00
1.145770431806643730e+00
1.145434420804182674e+00
1.144986879328886653e+00
1.145562096685171172e+00
1.145316761980454068e+00
1.145296936233838325e+00
1.145160671571890498e+00
1.145161890486876111e+00
1.144832750409841449e+00
1.145251382639010718e+00
1.144818727920452694e+00
1.144666459163030003e+00
1.144754983236392354e+00
1.144882440070311258e+00
1.144569187859694193e+00
1.144342834254105989e+00
1.144610790659984056e+00
1.144395441810289960e+00
1.144363029052813951e+00
1.144766387840111976e+00
1.144370709607998471e+00
1.144314841926097781e+00
1.144453284889459521e+00
1.143951503435770567e+00
1.144153459618489022e+00
1.143601857125759125e+00
1.143594776093959764e+00
1.143826013430953026e+00
1.143812692413727516e+00
1.143732059498627995e+00
1.143774176637331719e+00
1.143776207913955067e+00
1.143537127971649081e+00
1.143502737085024590e+00
1.143533087273438831e+00
1.143526910493771309e+00
1.143455985933542252e+00
1.143130964785814330e+00
1.143363293508688594e+00
1.143106410652399152e+00
1.143107238411903426e+00
1.143324985106786151e+00
1.142885723710060031e+00
1.142751590162515596e+00
1.142623058954874704e+00
1.142902271697918470e+00
1.142659593373537064e+00
1.142710850387811616e+00
1.142505933592716794e+00
1.142770751317342182e+00
1.142602589229742671e+00
1.142409703135490506e+00
1.142385378231604909e+00
1.142196961989005333e+00
1.142149548480908106e+00
1.142145662506421466e+00
1.141949240118265152e+00
1.141798271238803952e+00
1.142022087921698903e+00
1.142055493096510554e+00
1.141680397341648723e+00
1.141684119403362230e+00
1.141903380304575055e+00
1.141895592709382345e+00
1.142177315553029482e+00
1.141553351283073336e+00
1.141639098276694630e+00
1.141433570533990860e+00
1.141780150930086668e+00
1.141320293148358589e+00
1.141182086616754576e+00
1.141231502095858330e+00
1.141153727968533760e+00
1.141022951404253583e+00
1.140914402405420969e+00
1.141152902692556426e+00
1.141054506103197808e+00
1.141172049194574267e+00
1.140859969208637859e+00
1.140655176093180900e+00
1.141017615546782826e+00
1.140682043135166079e+00
1.140500710159540132e+00
1.140258409082889557e+00
1.140504804998636157e+00
1.140190786123275846e+00
1.140635999540487999e+00
1.140279773871103908e+00
1.140222276747226759e+00
1.140348502000172903e+00
1.139840889225403497e+00
1.140089851617813066e+00
1.140026504546403974e+00
1.140179549157619432e+00
1.139924337963263090e+00
1.139955779910087674e+00
1.139904621243476912e+00
1.139710020025571202e+00
1.139804586768150330e+00
1.139278617501258806e+00
1.139704875151316354e+00
1.139361465473969881e+00
1.139823887745539333e+00
1.139552409450213188e+00
1.139197536806265454e+00
1.139508800953626722e+00
1.139412086953719427e+00
1.139026126762231250e+00
1.138860653092463870e+00
1.139013954748709923e+00
1.139313839375972748e+00
1.138914976020654057e+00
1.138931142538786023e+00
1.138861845682064722e+00
1.138703406353791525e+00
1.138830640912055880e+00
1.138669017950693751e+00
1.138492899636427635e+00
1.138533512751261467e+00
1.138419035822153091e+00
1.138483340541521782e+00
1.138546484708786055e+00
1.138241839905579811e+00
1.138345089306433966e+00
1.138501402487357428e+00
1.138292080412308449e+00
1.137777894238630960e+00
1.138188678026199385e+00
1.137819289912780141e+00
1.138094629347324416e+00
1.137839703013499681e+00
1.137756964315970842e+00
1.137905445446570685e+00
1.137687507768472051e+00
1.137399429579575960e+00
1.137647022058566382e+00
1.137267845124006360e+00
1.137556853393713707e+00
1.137601748357216502e+00
1.137372321635484740e+00
1.137425834188858564e+00
1.137172756840785448e+00
1.137430734932422638e+00
1.137147342662016447e+00
1.137073944509029433e+00
1.136802357435226396e+00
1.136840959886709745e+00
1.137036007642745927e+00
1.136836095650990863e+00
1.136688395341237445e+00
1.136836163202921579e+00
1.136785232027371695e+00
1.136602021008729979e+00
1.136839393277963017e+00
1.136787021905183881e+00
1.136545551568269641e+00
1.136519094556569964e+00
1.136172661185264499e+00
1.136328700184822127e+00
1.136353274683157499e+00
1.136150828252236122e+00
1.136154942959546998e+00
1.136228348811467503e+00
1.135872947176297609e+00
1.135937782128652040e+00
1.136066210518280606e+00
1.135890609025955289e+00
1.135853387663761760e+00
1.135679560403029198e+00
1.135807036111752266e+00
1.135732606053352356e+00
1.135582939783732037e+00
1.135663867741823152e+00
1.135439172387123108e+00
1.135554806888103396e+00
1.135061244666576430e+00
1.135747205341855581e+00
1.135608013470967625e+00
1.135532504568497414e+00
1.135194825629393334e+00
1.135403397927681635e+00
1.135082673281431198e+00
1.135026710232099001e+00
1.134953643629948328e+00
1.135114913682142790e+00
1.134754684319098761e+00
1.134966553747653872e+00
1.134976576517025659e+00
1.134946505477031131e+00
1.134759766111771206e+00
1.134500390042861406e+00
1.135287862519423152e+00
1.134549722075462341e+00
1.134751511116822487e+00
1.134554263949394182e+00
1.134192970891793495e+00
1.134289072205622917e+00
1.134556034952402204e+00
1.134470163782437702e+00
1.134155342479546968e+00
1.134157473593950360e+00
1.134297240525484085e+00
1.134090161571900124e+00
1.134128071616093303e+00
1.133933404833078473e+00
1.133990206817785840e+00
1.133846323688824986e+00
1.134147142370541816e+00
1.133902352303266525e+00
1.133671624710162584e+00
1.133868786692619368e+00
1.133947309851646379e+00
1.133708503842353776e+00
1.133592979113260846e+00
1.133856664101282830e+00
1.133260260274012943e+00
1.133413309852282280e+00
1.133329491813977574e+00
1.133218033860127205e+00
1.133301486323277096e+00
1.133190155526002219e+00
1.133311646928389926e+00
1.132873844852050116e+00
1.133072615663210492e+00
1.133071430275837566e+00
1.132990828653176685e+00
1.132736304650703962e+00
1.132929465671380420e+00
1.132947171976169010e+00
1.132756964117288545e+00
1.132801987479130412e+00
1.132974151770273830e+00
1.132801466931899315e+00
1.132630473126967852e+00
1.132273673017819782e+00
1.132761784146229411e+00
1.132405340671539307e+00
1.132150080800056413e+00
1.132633627951145083e+00
1.132546473046143864e+00
1.132374144593874643e+00
1.132006214807430799e+00
1.132181515296300178e+00
1.132224956403175886e+00
1.131859721243381411e+00
1.131974560022354082e+00
1.132082555691401149e+00
1.131829752027988523e+00
1.131908687949180647e+00
1.131842006742954210e+00
1.131764779984951064e+00
1.131701732675234551e+00
1.131804936379194215e+00
1.131751624494790942e+00
1.131678703178962131e+00
1.131635195265213722e+00
1.131559689839680916e+00
1.131397030999263142e+00
1.131310377021630620e+00
1.131349388758341457e+00
1.131467799842357680e+00
1.131565853953361511e+00
1.131235480805238058e+00
1.130910914142926549e+00
1.131100889046986913e+00
1.131346534192562148e+00
1.130888066440820738e+00
1.131218872467676828e+00
1.130846864730119750e+00
1.131016991287469908e+00
1.130900594095389122e+00
1.130675127853949968e+00
1.130849045515060380e+00
1.130562697102626135e+00
1.130568114171425442e+00
1.130532565464576145e+00
1.130877982825040817e+00
1.130775886277357811e+00
1.130226858208576823e+00
1.130228247741858150e+00
1.130317490299542760e+00
1.130086833983659833e+00
1.130259594321251004e+00
1.130071350187063173e+00
1.130084214359521777e+00
1.130292660991350839e+00
1.130096155653397272e+00
1.130296628177166030e+00
1.130073176324367434e+00
1.130189359188079834e+00
1.129862416038910577e+00
1.130071246872345503e+00
1.129822623481353094e+00
1.129538272072871496e+00
1.129776754478613476e+00
1.129791064063707884e+00
1.129584398617347052e+00
1.129743185142676021e+00
1.129336790492137199e+00
1.129471330841382404e+00
1.129400465885798122e+00
1.129188429812590266e+00
1.129272278646628047e+00
1.129289314399162913e+00
1.129301605621973570e+00
1.128882055481274849e+00
1.129109202076991503e+00
1.129123740394910147e+00
1.129204783340295171e+00
1.129342234383026833e+00
1.129074656466642956e+00
1.128675154099861855e+00
1.128923850506544202e+00
1.128797522683938404e+00
1.129020443807045693e+00
1.128695754458507006e+00
1.128800897548596138e+00
1.128848855197429613e+00
1.128594757616519839e+00
1.128506875783205077e+00
1.128541309138139104e+00
1.128463176389535194e+00
1.128657535711924176e+00
1.128737974166870162e+00
1.128607565909624189e+00
1.128473128875096654e+00
1.128389139721790890e+00
1.128442321221033717e+00
1.128250862658023879e+00
1.128055124481519123e+00
1.128148373713095953e+00
1.128116493672132403e+00
1.128200613955656628e+00
1.128263812760512019e+00
1.127844986567894559e+00
1.127838971714178795e+00
1.127805231263240282e+00
1.127863465249538510e+00
1.128182894736528441e+00
1.127684608350197459e+00
1.127688944339752197e+00
1.127461537967125560e+00
1.127910905579725842e+00
1.127711798499027918e+00
1.127681162208318710e+00
1.127474956959485963e+00
1.127587096641460951e+00
1.127377937734127089e+00
1.127571710944175631e+00
1.127649597078561827e+00
1.127104725440343236e+00
1.127354625364144658e+00
1.127737446377674813e+00
1.127182261894146498e+00
1.127228098114331667e+00
1.127033688624699881e+00
1.127296192695697252e+00
1.126792757709821124e+00
1.127064811189969484e+00
1.126875023047129387e+00
1.126837618897358562e+00
1.127079334110021591e+00
1.126737599074840501e+00
1.126827767739693398e+00
1.126835793256759644e+00
1.126539384822050627e+00
1.126824498921632722e+00
1.126519296814997961e+00
1.126458226392666573e+00
1.126708936194578792e+00
1.126428546011447818e+00
1.126406618207693056e+00
1.126439861208200499e+00
1.126316078255573894e+00
1.126414035260677293e+00
1.126309295246998410e+00
1.126184350748856922e+00
1.126294825226068497e+00
1.125951487074295709e+00
1.126295652985572771e+00
1.126358401775360063e+00
1.126008053620656257e+00
1.126164417217175195e+00
1.125797051936388016e+00
1.126100050906340355e+00
1.125878890107075314e+00
1.125748124470313360e+00
1.125765086462100273e+00
1.125867608934640884e+00
1.125738128523031900e+00
1.125613217552502876e+00
1.125580523163080215e+00
1.125484817971785789e+00
1.125312885145346220e+00
1.125829724222421557e+00
1.125289444873730282e+00
1.125555842121442218e+00
1.125403879086176451e+00
1.125329291075467975e+00
1.124905497580766633e+00
1.125243974973758165e+00
1.125183054804801852e+00
1.125214059154192592e+00
1.124893950422604982e+00
1.124899515509605319e+00
1.125208888202905655e+00
1.124881959954897592e+00
1.124866531540950065e+00
1.125040230900049121e+00
1.124982708195845227e+00
1.125284786274035831e+00
1.124704507738351733e+00
1.124484185377756740e+00
1.124610165258248751e+00
1.124711413929859738e+00
1.124557868142922690e+00
1.124578955769538924e+00
1.124386265625556325e+00
1.124598029255867049e+00
1.124466480563084181e+00
1.124684820075829927e+00
1.124237329761187176e+00
1.124160608152548368e+00
1.124202156066894442e+00
1.124167227496703392e+00
1.124337767312924008e+00
1.124147284527619695e+00
1.124284432083368257e+00
1.124346431096394872e+00
1.124287516375382712e+00
1.124007198462883661e+00
1.123936328291893050e+00
1.123810491710901305e+00
1.124036198606093828e+00
1.123824970424175174e+00
1.123663166165351779e+00
1.124042826145887464e+00
1.123891820261875729e+00
1.123613803833723113e+00
1.123598986367384533e+00
1.123736973603566502e+00
1.123878667006889875e+00
1.123647683610518699e+00
1.123374582330385785e+00
1.123623460034529398e+00
1.123563123494386584e+00
1.123067154983679483e+00
1.123290476202964738e+00
1.123286268363396401e+00
1.123203021536270718e+00
1.123143907636404037e+00
1.123363500336805876e+00
1.122921627511580756e+00
1.123051550736029913e+00
1.122891027977069189e+00
1.122985859960317523e+00
1.122792940338452672e+00
1.123176927367846245e+00
1.122870605935653021e+00
1.122824212163686664e+00
1.122903113812208087e+00
1.122910047322511762e+00
1.122749958435694362e+00
1.122546278188625957e+00
1.122709109882513712e+00
1.122539534916480397e+00
1.122617736955483725e+00
1.122306008140246059e+00
1.122704410801331099e+00
1.122605344901482338e+00
1.122671014815568968e+00
1.122538274029890593e+00
1.122474549710750669e+00
1.122569831212361757e+00
1.122291729350884726e+00
1.122596949587265636e+00
1.122184182206789727e+00
1.122030400733152966e+00
1.122189603000879332e+00
1.122070095688104674e+00
1.122184342642625232e+00
1.121982716768979982e+00
1.122012767444054315e+00
1.121950616190830807e+00
1.122118769586086362e+00
1.121919452647368143e+00
1.121758006016413400e+00
1.121753950417041734e+00
1.121993445356686880e+00
1.121640792489051908e+00
1.121921067684888751e+00
1.121768306444088648e+00
1.121537781506776854e+00
1.121629779537518745e+00
1.121558363487323184e+00
1.121638657401005323e+00
1.121653365095456545e+00
1.121375697851181075e+00
1.121389850229024931e+00
1.121203640600045626e+00
1.121462948123614023e+00
1.121541887770096446e+00
1.121232068787018532e+00
1.120953742911418249e+00
1.121126016726096575e+00
1.121579801539579924e+00
1.121162645767132426e+00
1.121088135987520218e+00
1.120813116431236267e+00
1.121058144172032645e+00
1.121177861094474704e+00
1.121401362369457866e+00
1.120976951221624995e+00
1.121018873155116946e+00
1.121131977687279457e+00
1.120685159166654010e+00
1.120823892454306359e+00
1.120760767658551593e+00
1.120866031696398979e+00
1.120920986930529217e+00
1.120854044705629438e+00
1.120386522511641170e+00
1.120519162466128593e+00
1.120897959421078394e+00
1.120395495742559477e+00
1.120720957219600633e+00
1.120607507725556617e+00
1.120647067328294222e+00
1.120388281593720059e+00
1.120292111982901906e+00
1.120443872114022632e+00
