9.927379521402147911e-02
6.361043273996103142e-02
5.614823667372283861e-02
4.195037345921324295e-02
2.966057321370443520e-02
2.644638112811666802e-02
2.414326568241795604e-02
1.608622159171195498e-02
1.633691061598299341e-02
1.000845416110516736e-02
8.223312409894377104e-03
6.418103680132639099e-03
3.368837541235677763e-03
3.948595457976411191e-03
1.879468508482023655e-03
1.352072820071508266e-03
1.140713124944761365e-03
1.015363429560138357e-03
7.338936506878134198e-04
1.893324083767569102e-03
4.614841667474477334e-04
6.849564967250425197e-04
3.302379117217049578e-04
4.538379843569783191e-04
2.522942600820276583e-04
1.706254219562924033e-04
1.231804070611748300e-04
1.029093387181636519e-04
7.745327311280159890e-05
2.920908101522858642e-04
5.804492158270192461e-05
4.553774828778323926e-05
3.607855290934258057e-05
2.763355732024794283e-05
2.059378457842965730e-05
1.364091748530218909e-05
2.171318946476619507e-03
9.118825353328087843e-06
1.991943627667873439e-05
9.037586239937745345e-06
7.548181936220041066e-06
1.343164359624326835e-03
6.019996953377857399e-06
5.136711838870514653e-06
4.993304057132935797e-06
4.093457961502447382e-06
3.567707962568120702e-06
3.709816994833779486e-06
3.473285915079312036e-06
3.039922354890848997e-06
2.708166691271161237e-06
5.959918003279904373e-04
5.344800313700388827e-05
2.407907011633276960e-06
2.460755126525710861e-06
2.354129176418567260e-06
2.295113734931924186e-06
2.120740868897586304e-06
1.742999454171632812e-06
1.759528975602407947e-06
3.662145031776058786e-04
1.576036831805266721e-06
1.495036329598494684e-06
1.398070198209392581e-06
1.302125820656599246e-06
1.083109423921689624e-06
2.133682915777488966e-06
1.062940438346804261e-06
1.278591469880872335e-06
1.024191920402707618e-06
1.133729207132668451e-06
1.010853683588077341e-06
9.559357321815088357e-07
8.790087548279064809e-07
8.059412321015534781e-07
7.172600877691770170e-07
6.655298077334460863e-07
6.672365584922724599e-07
8.155216494575783542e-07
6.136706406256674055e-07
5.938972162401526906e-07
4.931476092620318666e-07
4.355292113901767071e-07
3.832631027544957442e-07
3.557368049182048722e-07
3.462897848364234702e-03
3.358327609014378370e-07
3.703909559029496089e-07
3.152589059192207780e-07
3.049560687224053663e-07
3.015629876775383633e-07
1.592240223071635953e-04
2.778388948501200812e-07
3.683760728071814976e-03
2.868325751888312835e-07
2.567135976515745879e-07
2.577828834134142280e-07
2.544767054629602551e-07
2.398612333580592012e-07
2.518735757451066565e-07
2.242380049637272079e-07
2.207119787161725749e-07
2.126283532535354899e-07
1.222842069710741112e-03
3.105117554027476024e-07
2.098796438221660445e-07
2.141968355487023904e-07
1.999508887428755348e-07
2.060065659394386930e-07
1.989825386363787855e-07
1.925389028558987249e-07
1.890095383344884550e-07
1.947547149537845153e-05
9.767284182174232885e-05
2.758302418467079367e-04
2.159643116101839309e-07
2.021240633070932848e-07
2.076422122393295055e-07
2.167161399853254699e-07
9.171763994982453660e-06
2.993683816428332730e-04
6.362999941284117804e-05
2.953954455805171062e-07
2.254931665676052611e-07
2.025492684927944402e-07
1.987202039382217521e-07
1.991557819871463181e-07
1.960057126913075570e-07
1.978363649230959987e-07
1.915595663014576661e-07
1.889430469125184488e-07
3.343291858812817382e-04
1.081079059699117375e-03
5.708401332654873799e-05
1.868902126900710215e-07
1.856786555871338812e-07
1.822455746496437966e-07
1.812143649420820290e-07
1.789668463938292800e-07
1.774115577118464973e-07
1.742826403141175800e-07
1.716085781701714497e-07
1.672181889649414978e-07
1.646611676355775957e-07
7.422724571828110155e-04
1.776827900571160102e-07
1.860497875490189863e-07
1.717146581004726953e-07
3.648854269366621036e-05
1.666866516504265882e-07
1.616363424315682915e-07
1.669243354594901918e-07
1.644166982507135985e-07
1.619287623304682936e-07
1.634842330515305545e-07
1.672408448345115488e-07
1.627849399368429526e-07
1.675445836194295085e-07
1.539358830899484224e-07
1.590141578643833955e-07
1.499799789188328828e-07
2.136180444405238380e-07
1.457716283975528397e-07
1.450797098709193319e-07
2.828745567116816529e-05
1.388646040446251227e-07
2.619007922283494535e-05
1.367104143276302306e-07
1.336372687945516463e-07
1.293826846148028569e-07
1.987753848762726253e-07
1.211116877791320952e-07
1.224499870235855204e-07
1.279057920358528339e-07
1.280392656509246312e-07
1.292839391551739728e-07
1.366951682689573872e-07
1.424647697303792601e-07
1.421202972987653521e-07
1.461026274134717663e-07
1.305499719278685986e-07
1.299754021507552415e-07
1.276572999865939757e-07
1.262545920094936944e-07
1.248509790621814173e-07
1.227866334816844943e-07
1.247417970625877387e-07
1.220426815727204378e-07
1.301181287860873008e-07
1.273927797838952705e-07
1.393140949323765421e-07
1.292063545471942021e-07
1.357589993460773479e-07
1.359716199224300920e-07
1.371494213543461994e-07
1.484846447537286432e-07
1.251192543493204292e-07
1.315300722572819005e-07
1.187770449193860975e-07
1.236661362661860667e-07
1.185474618636122547e-07
1.089910086284327643e-07
1.370817319541126156e-07
1.121874631029627800e-07
1.131043978183758133e-07
1.083881033038388648e-07
1.181898116208135196e-07
1.080597812353769589e-07
1.201287254904249941e-07
1.125035971373427330e-07
1.123057115085181064e-07
1.093255576606967799e-07
1.097425773002852165e-07
1.026581799467369499e-07
1.064919209211614055e-07
1.004518670537790341e-07
1.018333696838189077e-07
1.073130571378221448e-07
9.867476397390310617e-08
1.038485870425244187e-07
1.014407499231541746e-07
1.008013079980637449e-07
1.007157546423485285e-07
9.479322727636984065e-08
1.013812408127221805e-07
1.004300011937321683e-07
9.704211535824078940e-08
1.000722011473562296e-07
1.045168133259939759e-07
9.803759899059033286e-08
9.788715923986955572e-08
1.029450501441221488e-07
9.880810264580898774e-08
1.011853131934780479e-07
1.018574540515570320e-07
1.057566338710716273e-07
1.048124122288821177e-07
1.085635652804147063e-07
1.144974829200555494e-07
9.546227005053997920e-08
1.015632167813465450e-07
1.020878507074186299e-07
1.025055746279910689e-07
9.932391022756959005e-08
1.134932032639046335e-07
9.312798155854623993e-08
1.024284428554051907e-07
1.038719403352392816e-07
9.782819473164101015e-08
9.882469130068977834e-08
9.962495912052902031e-08
9.869206925687186678e-08
1.027004599804027289e-07
9.413742620387645094e-08
1.052491842968877851e-07
1.017729031133006487e-07
8.815625456881837843e-08
9.640078678185297652e-08
9.544075283323486108e-08
9.527114595430435272e-08
8.471767778618712718e-08
9.681753749378578607e-08
8.566683427613558839e-08
8.596563907752963145e-08
8.458323796917175962e-08
8.450076102350267944e-08
8.437457314050166857e-08
8.656897035841370280e-08
8.321017284385935688e-08
8.195665722275015404e-08
8.488057726143522860e-08
8.468337407872276378e-08
8.076885434472206744e-08
9.332496990997516181e-08
8.190469739184248776e-08
8.989667670594375798e-08
8.539328086660455571e-08
8.677642867007066483e-08
8.545062714177485158e-08
8.093835614564097664e-08
8.600682505955152249e-08
8.076243549291270032e-08
7.928825601556400926e-08
7.904667414778588983e-08
7.679654101224862448e-08
8.631702097007218326e-08
8.222542335478355757e-08
8.197603762650275207e-08
8.130692528100220814e-08
8.213086168949087542e-08
7.776630299814586834e-08
7.519170845485238023e-08
7.477649743556870390e-08
7.932780068643678073e-08
7.631113234833960288e-08
7.643641746842928484e-08
7.603029482369711771e-08
7.732240729806169903e-08
7.581437464514910280e-08
7.565448110146859947e-08
7.564887291083181645e-08
7.460087896153417444e-08
8.593892093737817006e-08
7.521316812768743799e-08
7.980354068256298830e-08
7.733683565349682099e-08
7.727178158110310709e-08
7.859888132386799031e-08
7.927655769869580953e-08
8.037731828633576333e-08
8.008366627677885196e-08
7.945769541149474800e-08
7.853652130812326271e-08
7.938971578771909123e-08
7.199001972604258987e-08
8.220645826569563604e-08
7.240586105259042811e-08
7.867714419242358807e-08
7.490164457046036835e-08
7.864614497210910906e-08
7.624103594814857287e-08
7.705318067044809733e-08
7.626711784946357929e-08
7.647489258144729547e-08
7.664550863530749217e-08
7.492955078075614501e-08
7.460290001033646642e-08
7.750016897680281498e-08
7.397407596530252179e-08
7.802099757191815146e-08
7.588514899236007259e-08
7.601205036606837182e-08
7.654970230964791368e-08
7.768570692232794647e-08
7.646716568726688520e-08
7.650727972376043513e-08
7.584407622038281741e-08
7.804793847912684540e-08
7.297801681812389661e-08
8.970656808177198348e-08
7.318751912395148831e-08
8.181162875615985677e-08
7.428944029802785990e-08
7.550138017201666616e-08
7.557025736680143737e-08
7.446994374159884821e-08
7.394884979928872168e-08
7.416135521772238322e-08
7.362850032977416260e-08
7.426178680299222170e-08
6.894679196386678061e-08
7.724180640504674363e-08
7.027373478644878242e-08
7.636993955179668065e-08
7.267433922281997591e-08
7.317436967338590488e-08
7.275446663274487499e-08
7.141398368642377233e-08
7.058550186555283029e-08
6.721133751373602775e-08
7.146490179275141975e-08
6.896241696162896706e-08
7.080461644192464470e-08
7.070679539560558322e-08
7.050221584836283264e-08
6.897433037522647553e-08
6.972282929141576633e-08
7.646090140600381310e-08
7.075947261610021065e-08
6.694300897382568818e-08
7.847190060094528306e-08
7.144327077585285110e-08
7.159007564951348176e-08
6.922150603952348781e-08
6.892430786294621237e-08
6.868258778680770466e-08
6.893914696170318867e-08
6.875670302886544634e-08
6.858779638989350703e-08
6.995809825279909570e-08
6.688237266857799691e-08
7.233020405057498601e-08
6.771482545623004575e-08
6.981505019629728110e-08
6.938828105885064407e-08
6.945635223864992129e-08
6.747479217348158578e-08
6.716608361814032318e-08
6.646357995422741542e-08
6.800428820391688604e-08
6.525013530957752436e-08
6.722525983038820187e-08
6.792821122696332089e-08
6.758935264274623286e-08
6.774472042379548384e-08
6.776495372161359920e-08
6.338855183606979834e-08
6.708120753764488570e-08
6.557458071511845970e-08
6.727914608198702221e-08
6.548303473379187744e-08
6.699676723103791387e-08
6.715053060118035646e-08
6.490450830751789215e-08
6.614678082289908534e-08
6.710860346148983227e-08
6.506734844525721667e-08
6.572117962534573480e-08
6.518676029291402810e-08
6.512486717221219066e-08
6.502059121007672654e-08
6.471803147917268340e-08
6.660023461392237563e-08
6.361859403641653223e-08
6.646194623675349665e-08
6.466493115311063328e-08
6.581063230902493065e-08
6.588186777755965023e-08
6.601976712947673509e-08
6.545112456791270278e-08
6.625388204146656509e-08
6.531288912786218263e-08
6.790000451906478826e-08
6.475551021710864974e-08
6.638650825919265044e-08
6.562731676555642862e-08
6.539196425019198219e-08
6.531792488571136203e-08
6.507598433297827470e-08
6.514781083738682463e-08
6.433009907722279881e-08
6.630819165257744147e-08
6.222723588212762405e-08
6.549408821397926866e-08
6.437365736609669687e-08
6.425032537581640610e-08
6.420041066401820191e-08
6.451883906484367606e-08
6.273973298372482000e-08
6.487588996325175622e-08
6.275828201704623608e-08
6.447184167036068336e-08
6.446814114732115884e-08
6.367908687672157607e-08
6.361065753395723452e-08
6.340414255302412082e-08
6.332361865732956484e-08
6.342334797224769668e-08
6.272640169288768205e-08
6.023136437427916512e-08
7.010632058425838123e-08
6.212936426791285207e-08
6.467058854500521635e-08
6.108577367806164568e-08
6.350003772218661187e-08
6.138444177359843384e-08
6.238576171610348473e-08
6.218475642674425045e-08
6.197460221784689122e-08
6.167456606823219842e-08
6.173522190068463375e-08
6.201417518969235505e-08
6.186059238200607837e-08
6.250792706407938532e-08
6.229452970702423936e-08
6.165504714193642783e-08
6.649836096109791107e-08
6.132376925420968473e-08
6.459716742416681259e-08
6.208521513792871642e-08
