3.703333333333333144e+01
3.360833333333333428e+01
5.719166666666666998e+01
5.967499999999999716e+01
8.298333333333333428e+01
7.754999999999999716e+01
8.336666666666667425e+01
8.123333333333333428e+01
9.660833333333333428e+01
9.435833333333333428e+01
9.856666666666666288e+01
9.921666666666666856e+01
9.577500000000000568e+01
9.905833333333333712e+01
9.947499999999999432e+01
9.961666666666666003e+01
9.961666666666666003e+01
9.978333333333333144e+01
9.987500000000000000e+01
9.985833333333333428e+01
9.991666666666667140e+01
9.990000000000000568e+01
9.994166666666666288e+01
9.989166666666666572e+01
9.994166666666666288e+01
9.999166666666666003e+01
9.999166666666666003e+01
9.999166666666666003e+01
1.000000000000000000e+02
9.998333333333333428e+01
9.995000000000000284e+01
9.987500000000000000e+01
9.983333333333332860e+01
9.993333333333333712e+01
9.984166666666666856e+01
9.824166666666666003e+01
9.967499999999999716e+01
9.974166666666666003e+01
9.978333333333333144e+01
9.983333333333332860e+01
9.924166666666666003e+01
9.985833333333333428e+01
9.992499999999999716e+01
9.995000000000000284e+01
9.997499999999999432e+01
1.000000000000000000e+02
1.000000000000000000e+02
1.000000000000000000e+02
1.000000000000000000e+02
1.000000000000000000e+02
1.000000000000000000e+02
1.000000000000000000e+02
1.000000000000000000e+02
1.000000000000000000e+02
1.000000000000000000e+02
1.000000000000000000e+02
1.000000000000000000e+02
1.000000000000000000e+02
1.000000000000000000e+02
9.940000000000000568e+01
1.000000000000000000e+02
1.000000000000000000e+02
1.000000000000000000e+02
1.000000000000000000e+02
1.000000000000000000e+02
1.000000000000000000e+02
1.000000000000000000e+02
1.000000000000000000e+02
1.000000000000000000e+02
1.000000000000000000e+02
1.000000000000000000e+02
1.000000000000000000e+02
1.000000000000000000e+02
1.000000000000000000e+02
1.000000000000000000e+02
9.970000000000000284e+01
1.000000000000000000e+02
1.000000000000000000e+02
1.000000000000000000e+02
1.000000000000000000e+02
9.996666666666666856e+01
1.000000000000000000e+02
1.000000000000000000e+02
9.979166666666667140e+01
9.865833333333333144e+01
1.000000000000000000e+02
9.956666666666666288e+01
9.983333333333332860e+01
9.959999999999999432e+01
9.961666666666666003e+01
9.959999999999999432e+01
1.000000000000000000e+02
1.000000000000000000e+02
1.000000000000000000e+02
1.000000000000000000e+02
1.000000000000000000e+02
1.000000000000000000e+02
1.000000000000000000e+02
1.000000000000000000e+02
9.993333333333333712e+01
9.984999999999999432e+01
9.988333333333333997e+01
9.996666666666666856e+01
9.985833333333333428e+01
9.984166666666666856e+01
9.987500000000000000e+01
9.984166666666666856e+01
9.982500000000000284e+01
9.986666666666666003e+01
9.981666666666666288e+01
9.980833333333333712e+01
9.977500000000000568e+01
9.578333333333333144e+01
9.990000000000000568e+01
9.990833333333333144e+01
9.988333333333333997e+01
9.987500000000000000e+01
9.990833333333333144e+01
9.991666666666667140e+01
1.000000000000000000e+02
9.995833333333332860e+01
9.995833333333332860e+01
9.995833333333332860e+01
9.985833333333333428e+01
9.984166666666666856e+01
9.982500000000000284e+01
9.982500000000000284e+01
9.981666666666666288e+01
9.980833333333333712e+01
9.980833333333333712e+01
9.979999999999999716e+01
9.740000000000000568e+01
9.968333333333333712e+01
9.985833333333333428e+01
9.982500000000000284e+01
9.983333333333332860e+01
9.978333333333333144e+01
9.975000000000000000e+01
9.917499999999999716e+01
9.899166666666666003e+01
9.879166666666667140e+01
9.865833333333333144e+01
9.867499999999999716e+01
9.741666666666667140e+01
9.925000000000000000e+01
9.917499999999999716e+01
9.917499999999999716e+01
9.900833333333333997e+01
9.979999999999999716e+01
9.965000000000000568e+01
9.947499999999999432e+01
9.930833333333333712e+01
9.927500000000000568e+01
9.928333333333333144e+01
9.950833333333333997e+01
9.949166666666666003e+01
9.966666666666667140e+01
9.957500000000000284e+01
9.893333333333333712e+01
9.954999999999999716e+01
9.954999999999999716e+01
9.903333333333333144e+01
9.903333333333333144e+01
9.866666666666667140e+01
9.904166666666667140e+01
9.862500000000000000e+01
9.958333333333332860e+01
9.920833333333332860e+01
9.976666666666666572e+01
9.972499999999999432e+01
9.976666666666666572e+01
9.977500000000000568e+01
9.984166666666666856e+01
9.993333333333333712e+01
9.994166666666666288e+01
1.000000000000000000e+02
9.993333333333333712e+01
1.000000000000000000e+02
9.995833333333332860e+01
9.985833333333333428e+01
9.994166666666666288e+01
9.993333333333333712e+01
9.993333333333333712e+01
9.993333333333333712e+01
9.979999999999999716e+01
9.983333333333332860e+01
9.979999999999999716e+01
1.000000000000000000e+02
9.991666666666667140e+01
1.000000000000000000e+02
1.000000000000000000e+02
1.000000000000000000e+02
1.000000000000000000e+02
1.000000000000000000e+02
1.000000000000000000e+02
1.000000000000000000e+02
1.000000000000000000e+02
1.000000000000000000e+02
1.000000000000000000e+02
1.000000000000000000e+02
1.000000000000000000e+02
1.000000000000000000e+02
1.000000000000000000e+02
1.000000000000000000e+02
1.000000000000000000e+02
1.000000000000000000e+02
1.000000000000000000e+02
1.000000000000000000e+02
1.000000000000000000e+02
1.000000000000000000e+02
1.000000000000000000e+02
1.000000000000000000e+02
1.000000000000000000e+02
1.000000000000000000e+02
1.000000000000000000e+02
1.000000000000000000e+02
1.000000000000000000e+02
1.000000000000000000e+02
1.000000000000000000e+02
1.000000000000000000e+02
1.000000000000000000e+02
1.000000000000000000e+02
1.000000000000000000e+02
1.000000000000000000e+02
1.000000000000000000e+02
1.000000000000000000e+02
1.000000000000000000e+02
1.000000000000000000e+02
1.000000000000000000e+02
1.000000000000000000e+02
1.000000000000000000e+02
1.000000000000000000e+02
1.000000000000000000e+02
1.000000000000000000e+02
1.000000000000000000e+02
1.000000000000000000e+02
1.000000000000000000e+02
1.000000000000000000e+02
1.000000000000000000e+02
1.000000000000000000e+02
1.000000000000000000e+02
1.000000000000000000e+02
1.000000000000000000e+02
1.000000000000000000e+02
1.000000000000000000e+02
1.000000000000000000e+02
1.000000000000000000e+02
1.000000000000000000e+02
1.000000000000000000e+02
1.000000000000000000e+02
1.000000000000000000e+02
1.000000000000000000e+02
1.000000000000000000e+02
1.000000000000000000e+02
1.000000000000000000e+02
1.000000000000000000e+02
1.000000000000000000e+02
1.000000000000000000e+02
1.000000000000000000e+02
1.000000000000000000e+02
1.000000000000000000e+02
1.000000000000000000e+02
1.000000000000000000e+02
1.000000000000000000e+02
1.000000000000000000e+02
1.000000000000000000e+02
1.000000000000000000e+02
1.000000000000000000e+02
1.000000000000000000e+02
1.000000000000000000e+02
1.000000000000000000e+02
1.000000000000000000e+02
1.000000000000000000e+02
1.000000000000000000e+02
1.000000000000000000e+02
1.000000000000000000e+02
1.000000000000000000e+02
1.000000000000000000e+02
1.000000000000000000e+02
1.000000000000000000e+02
1.000000000000000000e+02
1.000000000000000000e+02
1.000000000000000000e+02
1.000000000000000000e+02
1.000000000000000000e+02
1.000000000000000000e+02
1.000000000000000000e+02
1.000000000000000000e+02
1.000000000000000000e+02
1.000000000000000000e+02
1.000000000000000000e+02
1.000000000000000000e+02
1.000000000000000000e+02
1.000000000000000000e+02
1.000000000000000000e+02
1.000000000000000000e+02
1.000000000000000000e+02
1.000000000000000000e+02
1.000000000000000000e+02
1.000000000000000000e+02
1.000000000000000000e+02
1.000000000000000000e+02
1.000000000000000000e+02
1.000000000000000000e+02
1.000000000000000000e+02
1.000000000000000000e+02
1.000000000000000000e+02
1.000000000000000000e+02
1.000000000000000000e+02
1.000000000000000000e+02
1.000000000000000000e+02
1.000000000000000000e+02
1.000000000000000000e+02
1.000000000000000000e+02
1.000000000000000000e+02
1.000000000000000000e+02
1.000000000000000000e+02
1.000000000000000000e+02
1.000000000000000000e+02
1.000000000000000000e+02
1.000000000000000000e+02
1.000000000000000000e+02
1.000000000000000000e+02
1.000000000000000000e+02
1.000000000000000000e+02
1.000000000000000000e+02
1.000000000000000000e+02
1.000000000000000000e+02
1.000000000000000000e+02
1.000000000000000000e+02
1.000000000000000000e+02
1.000000000000000000e+02
1.000000000000000000e+02
1.000000000000000000e+02
1.000000000000000000e+02
1.000000000000000000e+02
1.000000000000000000e+02
1.000000000000000000e+02
1.000000000000000000e+02
1.000000000000000000e+02
1.000000000000000000e+02
1.000000000000000000e+02
1.000000000000000000e+02
1.000000000000000000e+02
1.000000000000000000e+02
1.000000000000000000e+02
1.000000000000000000e+02
1.000000000000000000e+02
1.000000000000000000e+02
1.000000000000000000e+02
1.000000000000000000e+02
1.000000000000000000e+02
1.000000000000000000e+02
1.000000000000000000e+02
1.000000000000000000e+02
1.000000000000000000e+02
1.000000000000000000e+02
1.000000000000000000e+02
1.000000000000000000e+02
1.000000000000000000e+02
1.000000000000000000e+02
1.000000000000000000e+02
1.000000000000000000e+02
1.000000000000000000e+02
1.000000000000000000e+02
1.000000000000000000e+02
1.000000000000000000e+02
1.000000000000000000e+02
1.000000000000000000e+02
1.000000000000000000e+02
1.000000000000000000e+02
1.000000000000000000e+02
1.000000000000000000e+02
1.000000000000000000e+02
1.000000000000000000e+02
1.000000000000000000e+02
1.000000000000000000e+02
1.000000000000000000e+02
1.000000000000000000e+02
1.000000000000000000e+02
1.000000000000000000e+02
1.000000000000000000e+02
1.000000000000000000e+02
1.000000000000000000e+02
1.000000000000000000e+02
1.000000000000000000e+02
1.000000000000000000e+02
1.000000000000000000e+02
1.000000000000000000e+02
1.000000000000000000e+02
1.000000000000000000e+02
1.000000000000000000e+02
1.000000000000000000e+02
1.000000000000000000e+02
1.000000000000000000e+02
1.000000000000000000e+02
1.000000000000000000e+02
1.000000000000000000e+02
1.000000000000000000e+02
1.000000000000000000e+02
1.000000000000000000e+02
1.000000000000000000e+02
1.000000000000000000e+02
1.000000000000000000e+02
1.000000000000000000e+02
1.000000000000000000e+02
1.000000000000000000e+02
1.000000000000000000e+02
1.000000000000000000e+02
1.000000000000000000e+02
1.000000000000000000e+02
1.000000000000000000e+02
1.000000000000000000e+02
1.000000000000000000e+02
1.000000000000000000e+02
1.000000000000000000e+02
1.000000000000000000e+02
1.000000000000000000e+02
1.000000000000000000e+02
1.000000000000000000e+02
1.000000000000000000e+02
1.000000000000000000e+02
1.000000000000000000e+02
1.000000000000000000e+02
1.000000000000000000e+02
1.000000000000000000e+02
1.000000000000000000e+02
1.000000000000000000e+02
1.000000000000000000e+02
1.000000000000000000e+02
1.000000000000000000e+02
1.000000000000000000e+02
1.000000000000000000e+02
1.000000000000000000e+02
1.000000000000000000e+02
1.000000000000000000e+02
1.000000000000000000e+02
1.000000000000000000e+02
1.000000000000000000e+02
1.000000000000000000e+02
1.000000000000000000e+02
1.000000000000000000e+02
1.000000000000000000e+02
1.000000000000000000e+02
1.000000000000000000e+02
1.000000000000000000e+02
1.000000000000000000e+02
1.000000000000000000e+02
1.000000000000000000e+02
1.000000000000000000e+02
1.000000000000000000e+02
1.000000000000000000e+02
1.000000000000000000e+02
1.000000000000000000e+02
1.000000000000000000e+02
1.000000000000000000e+02
1.000000000000000000e+02
1.000000000000000000e+02
1.000000000000000000e+02
1.000000000000000000e+02
1.000000000000000000e+02
1.000000000000000000e+02
1.000000000000000000e+02
1.000000000000000000e+02
1.000000000000000000e+02
1.000000000000000000e+02
1.000000000000000000e+02
1.000000000000000000e+02
1.000000000000000000e+02
1.000000000000000000e+02
