6.459515686438362103e-02
5.646565928692038466e-02
4.238763788129741583e-02
3.211746489778228436e-02
2.645367039412443305e-02
2.951493283970835907e-02
1.573756302287633926e-02
1.509968394350932192e-02
6.916280911735133048e-03
8.221138956244298385e-03
4.228535799017048118e-03
2.995739114524279250e-03
7.299538064665721943e-03
1.372471779094889188e-03
7.888806368154218426e-04
4.605655124430336643e-04
5.281265144354403912e-04
3.487260419144629434e-04
2.450159775253043658e-04
2.940378793201917779e-04
1.908062653481046431e-04
2.715231188670502857e-04
1.645342219862665613e-04
2.247621059492667351e-04
1.703850932232078830e-04
9.699099749346177645e-05
7.699965190217843776e-05
5.958269569642140999e-05
5.094166829050324392e-05
4.799478868637543276e-05
8.278873797976160425e-05
1.613765016839985105e-04
2.495941113016917766e-04
8.349190026564712276e-05
2.400000998378812951e-04
2.867369306212365614e-03
4.592726612658016541e-04
4.013586704307813002e-04
3.394763082177519532e-04
2.516323211675053568e-04
1.122947450228602888e-03
2.052941561642778151e-04
9.588811664724264708e-05
6.075071028427884805e-05
2.252581692084828480e-05
8.049136140730665825e-06
6.101737495822389075e-06
5.900287535613735788e-06
3.176025911533280756e-06
2.746037382560676436e-06
4.347783153113575566e-06
2.985241808873688501e-06
8.011535086914159336e-06
5.517693445833457087e-06
3.548654278918046876e-06
2.823848623286350346e-06
1.998862711489582483e-06
1.885348234648278814e-06
1.487459608887504778e-06
1.001030597502849907e-03
1.541783722651814122e-06
1.085278150872933256e-06
9.448561886916089072e-07
8.043754736047821033e-07
8.042872548805407260e-07
8.459610034789642280e-07
6.953955890244031582e-07
6.476534442853664109e-07
7.943755889445432014e-07
6.130215990421598966e-07
6.143610850730419492e-07
5.610084146492432726e-07
5.384901807199912046e-07
4.236924645149954451e-07
4.083061329623021993e-07
4.672204814338558505e-04
3.807940096328211683e-07
2.834613881000661737e-07
3.832631161718857815e-07
3.273657098595943908e-07
2.971027558481189327e-05
2.153334958998325960e-07
1.993716152192380934e-07
3.355858558536451222e-04
2.227305138475669036e-03
1.400642981520916992e-07
6.631821133093408673e-04
2.594669297766617755e-04
6.057142961198083968e-04
5.846412987304831690e-04
6.185649396097900885e-04
1.166988537249084527e-07
1.097302073666454775e-07
9.238370057150743536e-08
1.292302994322787904e-07
1.215093731055600346e-07
1.138914679971800032e-07
1.417474938281614969e-07
1.154464809443236489e-07
1.013703570739088932e-04
2.197917402738677555e-04
1.802412557424359473e-04
5.035444741185362492e-05
2.131261000266945879e-04
2.364211217715050212e-04
2.016289932822165696e-04
2.449024319789690012e-04
2.732497001388303607e-04
2.148818937998959848e-04
2.641366355033884046e-04
2.776872870642106044e-04
3.446470874149514256e-04
5.914016060398612565e-03
1.488545776084561497e-04
1.361208505489542025e-04
1.826839266924019315e-04
1.935200564801369504e-04
1.405297866437511106e-04
1.230805542657364103e-04
9.316297714703893196e-08
5.894710675693809118e-05
6.269141276937048211e-05
5.786144481884538657e-05
1.928918053563721065e-04
2.303195711060252522e-04
2.670407204781925867e-04
2.680038800287313670e-04
2.776112288600368606e-04
2.914490916876546415e-04
3.032950863984818770e-04
3.147295184497361331e-04
3.303831312168134787e-03
4.075459068357591965e-04
1.839692959578278250e-04
2.433520357915615112e-04
2.674279256014195521e-04
2.931064663643041172e-04
3.371568610998921514e-04
1.215566516474586361e-03
1.408569124477866089e-03
1.499289296046154608e-03
1.638016761484741533e-03
1.707633339247446825e-03
3.337764044036362239e-03
1.078472302611144283e-03
1.240630366451673204e-03
1.256666351040077465e-03
1.494349982893812632e-03
2.946602137243630511e-04
5.234251670857416154e-04
7.924223649734775301e-04
1.043164608032721248e-03
1.117219495017854640e-03
1.103787246939026039e-03
7.515187842790684025e-04
7.796274882364280338e-04
5.224142566534451491e-04
5.841987089768167817e-04
1.517417670119309290e-03
6.084691650240503513e-04
6.421005358645162208e-04
1.328162318230377515e-03
1.371326149710051833e-03
1.952667723981894561e-03
1.406758018532706543e-03
1.850367465004756169e-03
5.360435222663207299e-04
1.149618562289257294e-03
3.331188208632289839e-04
3.693290290812093380e-04
3.189917571021883653e-04
2.868385143192820762e-04
2.199748034419438125e-04
1.102714447368578299e-04
1.045127363221034464e-04
1.868038968258760365e-06
9.139544660328308406e-05
1.731031985828640061e-07
5.966056389848807252e-05
2.160256775174834471e-04
8.096662691106189171e-05
9.721348029639584126e-05
9.273469987563116032e-05
9.109516711712103921e-05
2.994342664033308255e-04
2.617896291265521883e-04
3.060838946907410525e-04
9.781329478098148829e-08
1.248500375107320141e-04
9.319839232491748862e-08
1.486367920927393041e-07
8.658181570015086101e-08
1.401687950775210246e-07
1.037230787513537733e-07
9.156398437843627513e-08
8.461437839337570674e-08
1.250014233515132944e-07
9.535056726799490708e-08
7.893399213548390727e-08
1.172704573256959016e-07
1.006138084663384974e-07
8.976530470455078340e-08
9.560006442266949657e-08
9.622575916560285909e-08
8.276309178504814546e-08
1.394879095236262907e-07
1.018697038680335472e-07
9.323132907974644319e-08
1.037064599571506977e-07
9.769467937410336659e-08
1.053463662096311650e-07
1.021329970268951170e-07
1.094065361370699479e-07
9.647725327848340498e-08
1.121245132972201687e-07
5.370577839693055786e-08
1.131782038918085031e-07
7.045923433828309274e-08
1.135270317160936855e-07
1.079147958013082109e-07
1.140692369701286287e-07
1.125485760227016424e-07
8.312380885738694771e-08
9.054231410276400111e-08
9.046797795330038639e-08
8.842445201998434945e-08
8.737402279190869070e-08
6.925623162924211441e-08
1.614983939202241949e-07
7.427421475710786907e-08
1.048166372813668336e-07
8.123033265779476886e-08
9.345490241323623386e-08
9.879952201403344114e-08
8.721193094548853444e-08
9.522380961362754093e-08
8.940708048486071742e-08
1.340830339052314272e-07
9.426881066052953469e-08
1.112530654664813939e-07
9.889816837627535887e-08
9.525318385168199491e-08
9.272770663605363713e-08
1.353097454233634651e-07
6.967856100093466823e-08
1.191121269288316819e-07
8.280089882160308787e-08
1.013988663216110355e-07
9.361301879730396553e-08
9.034199945959095728e-08
8.912687683484432989e-08
1.041859179970658623e-07
7.029805554132193461e-08
9.944459902164567814e-08
7.418970239742575011e-08
1.159032312104642151e-07
8.308743607527032702e-08
9.335237279261808218e-08
9.069956807111435125e-08
1.205784140001013817e-07
9.692997451956289616e-08
8.763681869193093845e-08
1.001374233116421531e-07
9.932293069965103382e-08
1.002955645222502142e-07
8.513774578498892790e-08
1.263723005897714566e-07
7.738062558102078053e-08
1.016254532213100426e-07
9.766017108902083399e-08
9.892822295760216200e-08
1.341007698348654513e-07
8.034721282449207654e-08
1.123947376688752440e-07
1.038434702230131571e-07
8.957811278620087315e-08
9.150466112433930047e-08
7.883429486515228972e-08
9.284240688037260960e-08
8.641070088220097666e-08
7.467695617047819214e-08
8.834181619262714284e-08
6.637119188134888292e-08
7.187431125286848009e-08
5.759342245513430158e-08
5.968203897905377570e-08
5.370400850577815443e-08
5.029395377531869943e-08
1.134287949274517342e-07
5.165471364839522381e-08
8.169966427133360676e-08
5.499251407106906736e-08
5.089269958477146732e-08
6.780875169601826736e-08
5.484722518144076734e-08
5.422518735346596303e-08
6.811641736231655965e-08
5.961468966078300665e-08
5.903677146532787706e-08
5.926223935050624205e-08
6.171960446699685090e-08
5.384435245012777586e-08
7.107826194030983346e-08
5.952146862939113790e-08
6.218924387152332658e-08
6.233949419317496116e-08
6.167692611343180669e-08
6.130986730551197770e-08
6.796409905704162142e-08
5.675668301594451327e-08
8.019863833324490285e-08
6.711706063960057123e-08
6.841360203475711543e-08
7.354466043747983684e-08
5.612861708326655434e-08
7.660262826509336203e-08
6.258260749608365474e-08
6.385060145349182051e-08
6.644389303599556993e-08
6.382916830238081876e-08
6.253484903362328251e-08
6.741461056296187975e-08
6.577498519779928294e-08
7.038363117855078820e-08
6.341436357419965902e-08
8.007278415037626288e-08
6.095893943646137428e-08
7.304012320550565837e-08
6.859206755194822928e-08
7.051093948962728163e-08
7.066654379357281020e-08
6.770694925071748977e-08
6.992055590495791242e-08
6.983159131141818608e-08
6.855078744969275413e-08
7.078146342767205930e-08
5.932624347770831085e-08
8.014856013337010600e-08
4.880042817502929773e-08
7.501409943672469615e-08
5.630935620718120081e-08
6.982879757517751201e-08
6.851787271114197326e-08
6.877884707155228520e-08
6.939855568016795826e-08
6.980699851183640418e-08
6.006922892298347993e-08
6.259231823151005025e-08
5.994767942193739455e-08
6.386856130000659939e-08
5.516523197564693504e-08
6.565534244738898331e-08
5.296909680362684333e-08
8.730148760315748598e-08
5.771233060208616644e-08
5.909903126682919425e-08
5.852913770398592537e-08
6.486098368739934996e-08
6.492200132564034180e-08
6.284033030361854125e-08
5.860795123583477648e-08
5.760293735768525773e-08
5.623949384440355171e-08
5.441595801785922866e-08
5.676685850715658560e-08
5.083063756763979840e-08
1.969023825841573387e-07
5.232184773283751822e-08
5.817729323529272582e-08
3.488799163582632897e-08
5.590886408924112573e-08
4.133907420679604737e-08
5.312494349062179127e-08
5.252841092581489001e-08
5.301192921073265762e-08
5.075887047626391817e-08
5.078326279422594506e-08
4.954376285068106559e-08
6.982571665276016526e-08
4.657430194265221763e-08
5.670834949893482749e-08
4.744470165631904514e-08
5.085565215741723230e-08
4.858161656429535575e-08
4.990843776036647133e-08
5.044930976081264948e-08
5.027984020297891190e-08
5.036385527867100437e-08
4.986592831777253790e-08
4.391530078217140875e-08
5.428643187532030961e-08
4.647630028681347727e-08
4.785247758688575680e-08
4.747572218169481254e-08
4.700847535710172105e-08
5.368047127085077190e-08
4.885610323116360342e-08
4.936348996174983910e-08
4.824345080630198671e-08
4.941504099259325864e-08
4.393327650095926235e-08
7.577825177024932053e-08
4.715450163924516164e-08
5.943708033379393014e-08
4.616702652064248666e-08
5.196731220307946272e-08
4.790247019825253337e-08
4.859441057757802551e-08
4.996037920006469923e-08
4.979273710821174801e-08
4.967100894878216243e-08
5.054442225502668619e-08
4.871799323643676769e-08
5.916746899564003386e-08
4.905717732892439415e-08
5.126635731963565343e-08
5.087282539328500297e-08
5.118196974691548727e-08
5.459425896180409368e-08
5.050579010192890248e-08
5.898512417594571848e-08
4.668081228799543644e-08
5.564163072151741217e-08
5.009157022733473404e-08
5.269358734864603954e-08
5.246255202939568366e-08
5.185175020679419335e-08
5.278951384588912702e-08
5.343330530868373459e-08
4.684242248703307785e-08
5.249836578431675365e-08
5.345685586628366715e-08
5.125373341419789474e-08
5.249806020839866981e-08
5.265345765742289335e-08
5.382122822309445847e-08
5.016607835275701450e-08
5.549433307559836296e-08
4.902163157250541858e-08
5.506160005036324748e-08
5.029152055605431670e-08
5.158034549417724928e-08
5.272634539897066244e-08
5.249256698354125968e-08
5.229705110030986495e-08
5.277088161908228100e-08
5.298730965849451644e-08
5.318264291849991507e-08
5.630768957826378859e-08
5.537785105297307337e-08
5.115914272326804059e-08
5.577938091484645936e-08
5.417214046293028838e-08
5.275876321392673714e-08
5.409661358224333121e-08
5.322750431592286057e-08
5.238937446250978780e-08
5.250614682375784573e-08
5.149620849697556494e-08
5.406790788692819075e-08
5.018208533845623683e-08
5.706515341046331963e-08
4.981566332252215714e-08
5.264067889138074482e-08
5.234426517436638145e-08
4.932725601423770183e-08
5.306346292279867966e-08
5.088962405582368025e-08
5.260407838590703696e-08
5.259375949830714717e-08
