1.333429210519475328e-01
1.050135058246105257e-01
1.039976651202726837e-01
1.371351668486978093e-01
1.120548564196341274e-01
7.744144314099074555e-02
1.015435636017362059e-01
1.283028866414609725e-01
6.577733552270484396e-02
7.752405075405541246e-02
9.897286997008039600e-02
6.114686172604862774e-02
6.805712876384124865e-02
5.695954706286582292e-02
6.249540919037192138e-02
5.485131775700378270e-02
5.603085641655963789e-02
5.418335995991238607e-02
5.407345574320990278e-02
5.358954812956645553e-02
5.317863185863543063e-02
5.306582167568426461e-02
5.245779302955414641e-02
5.252141431942766725e-02
5.189657842706663082e-02
5.178682595160911256e-02
5.121531492770180910e-02
5.077799816427008145e-02
5.026172435496825686e-02
4.986981213242336342e-02
4.932937049868903190e-02
4.898656471308997229e-02
4.843467103893388248e-02
4.802238133050718005e-02
4.768157327514017940e-02
4.729051304318674515e-02
4.684762583494021804e-02
4.640459079859673291e-02
4.606922288618827549e-02
4.558833172165622366e-02
4.515736363272906256e-02
4.473497811205407598e-02
4.429947179193662044e-02
4.387620152736834006e-02
4.344650594940702160e-02
4.303044336155007615e-02
4.258178987165341794e-02
4.224933092155675612e-02
4.187604256913160516e-02
4.196665945491694777e-02
4.169574269023521712e-02
4.164248473106959419e-02
4.139438808214686294e-02
4.122963528635694569e-02
4.105266092867593253e-02
4.088474144385360193e-02
4.073775847863714966e-02
4.050588138258845450e-02
4.034274111918374067e-02
4.017894722527918377e-02
4.001559004869358060e-02
3.995734200752643073e-02
3.981283967856727446e-02
3.978151870783450117e-02
3.960124697645722031e-02
3.954208708260227578e-02
3.946002082385449694e-02
3.937169334904764423e-02
3.926134494884946091e-02
3.916463634831029300e-02
3.903698801219294967e-02
3.898559719483550567e-02
3.889509585871697012e-02
3.885265011485693892e-02
3.876379594384656013e-02
3.870286518159635897e-02
3.863248881915435501e-02
3.854852707400213685e-02
3.847897367188257700e-02
3.839808845019507949e-02
3.830542786068686506e-02
3.823179033730780829e-02
3.816491278642661356e-02
3.816811821824051681e-02
3.809312917377891128e-02
3.805356661224065101e-02
3.800364134096952812e-02
3.793802504094656580e-02
3.788677415374829688e-02
3.783065458024056221e-02
3.778518316164704294e-02
3.775099284984031328e-02
3.767715011434694811e-02
3.764429842385658836e-02
3.758104686557135060e-02
3.754747870864585946e-02
3.753080164168308419e-02
3.749352776893963984e-02
3.744185336508216999e-02
3.740631656250083953e-02
3.734892383609868249e-02
3.730987698975771899e-02
3.724181626214765478e-02
3.722398388574561789e-02
3.717869286711036891e-02
3.714698621351718300e-02
3.708911327732188762e-02
3.703272418428593671e-02
3.698694122690672492e-02
3.695916790725166379e-02
3.693096644521707411e-02
3.689717431424061056e-02
3.688285540363512444e-02
3.683605289417893336e-02
3.679590512993097945e-02
3.674316815543682974e-02
3.668943986056447115e-02
3.665212745310718334e-02
3.662658129128259360e-02
3.660925278850152287e-02
3.656921128686762418e-02
3.655140885130202938e-02
3.651585974175405869e-02
3.648095657138898662e-02
3.645911333791851394e-02
3.642540030707731163e-02
3.639625807512351235e-02
3.635471100659326549e-02
3.632693794313795327e-02
3.629916463083167344e-02
3.628845352059649476e-02
3.625886272325940657e-02
3.624016527958510286e-02
3.621705448036609265e-02
3.617906776493033660e-02
3.615576780385890837e-02
3.611962494642760590e-02
3.608546554106802084e-02
3.605478167899069109e-02
3.602891720287759031e-02
3.599514268020866797e-02
3.598710452830833351e-02
3.596918645877811294e-02
3.595330488068734787e-02
3.592720322584128795e-02
3.590062462885023481e-02
3.587358140419297237e-02
3.584139164696726471e-02
3.581448538638748458e-02
3.579587579899543709e-02
3.576699007128104207e-02
3.575848734698749976e-02
3.572958830130782554e-02
3.570995882664056847e-02
3.568225741979392379e-02
3.565657971563566259e-02
3.562570638960713826e-02
3.558974283030626878e-02
3.556480108032680082e-02
3.554784815615313204e-02
3.553280230286948171e-02
3.552026654371093911e-02
3.552056485074620018e-02
3.548983064699540863e-02
3.548313399539573115e-02
3.546624217271884122e-02
3.546096466081617021e-02
3.544778329515298199e-02
3.543074549191242706e-02
3.541453831919946088e-02
3.539070290557053827e-02
3.537641374065571970e-02
3.536337019030109247e-02
3.534884649551282843e-02
3.533768451421032825e-02
3.532041686276096021e-02
3.530810479513851047e-02
3.528371543622622897e-02
3.526454638008025971e-02
3.524493590067726695e-02
3.522414887265404998e-02
3.520834004809430401e-02
3.521115091981462386e-02
3.518198828292441738e-02
3.518519774099917313e-02
3.517041758208562519e-02
3.515717827679704088e-02
3.514545629321545739e-02
3.513595014200710659e-02
3.511533111561149223e-02
3.509874712758279808e-02
3.507650099770939084e-02
3.505515439799598842e-02
3.503138651488572897e-02
3.501451949650206952e-02
3.501413418863845439e-02
3.498480832895327353e-02
3.497969884467366786e-02
3.495675072239687320e-02
3.496422110432880620e-02
3.494502956670584443e-02
3.493741079847988151e-02
3.492054028303195196e-02
3.490643422039957366e-02
3.489222659541899030e-02
3.489418798083061823e-02
3.487688301768214483e-02
3.487300455112099518e-02
3.485788689219565528e-02
3.485345838383211575e-02
3.483835573420779319e-02
3.482585370783424644e-02
3.482118922306891295e-02
3.480654547250915803e-02
3.480924240857424801e-02
3.479044484152758743e-02
3.478516328635601618e-02
3.477068003471322361e-02
3.475971861995191120e-02
3.474558152454521737e-02
3.473172010802744181e-02
3.472808705012494362e-02
3.471499896814825986e-02
3.471160228427463967e-02
3.469740599904991979e-02
3.468728209858518152e-02
3.467523991768849817e-02
3.466303623755991742e-02
3.465332714933615915e-02
3.463806903387295355e-02
3.462846711602390187e-02
3.461836345861547815e-02
3.461404710001369373e-02
3.459805526823178656e-02
3.459193418551561455e-02
3.457254841479177193e-02
3.456758334998000920e-02
3.455759404978305666e-02
3.455671408669764438e-02
3.454386512101990242e-02
3.453204611752446612e-02
3.452065617127645508e-02
3.450602219265299503e-02
3.449122220511704334e-02
3.447960288667347578e-02
3.447324623431918811e-02
3.446321275195855793e-02
3.445612848912939230e-02
3.444976512324868928e-02
3.444060515167399195e-02
3.444566900647721974e-02
3.443263254198887513e-02
3.442535210157234016e-02
3.441640125581302972e-02
3.440633204624873182e-02
3.439668018672410732e-02
3.439233296109069082e-02
3.438910640982222738e-02
3.437488689888158061e-02
3.436676777773588903e-02
3.435458115100172016e-02
3.434608444160305862e-02
3.434863367293133213e-02
3.433393780756154728e-02
3.433227874407258212e-02
3.432050540474855527e-02
3.431940053392364826e-02
3.430561246514089030e-02
3.430042852148350307e-02
3.429055783455810247e-02
3.427760819857957747e-02
3.426835127900262901e-02
3.426005429615186504e-02
3.426052520371874327e-02
3.425137898571879724e-02
3.424944187792446776e-02
3.424288582254562952e-02
3.423681716981305523e-02
3.422950755137639522e-02
3.422060754930063980e-02
3.421614652866047240e-02
3.420657767564944801e-02
3.420134423015537550e-02
3.419064036261454387e-02
3.418370123786760445e-02
3.417543628094570074e-02
3.416532230232871559e-02
3.415530014964583000e-02
3.415042575662451119e-02
3.414088493699728860e-02
3.413453193495805810e-02
3.413821564219333971e-02
3.412784519397264044e-02
3.412735596332545918e-02
3.412428711290024785e-02
3.411563681846495333e-02
3.411469042185816258e-02
3.410786826422468332e-02
3.410200030728868098e-02
3.409485404667135511e-02
3.408602138707291646e-02
3.407482419926984030e-02
3.407427784614233679e-02
3.406440623889381292e-02
3.406121547036329578e-02
3.405234841589943606e-02
3.405493973899591242e-02
3.404525592841508436e-02
3.404255423271376063e-02
3.403755874313157265e-02
3.403016311798299359e-02
3.402223154725065452e-02
3.401524209303804364e-02
3.401571305629254305e-02
3.400542096838846118e-02
3.399866063410653116e-02
3.399212123826848148e-02
3.398238947753961375e-02
3.397353619259219776e-02
3.397668376572601096e-02
3.397146467395484315e-02
3.396699826357692242e-02
3.395824689701787413e-02
3.395986537072620548e-02
3.395435031741385334e-02
3.395270073578162545e-02
3.395037207070413648e-02
3.394425987820703927e-02
3.393738883844711618e-02
3.393156159505689162e-02
3.392539581868954379e-02
3.392438234992373874e-02
3.391950280173105375e-02
3.391245514647722031e-02
3.390942328507989822e-02
3.390180745932822037e-02
3.389722387439660783e-02
3.389311951577642784e-02
3.389123408651292801e-02
3.388921101058930269e-02
3.388576807080646847e-02
3.388205660905042882e-02
3.387747508201485042e-02
3.387814686061373093e-02
3.387144199132444827e-02
3.386751965995860036e-02
3.385940281597298041e-02
3.385415309586992799e-02
3.384687038062193093e-02
3.384121605343857336e-02
3.383189137513006178e-02
3.383067096755230929e-02
3.383438776647323259e-02
3.382526827513154810e-02
3.382596189394251884e-02
3.382161299456971915e-02
3.381756448240498536e-02
3.381189771941760930e-02
3.380652612172929672e-02
3.380400994361017902e-02
3.379868278273094606e-02
3.379517525596689026e-02
3.379650651871285438e-02
3.379298104869655345e-02
3.378538149748561148e-02
3.378400498220721082e-02
3.377779414168371325e-02
3.377454325772347166e-02
3.377105703134529457e-02
3.376594117117821814e-02
3.376055523615761889e-02
3.375300873374259547e-02
3.374869303296425260e-02
3.374344496345040717e-02
3.374074090823449973e-02
3.374740925132346803e-02
3.373896467736314797e-02
3.373701590512401954e-02
3.373202173657050690e-02
3.372567391568376260e-02
3.372807257844549073e-02
3.372062106382243268e-02
3.372350896026177908e-02
3.371668488959026627e-02
3.371624834420006156e-02
3.371273542909236642e-02
3.370878893925266517e-02
3.370443555782316053e-02
3.370247371533237335e-02
3.369535894910743318e-02
3.369482849635872107e-02
3.369098684962663903e-02
3.369458037603768885e-02
3.368412956899699551e-02
3.368232903012902818e-02
3.368430631228547245e-02
3.367807324841408378e-02
3.367655130645258454e-02
3.367168725340304036e-02
3.366651248934072332e-02
3.366512829053928957e-02
3.366100018701773805e-02
3.365913988766811721e-02
3.366135039353967268e-02
3.365788952913614795e-02
3.365368538135079385e-02
3.365043077056111692e-02
3.364903181737997906e-02
3.364200558895313886e-02
3.363793232600641864e-02
3.363292902378012955e-02
3.363369753552658548e-02
3.362739589842603238e-02
3.362786652893762218e-02
3.362116815055812835e-02
3.361749887265601949e-02
3.361231378724862523e-02
3.361031593654702221e-02
3.360548315272312431e-02
3.360165553009284573e-02
3.359706350995721180e-02
3.359305124910939855e-02
3.358631485151435114e-02
3.358696789296430896e-02
3.359483341809545165e-02
3.358295002931004081e-02
3.358627052749726255e-02
3.357664197171993103e-02
3.357845361346458585e-02
3.357245127578081106e-02
3.357142960941735671e-02
3.356753401888511873e-02
3.356451408763524991e-02
3.356098944014782037e-02
3.355683711504345995e-02
3.355107208983087314e-02
3.355691081421656452e-02
3.355033623611589078e-02
3.354703107876317453e-02
3.354946285346463442e-02
3.354184632301081270e-02
3.354176163238618835e-02
3.353720083954268849e-02
3.353520962914002118e-02
3.353035161629836641e-02
3.352896620947586059e-02
3.352512514050154380e-02
3.352113028392627453e-02
3.352344559436398058e-02
3.351849507447222931e-02
3.351472115309979405e-02
3.351478743927344822e-02
3.350865678966357536e-02
3.350868373697853120e-02
3.350434566625412613e-02
3.350136914924756182e-02
3.349766200224993384e-02
3.349306326604641754e-02
3.349283601093475810e-02
3.348950172699633604e-02
3.349060978129431848e-02
3.348367728843301000e-02
3.348764440449009117e-02
3.348119011192392941e-02
3.348021648231004621e-02
3.348291531885655425e-02
3.347867546215859552e-02
3.347869632193641032e-02
3.347551794217490384e-02
3.347302808465150298e-02
3.346890189765062973e-02
3.346503883251563533e-02
3.346493044829565444e-02
3.345747497919600993e-02
3.345638004846569064e-02
3.345158605912559868e-02
3.345167139334243034e-02
3.344752349739529840e-02
3.344852451809098015e-02
3.344151428522416925e-02
3.343887909789879098e-02
3.343766645573899993e-02
3.343301279650905816e-02
3.343294521301136413e-02
3.342709368161775330e-02
3.342353672822276356e-02
3.342538940380206103e-02
3.342294983315794582e-02
3.342392296874797247e-02
3.341864465533449929e-02
3.341719380968785624e-02
3.341460209220772221e-02
3.341282991209987979e-02
3.340932943166750879e-02
3.340676923020340777e-02
3.340300526271582776e-02
3.340008577991035454e-02
3.339672546138496706e-02
3.339732249682821064e-02
3.339258475155155309e-02
3.339132164944427078e-02
3.339067200045322398e-02
3.338690678425849240e-02
3.339126403756897954e-02
3.338204661049315458e-02
3.338102274951823545e-02
3.338268725831113753e-02
3.338041615171792598e-02
3.337896744446272601e-02
3.337553346789639414e-02
3.337574118578648386e-02
3.336664582249757038e-02
3.336983454394203130e-02
3.336227320832641646e-02
3.336354139125222162e-02
3.335796178021330216e-02
3.335963951354329465e-02
3.335464127567987908e-02
3.335443656648413857e-02
3.334639192474968955e-02
3.334797736455210465e-02
3.334429125920533588e-02
3.334244682072422944e-02
3.334081023903785745e-02
3.333907032051194874e-02
3.333466462661122814e-02
3.333232249734144337e-02
3.332791692073455714e-02
3.332444533918113572e-02
3.332630869914928601e-02
3.332137894827219560e-02
3.332499117911378456e-02
3.332003256112928830e-02
3.331808444066437780e-02
3.331855015150562288e-02
3.331474995692791652e-02
3.331343838028918980e-02
3.331077908311288333e-02
3.330774857836713010e-02
3.330464762798909795e-02
3.330178879667675118e-02
3.330206027194423241e-02
3.329814417635634100e-02
3.329827630710079783e-02
3.329847613204841433e-02
3.329478323795886235e-02
3.329554741491429215e-02
3.329220378102069194e-02
3.329077241384574559e-02
3.328763956666697804e-02
3.328652395409350401e-02
3.328568932784397444e-02
3.328563540691515527e-02
3.327822942159144176e-02
3.328567418903199265e-02
3.327933987196509541e-02
3.328040566865604621e-02
3.327611948507418205e-02
3.327362071158172785e-02
3.327173742171511683e-02
3.326863102177635145e-02
3.326681057340611508e-02
3.326427739239973258e-02
3.326376296197746524e-02
3.325943183555660904e-02
3.325969032685669596e-02
3.325596772637305631e-02
3.325539694131262464e-02
3.326011573740037669e-02
3.325457137846669214e-02
3.325704006639634835e-02
3.325314189131549358e-02
3.325396317322021345e-02
3.325161374133855929e-02
3.325192127550269383e-02
3.324941501372325608e-02
3.324830193101759035e-02
3.324577788930448141e-02
3.324213656470756395e-02
3.324229783738011368e-02
3.323795004509320222e-02
3.323933401918285208e-02
3.323762347442420217e-02
3.323574147604013013e-02
3.323580183102782526e-02
3.323143308158260645e-02
3.323412712233330540e-02
3.322823360332757825e-02
3.323042126105302252e-02
3.322662794821983762e-02
3.322546213201378607e-02
3.322332226552417861e-02
3.322170462354236825e-02
3.321968899296411787e-02
3.321945059285929397e-02
3.321690810097192165e-02
3.321972299674770535e-02
3.321639660247339282e-02
3.321433620383377333e-02
3.321308246199339287e-02
3.321134107524024992e-02
3.320973834886463416e-02
3.320837977806213176e-02
3.320620599591578986e-02
3.320433970863809897e-02
3.320152253440194351e-02
3.320328387121123520e-02
3.320463174058897737e-02
3.319821306684831580e-02
3.320021071682301844e-02
3.319794656393679211e-02
3.319574863592921615e-02
3.319516382067391747e-02
3.319371934713191002e-02
3.319008955919007520e-02
3.318803449265132072e-02
3.318653913781453857e-02
3.318173025742105625e-02
3.318471941877901982e-02
3.318091772691562219e-02
3.318180526952871356e-02
3.317879472123967666e-02
3.317786895509807626e-02
3.317519157364168941e-02
3.317510926743275079e-02
3.317222747565173185e-02
3.317269853313131733e-02
3.316975612100605403e-02
3.317108320548779743e-02
3.316936191712262921e-02
3.316704764868255023e-02
3.316600134260770660e-02
3.316596583738994075e-02
3.316133495022262345e-02
3.316146419851661448e-02
3.316000933098024045e-02
3.315650592784287476e-02
3.315343623222091057e-02
3.315100935568374846e-02
3.315107752269075281e-02
3.314881639675345409e-02
3.314898588570489718e-02
3.314642860098234584e-02
3.314750921846835313e-02
3.314541220746309441e-02
3.314526808854413586e-02
3.314289814882420693e-02
3.314212179201288938e-02
3.313923539263684964e-02
3.313818743262648275e-02
3.313612269526886034e-02
3.313825031811391819e-02
3.313441991034415252e-02
3.313616341108607116e-02
3.313512274806838798e-02
3.313375922631828230e-02
3.313333487216901102e-02
3.313076203764826755e-02
3.313036609980695574e-02
3.312802296186879297e-02
3.312675560605849584e-02
3.312559533915804266e-02
3.312328314143392349e-02
3.312515265780371226e-02
3.312294358727373850e-02
3.312113316208743080e-02
3.312007046465837573e-02
3.311894149685481320e-02
3.311826505818614430e-02
3.311933412956798856e-02
3.311850364834310889e-02
3.312147562576641530e-02
3.311819733370666846e-02
3.311638584558741771e-02
3.311368639416992915e-02
3.311287076743497926e-02
3.311211070599408973e-02
3.310980529661447513e-02
3.310757702223855736e-02
3.310432350910853805e-02
3.310351642972739900e-02
3.310779230490191322e-02
3.310499209540750803e-02
3.310316369658233837e-02
3.310214480941787302e-02
3.310016239989493902e-02
3.309947487499816099e-02
3.309911726630059697e-02
3.309821549015294628e-02
3.309712086947371595e-02
3.309549207250638003e-02
3.309439447462713541e-02
3.309511453015744065e-02
3.309432969049103113e-02
3.309365751090191654e-02
3.309336993305089097e-02
3.309080170168923751e-02
3.309113650725125505e-02
3.308935207689492342e-02
3.308807643953028121e-02
3.308757195517953581e-02
3.308458547521789944e-02
3.308278565678214600e-02
3.308170319452824470e-02
3.308109549167347063e-02
3.308329891010243495e-02
3.308009264702056057e-02
3.307926537195502587e-02
3.307864296451658997e-02
3.307790946592122083e-02
3.307683835206610273e-02
3.307578267099556268e-02
3.307385463255690938e-02
3.307226112314107236e-02
3.307106102022229488e-02
3.306757600309155609e-02
3.306665592740492404e-02
3.306505244220882267e-02
3.306482961630786283e-02
3.306266380697063523e-02
3.306176005736365803e-02
3.305938028494434522e-02
3.305896121945788718e-02
3.306011924067295965e-02
3.305775035593788019e-02
3.305609679570644527e-02
3.305537428839631225e-02
3.305368829308998752e-02
3.305256716245925930e-02
3.305068107241745934e-02
3.304841309856396819e-02
3.304580495736094553e-02
3.304734085457405185e-02
3.304563858528952736e-02
3.304700754753184255e-02
3.304334617795505469e-02
3.304411610094459828e-02
3.304148171847134247e-02
3.304068822207451711e-02
3.303901329056902619e-02
3.304125346080426934e-02
3.303836200961024483e-02
3.303722386385180704e-02
3.303575902761093919e-02
3.303553455366082386e-02
3.303316036240178111e-02
3.303254176637323430e-02
3.303196147046531805e-02
3.303165568610108571e-02
3.303032700144178935e-02
3.303090190065656462e-02
3.302886936566869214e-02
3.302938627729146842e-02
3.302709912291493938e-02
3.302691040766062708e-02
3.302564399828628733e-02
3.302424829924811150e-02
3.302288109004945793e-02
3.302075538155898465e-02
3.302275422849448167e-02
3.301988296193668349e-02
3.302055958749750691e-02
3.301922313715547480e-02
3.301848020202595435e-02
3.301775724740024787e-02
3.301656491670275362e-02
3.301498216042291628e-02
3.301495490743402983e-02
3.301082605936064840e-02
3.301414203462785940e-02
3.301025897121956376e-02
3.301150421569359200e-02
3.300937367914561632e-02
3.300727469381038726e-02
3.300789224580984171e-02
3.300480808501785740e-02
3.300546352765010294e-02
3.300341273584572049e-02
3.300337658551773939e-02
3.300234795219778722e-02
3.300080808781147290e-02
3.300080971196428514e-02
3.299833164991602258e-02
3.299950064764013008e-02
3.299922242477591749e-02
3.299675691977410619e-02
3.299817402530836469e-02
3.299538223554483035e-02
3.299571381858931035e-02
3.299409803069770081e-02
3.299364363794238253e-02
3.299274725185699642e-02
3.299039670664000862e-02
3.299016068475459085e-02
3.298909160577866151e-02
3.299228061845328047e-02
3.298742715204115716e-02
3.298873730509280927e-02
3.298677675093448364e-02
3.298604464642031220e-02
3.298524589084861347e-02
3.298372000307311924e-02
3.298377857562127119e-02
3.298241121444272367e-02
3.298111752658582779e-02
3.298178733078083180e-02
3.297908521223690687e-02
3.297929431166184144e-02
3.297850537891409278e-02
3.297801093813160916e-02
3.297681676175238941e-02
3.297616314493635736e-02
3.297426365304196444e-02
3.297371739080295211e-02
3.297182885479207209e-02
3.297156907274436527e-02
3.296897435746182214e-02
3.296907039180998339e-02
3.296748948619759173e-02
3.296966671640844809e-02
3.296654349352656777e-02
3.296697580713818521e-02
3.296523958232208673e-02
3.296443692344547954e-02
3.296445576668507321e-02
3.296336614810498056e-02
3.296258124819779339e-02
3.296139190751130876e-02
3.295998467636290785e-02
3.295869184444173705e-02
3.295904961739232891e-02
3.295827751060765448e-02
3.295677100694237305e-02
3.295964167432127029e-02
3.295648017238179267e-02
3.295672818844843505e-02
3.295497084791557812e-02
3.295510487072984829e-02
3.295355574973417301e-02
3.295244556396085406e-02
3.295069007993625676e-02
3.294940497605303165e-02
3.294921019602226747e-02
3.294908997958921615e-02
3.294874607842084718e-02
3.294902361992133738e-02
3.294744847326126769e-02
3.294714772175568601e-02
3.294643526283657503e-02
3.294526034099096862e-02
3.294397352350519198e-02
3.294270511919927813e-02
3.294122129634548257e-02
3.294015066095622862e-02
3.293912602919592258e-02
3.293729394844206043e-02
3.294279851761230254e-02
3.293786297275071856e-02
3.293765418122058392e-02
3.293594359976267233e-02
3.293510270959908864e-02
3.293335140580805342e-02
3.293290152684212602e-02
3.293631594467511664e-02
3.293135299721373227e-02
3.293502607207764860e-02
3.293134347700649861e-02
3.293090837999928383e-02
3.292969603330098832e-02
3.292878439588690920e-02
3.292715658973494053e-02
3.292847633434201060e-02
3.292467516551587231e-02
3.292615380113029372e-02
3.292251100613826503e-02
3.292380045086779755e-02
3.292462139893876510e-02
3.292197231346290914e-02
3.292287987220660767e-02
3.292090807835992838e-02
3.292145691109066991e-02
3.292049110504466358e-02
3.292009314507168827e-02
3.291893368468570141e-02
3.291755497576535905e-02
3.291675216976730489e-02
3.291601731557944333e-02
3.291425958540013241e-02
3.291586341494823903e-02
3.291378703708931763e-02
3.291288428297454993e-02
3.291133983765956450e-02
3.291117687730400754e-02
3.290903639996237140e-02
3.290868622879188771e-02
3.290709917551155189e-02
3.290802621656121335e-02
3.290424154486187858e-02
3.290685571892171257e-02
3.290343089920321623e-02
3.290424821306418141e-02
3.290272476101597371e-02
3.290150841191535891e-02
3.289980776499661086e-02
3.289761141419024482e-02
3.290001591073636600e-02
3.289839634887203185e-02
3.289796992252900371e-02
3.289746751814307674e-02
3.289648523757492116e-02
3.289558977011529384e-02
3.289459328083498002e-02
3.289346236759969205e-02
3.289340628781039361e-02
3.289229320129238854e-02
3.289129901497042652e-02
3.289148550480652800e-02
3.288834123645828500e-02
3.289179904057022708e-02
3.288870386908855636e-02
3.288915571769231161e-02
3.288827695303978005e-02
3.288742794176921502e-02
3.288756536643359235e-02
3.288632823499709756e-02
3.288615422193819776e-02
3.288605529081784634e-02
3.288512846029886805e-02
3.288507781511156025e-02
3.288198117169501000e-02
3.288253638418699859e-02
3.288042984651867728e-02
3.288281401909103063e-02
3.287984101142036458e-02
3.288085140327793449e-02
3.287885943430830793e-02
3.287824331953343587e-02
3.287762947553721921e-02
3.287645010631921189e-02
3.287684219230646576e-02
3.287522187179063582e-02
3.287595407067105124e-02
3.287484012503394393e-02
3.287313491470995885e-02
3.287351559713398708e-02
3.287245621588184841e-02
3.287237970606580323e-02
3.287196212895026476e-02
3.287078431797132994e-02
3.286998433945412246e-02
3.286907652700640087e-02
3.286923616986354296e-02
3.286783314196824873e-02
3.286704500241913185e-02
3.286586287680498542e-02
3.286601442662101524e-02
3.286548020673069753e-02
3.286420610087635585e-02
3.286602291299862283e-02
3.286445644519712245e-02
3.286445703773139410e-02
3.286300337190857512e-02
3.286258523521490282e-02
3.286183597735011647e-02
3.286105987217576713e-02
3.285993078928514666e-02
3.285943883063242171e-02
3.285694942187582929e-02
3.286012517956067580e-02
3.285617243914364799e-02
3.285848888155356445e-02
3.285598816669508399e-02
3.285778017534560225e-02
3.285560207048858483e-02
3.285608766403885078e-02
3.285462617450561618e-02
3.285396288311965424e-02
3.285297458991131431e-02
3.285202326468900091e-02
3.285050501638947518e-02
3.284971891549981482e-02
3.285020923847158103e-02
3.284826980481971026e-02
3.285069429866119967e-02
3.284780991935924016e-02
3.284875432442964371e-02
3.284667907313662538e-02
3.284703120611653926e-02
3.284550092283250455e-02
3.284510894801103559e-02
3.284428963211737107e-02
3.284434609406949174e-02
3.284246856341956761e-02
3.284326614580096448e-02
3.284364287584885106e-02
3.284237856528138266e-02
3.284233108759186670e-02
3.284174983234210143e-02
3.284089471949054595e-02
3.284048019625733505e-02
3.283880482756430796e-02
3.283840506607365456e-02
3.283709334999172780e-02
3.283704225708893032e-02
3.283908653424758711e-02
3.283539683929379005e-02
3.283559071902612120e-02
3.283411658573610198e-02
3.283387435874406124e-02
3.283361332487685913e-02
3.283268747127626036e-02
3.283146065334942992e-02
3.283014663366233543e-02
3.282946451289889267e-02
3.282758318385482765e-02
3.282659384653074247e-02
3.282403936493964031e-02
3.282560393302814267e-02
3.282278563483082001e-02
3.282394938772827120e-02
3.282491343153593616e-02
3.282349872226009158e-02
3.282234996364839091e-02
3.282285398887616057e-02
3.282251771646236410e-02
3.282130869227968539e-02
3.282140061556024224e-02
3.282091032875185388e-02
3.282091759781828599e-02
