2.747222222222222854e+01
2.780277777777777715e+01
1.678749999999999432e+01
2.013472222222222285e+01
3.383888888888888857e+01
2.871805555555555145e+01
1.807777777777778283e+01
5.605833333333333002e+01
4.407777777777777573e+01
2.188333333333333997e+01
5.622500000000000142e+01
4.736527777777777715e+01
5.581666666666666998e+01
4.671666666666666856e+01
5.609305555555555856e+01
5.554722222222222427e+01
5.603055555555555856e+01
6.043194444444444713e+01
5.716250000000000142e+01
6.120972222222222570e+01
5.654444444444444429e+01
6.204861111111111427e+01
5.580972222222222001e+01
6.210555555555555429e+01
6.223333333333333428e+01
6.202777777777777857e+01
6.189444444444444571e+01
6.335694444444444429e+01
6.304166666666666430e+01
6.151250000000000284e+01
6.316111111111111143e+01
6.083333333333333570e+01
6.325972222222222285e+01
6.128472222222222143e+01
6.236111111111111427e+01
6.163888888888888573e+01
6.183472222222222570e+01
6.180972222222222001e+01
6.202638888888888857e+01
6.196944444444444144e+01
6.245277777777777573e+01
6.221805555555555856e+01
6.263472222222222285e+01
6.335972222222222427e+01
6.300277777777777999e+01
6.336944444444444713e+01
6.310555555555555429e+01
6.320138888888888573e+01
6.305416666666666714e+01
6.312916666666666998e+01
6.316111111111111143e+01
6.337361111111111001e+01
6.332638888888888573e+01
6.343194444444444713e+01
6.348333333333333428e+01
6.334166666666666856e+01
6.346944444444444144e+01
6.337916666666666998e+01
6.347083333333333144e+01
6.340555555555555856e+01
6.344861111111111285e+01
6.353055555555555856e+01
6.344861111111111285e+01
6.354722222222222427e+01
6.353750000000000142e+01
6.357083333333333286e+01
6.359166666666666856e+01
6.364999999999999858e+01
6.370138888888888573e+01
6.378333333333333144e+01
6.372222222222222143e+01
6.367777777777777715e+01
6.360555555555555429e+01
6.364444444444444571e+01
6.361111111111111427e+01
6.381250000000000000e+01
6.379444444444444429e+01
6.369722222222222285e+01
6.374861111111111001e+01
6.372916666666666430e+01
6.373611111111111427e+01
6.385416666666666430e+01
6.380833333333333002e+01
6.369166666666666998e+01
6.383749999999999858e+01
6.380555555555555713e+01
6.389583333333333570e+01
6.389722222222222570e+01
6.387638888888888999e+01
6.386388888888888715e+01
6.385833333333333428e+01
6.391805555555555429e+01
6.390277777777777857e+01
6.388333333333333286e+01
6.405694444444444002e+01
6.386527777777777715e+01
6.399583333333333002e+01
6.394027777777777999e+01
6.392083333333333428e+01
6.391944444444444429e+01
6.398055555555555429e+01
6.396249999999999858e+01
6.394027777777777999e+01
6.407777777777778283e+01
6.404722222222221717e+01
6.408055555555554861e+01
6.404444444444445139e+01
6.411249999999999716e+01
6.409583333333333144e+01
6.407916666666666572e+01
6.410555555555555429e+01
6.408194444444444571e+01
6.414305555555554861e+01
6.418611111111110290e+01
6.414444444444444571e+01
6.418194444444444002e+01
6.424444444444444002e+01
6.418888888888889710e+01
6.423055555555555429e+01
6.433333333333334281e+01
6.423611111111111427e+01
6.429305555555555429e+01
6.432361111111111995e+01
6.435972222222221717e+01
6.438611111111111995e+01
6.436388888888888005e+01
6.433333333333334281e+01
6.443888888888889710e+01
6.433194444444444571e+01
6.442361111111111427e+01
6.431805555555555998e+01
6.443750000000000000e+01
6.434999999999999432e+01
6.442361111111111427e+01
6.442638888888888005e+01
6.442916666666667425e+01
6.450972222222222285e+01
6.450277777777777999e+01
6.448611111111111427e+01
6.449722222222222001e+01
6.447499999999999432e+01
6.457500000000000284e+01
6.454166666666665719e+01
6.458055555555554861e+01
6.459722222222222854e+01
6.455833333333333712e+01
6.467361111111111427e+01
6.456944444444444287e+01
6.466666666666665719e+01
6.463888888888888573e+01
6.464583333333334281e+01
6.465277777777777146e+01
6.467083333333333428e+01
6.467361111111111427e+01
6.468194444444444002e+01
6.467777777777777715e+01
6.473611111111111427e+01
6.474027777777777715e+01
6.473888888888888005e+01
6.473888888888888005e+01
6.477222222222222570e+01
6.475138888888889710e+01
6.475694444444444287e+01
6.484444444444443434e+01
6.481944444444444287e+01
6.490833333333333144e+01
6.479999999999999716e+01
6.486944444444444002e+01
6.482916666666666572e+01
6.486249999999999716e+01
6.488194444444444287e+01
6.485972222222221717e+01
6.490277777777777146e+01
6.490833333333333144e+01
6.486805555555555713e+01
6.486805555555555713e+01
6.489166666666666572e+01
6.491944444444445139e+01
6.496388888888888857e+01
6.495833333333334281e+01
6.494444444444444287e+01
6.494861111111111995e+01
6.494444444444444287e+01
6.496250000000000568e+01
6.495277777777778283e+01
6.496527777777777146e+01
6.489305555555554861e+01
6.498472222222221717e+01
6.494722222222222285e+01
6.495833333333334281e+01
6.495416666666666572e+01
6.496388888888888857e+01
6.500694444444444287e+01
6.497222222222222854e+01
6.497916666666665719e+01
6.498194444444445139e+01
6.500694444444444287e+01
6.495555555555554861e+01
6.496805555555556566e+01
6.502500000000000568e+01
6.493611111111110290e+01
6.496666666666666856e+01
6.498055555555555429e+01
6.495972222222222570e+01
6.493194444444444002e+01
6.499444444444444002e+01
6.500000000000000000e+01
6.499166666666667425e+01
6.499305555555555713e+01
6.497777777777777430e+01
6.496527777777777146e+01
6.495416666666666572e+01
6.498333333333333428e+01
6.496111111111110858e+01
6.497222222222222854e+01
6.498472222222221717e+01
6.500416666666666288e+01
6.498055555555555429e+01
6.498333333333333428e+01
6.501527777777778283e+01
6.496111111111110858e+01
6.500000000000000000e+01
6.496527777777777146e+01
6.504444444444445139e+01
6.498611111111111427e+01
6.501805555555554861e+01
6.500000000000000000e+01
6.501666666666666572e+01
6.500416666666666288e+01
6.502222222222222570e+01
6.506805555555555998e+01
6.507083333333332575e+01
6.505277777777777715e+01
6.503749999999999432e+01
6.506250000000000000e+01
6.515555555555556566e+01
6.510555555555555429e+01
6.512777777777777999e+01
6.517916666666667425e+01
6.517222222222221717e+01
6.518472222222222001e+01
6.518055555555555713e+01
6.517777777777777715e+01
6.516944444444445139e+01
6.520833333333334281e+01
6.515000000000000568e+01
6.521388888888888857e+01
6.517916666666667425e+01
6.520416666666666572e+01
6.522499999999999432e+01
6.522499999999999432e+01
6.520833333333334281e+01
6.521944444444443434e+01
6.526805555555554861e+01
6.528194444444443434e+01
6.531527777777777999e+01
6.530138888888888005e+01
6.529583333333333428e+01
6.530277777777777715e+01
6.531250000000000000e+01
6.529166666666665719e+01
6.534305555555556566e+01
6.532500000000000284e+01
6.534722222222222854e+01
6.534027777777777146e+01
6.540277777777777146e+01
6.535833333333333428e+01
6.540138888888888857e+01
6.536527777777777715e+01
6.542499999999999716e+01
6.545138888888888573e+01
6.541249999999999432e+01
6.542361111111111427e+01
6.540416666666666856e+01
6.542083333333333428e+01
6.539444444444444571e+01
6.545555555555554861e+01
6.544166666666666288e+01
6.544444444444444287e+01
6.546944444444443434e+01
6.544027777777777999e+01
6.546388888888888857e+01
6.546250000000000568e+01
6.549722222222222001e+01
6.548888888888888005e+01
6.553333333333333144e+01
6.546944444444443434e+01
6.552638888888888857e+01
6.549166666666667425e+01
6.550277777777777999e+01
6.555138888888888005e+01
6.550694444444444287e+01
6.552361111111110858e+01
6.552222222222222570e+01
6.552638888888888857e+01
6.552500000000000568e+01
6.551527777777778283e+01
6.549722222222222001e+01
6.554166666666665719e+01
6.549583333333333712e+01
6.557500000000000284e+01
6.554166666666665719e+01
6.554722222222221717e+01
6.552361111111110858e+01
6.552361111111110858e+01
6.551805555555554861e+01
6.554583333333333428e+01
6.552916666666666856e+01
6.554027777777777430e+01
6.551111111111111995e+01
6.551666666666666572e+01
6.556527777777777999e+01
6.557500000000000284e+01
6.559305555555556566e+01
6.562916666666666288e+01
6.556527777777777999e+01
6.559444444444443434e+01
6.561527777777777715e+01
6.559722222222222854e+01
6.556388888888889710e+01
6.560138888888889142e+01
6.556388888888889710e+01
6.558194444444444571e+01
6.561666666666667425e+01
6.559583333333333144e+01
6.560972222222221717e+01
6.558611111111110858e+01
6.558472222222222570e+01
6.561805555555555713e+01
6.559444444444443434e+01
6.560277777777777430e+01
6.563611111111111995e+01
6.559583333333333144e+01
6.560694444444445139e+01
6.563055555555555998e+01
6.561666666666667425e+01
6.566666666666665719e+01
6.557638888888888573e+01
6.568472222222222001e+01
6.563194444444444287e+01
6.569583333333332575e+01
6.564722222222222570e+01
6.562777777777777999e+01
6.567083333333333428e+01
6.566111111111111143e+01
6.569583333333332575e+01
6.568194444444444002e+01
6.570972222222222570e+01
6.570972222222222570e+01
6.568333333333333712e+01
6.576250000000000284e+01
6.561805555555555713e+01
6.573333333333333428e+01
6.568194444444444002e+01
6.570416666666666572e+01
6.569722222222222285e+01
6.566944444444445139e+01
6.569444444444444287e+01
6.569027777777777999e+01
6.570416666666666572e+01
6.572083333333333144e+01
6.573888888888888005e+01
6.572499999999999432e+01
6.565972222222222854e+01
6.573749999999999716e+01
6.570972222222222570e+01
6.572916666666665719e+01
6.573611111111111427e+01
6.577777777777777146e+01
6.576388888888888573e+01
6.578749999999999432e+01
6.579861111111111427e+01
6.581805555555555998e+01
6.582083333333332575e+01
6.579305555555555429e+01
6.578472222222222854e+01
6.576527777777778283e+01
6.578888888888889142e+01
6.576527777777778283e+01
6.579444444444445139e+01
6.575972222222222285e+01
6.578611111111111143e+01
6.578472222222222854e+01
6.581250000000000000e+01
6.579166666666665719e+01
6.578194444444443434e+01
6.579861111111111427e+01
6.580833333333333712e+01
6.581666666666666288e+01
6.584305555555556566e+01
6.578055555555556566e+01
6.576250000000000284e+01
6.584722222222222854e+01
6.581666666666666288e+01
6.584166666666666856e+01
6.578472222222222854e+01
6.583472222222222570e+01
6.580694444444444002e+01
6.586111111111111427e+01
6.576944444444444571e+01
6.581388888888889710e+01
6.576666666666666572e+01
6.579861111111111427e+01
6.581388888888889710e+01
6.579999999999999716e+01
6.581666666666666288e+01
6.581111111111110290e+01
6.581111111111110290e+01
6.581944444444444287e+01
6.583750000000000568e+01
6.580555555555555713e+01
6.586527777777777715e+01
6.584166666666666856e+01
6.582777777777778283e+01
6.587361111111110290e+01
6.584722222222222854e+01
6.586249999999999716e+01
6.587777777777777999e+01
6.589722222222222570e+01
6.586944444444444002e+01
6.588333333333332575e+01
6.591388888888889142e+01
6.585555555555555429e+01
6.588333333333332575e+01
6.591111111111111143e+01
6.590416666666666856e+01
6.589583333333334281e+01
6.589166666666666572e+01
6.591388888888889142e+01
6.592083333333333428e+01
6.590277777777777146e+01
6.593055555555555713e+01
6.591666666666665719e+01
6.595000000000000284e+01
6.590972222222222854e+01
6.594166666666666288e+01
6.598055555555555429e+01
6.590694444444443434e+01
6.598472222222221717e+01
6.590972222222222854e+01
6.595694444444444571e+01
6.593194444444444002e+01
6.592361111111111427e+01
6.593472222222222001e+01
6.592777777777777715e+01
6.598055555555555429e+01
6.592499999999999716e+01
6.597638888888889142e+01
6.601527777777778283e+01
6.599305555555555713e+01
6.597499999999999432e+01
6.595416666666666572e+01
6.596944444444443434e+01
6.601666666666666572e+01
6.600277777777777999e+01
6.599027777777777715e+01
6.600138888888889710e+01
6.598611111111111427e+01
6.598055555555555429e+01
6.596805555555556566e+01
6.599861111111110290e+01
6.598611111111111427e+01
6.597777777777777430e+01
6.600416666666666288e+01
6.599722222222222001e+01
6.595972222222222570e+01
6.599166666666667425e+01
6.598472222222221717e+01
6.598055555555555429e+01
6.597499999999999432e+01
6.596111111111110858e+01
6.597916666666665719e+01
6.595694444444444571e+01
6.597499999999999432e+01
6.595416666666666572e+01
6.596111111111110858e+01
6.595694444444444571e+01
6.600416666666666288e+01
6.599444444444444002e+01
6.597083333333333144e+01
6.600000000000000000e+01
6.597777777777777430e+01
6.602083333333334281e+01
6.599166666666667425e+01
6.602638888888888857e+01
6.603055555555556566e+01
6.600277777777777999e+01
6.600833333333332575e+01
6.602500000000000568e+01
6.599722222222222001e+01
6.601527777777778283e+01
6.600694444444444287e+01
6.601805555555554861e+01
6.601111111111111995e+01
6.601527777777778283e+01
6.602222222222222570e+01
6.603333333333333144e+01
6.602777777777777146e+01
6.603333333333333144e+01
6.607083333333332575e+01
6.607916666666666572e+01
6.604861111111111427e+01
6.606666666666666288e+01
6.601944444444444571e+01
6.603888888888889142e+01
6.605416666666667425e+01
6.605972222222222001e+01
6.601805555555554861e+01
6.602361111111110858e+01
6.601388888888888573e+01
6.602777777777777146e+01
6.604444444444445139e+01
6.603194444444443434e+01
6.600555555555555998e+01
6.602222222222222570e+01
6.601805555555554861e+01
6.605416666666667425e+01
6.603611111111111143e+01
6.609027777777777146e+01
6.604999999999999716e+01
6.602916666666666856e+01
6.607361111111111995e+01
6.605277777777777715e+01
6.604305555555555429e+01
6.604027777777777430e+01
6.604583333333333428e+01
6.606666666666666288e+01
6.604166666666665719e+01
6.606944444444444287e+01
6.605138888888888005e+01
6.607222222222222285e+01
6.605694444444444002e+01
6.608055555555554861e+01
6.605833333333333712e+01
6.606944444444444287e+01
6.606805555555555998e+01
6.606111111111110290e+01
6.608611111111110858e+01
6.609444444444443434e+01
6.610972222222221717e+01
6.610972222222221717e+01
6.614444444444444571e+01
6.613611111111111995e+01
6.614444444444444571e+01
6.616388888888889142e+01
6.611111111111111427e+01
6.616388888888889142e+01
6.615416666666666856e+01
6.616666666666665719e+01
6.618194444444444002e+01
6.616805555555555429e+01
6.615277777777777146e+01
6.615555555555556566e+01
6.613750000000000284e+01
6.613333333333332575e+01
6.613333333333332575e+01
6.613055555555555998e+01
6.612083333333333712e+01
6.611666666666667425e+01
6.613055555555555998e+01
6.613888888888888573e+01
6.610972222222221717e+01
6.616805555555555429e+01
6.613055555555555998e+01
6.615277777777777146e+01
6.613611111111111995e+01
6.616388888888889142e+01
6.613333333333332575e+01
6.619305555555555998e+01
6.612777777777777999e+01
6.617777777777777715e+01
6.616388888888889142e+01
6.617083333333333428e+01
6.613750000000000284e+01
6.615138888888888857e+01
6.615694444444443434e+01
6.615972222222222854e+01
6.616666666666665719e+01
6.618888888888889710e+01
6.617916666666667425e+01
6.616944444444445139e+01
6.618472222222222001e+01
6.619444444444444287e+01
6.617083333333333428e+01
6.617083333333333428e+01
6.619305555555555998e+01
6.615416666666666856e+01
6.619583333333332575e+01
6.617777777777777715e+01
6.619722222222222285e+01
6.617361111111111427e+01
6.618888888888889710e+01
6.619166666666666288e+01
6.620000000000000284e+01
6.619444444444444287e+01
6.615833333333333144e+01
6.617361111111111427e+01
6.615416666666666856e+01
6.618472222222222001e+01
6.616111111111111143e+01
6.617916666666667425e+01
6.619722222222222285e+01
6.618888888888889710e+01
6.619861111111111995e+01
6.616944444444445139e+01
6.621250000000000568e+01
6.618611111111110290e+01
6.620277777777778283e+01
6.616805555555555429e+01
6.619027777777777999e+01
6.619722222222222285e+01
6.620416666666666572e+01
6.619305555555555998e+01
6.618194444444444002e+01
6.619583333333332575e+01
6.618472222222222001e+01
6.617777777777777715e+01
6.619861111111111995e+01
6.615000000000000568e+01
6.617777777777777715e+01
6.616944444444445139e+01
6.617083333333333428e+01
6.619166666666666288e+01
6.618333333333333712e+01
6.621250000000000568e+01
6.619166666666666288e+01
6.619305555555555998e+01
6.620000000000000284e+01
6.620555555555554861e+01
6.619305555555555998e+01
6.620833333333334281e+01
6.622361111111111143e+01
6.620138888888888573e+01
6.623055555555555429e+01
6.622638888888889142e+01
6.621666666666666856e+01
6.622083333333333144e+01
6.618750000000000000e+01
6.624861111111110290e+01
6.617777777777777715e+01
6.622777777777777430e+01
6.620694444444444571e+01
6.618750000000000000e+01
6.619444444444444287e+01
6.618055555555555713e+01
6.619305555555555998e+01
6.617361111111111427e+01
6.622361111111111143e+01
6.621944444444443434e+01
6.620972222222222570e+01
6.622777777777777430e+01
6.620833333333334281e+01
6.622638888888889142e+01
6.622361111111111143e+01
6.624722222222222001e+01
6.622499999999999432e+01
6.624166666666667425e+01
6.623194444444445139e+01
6.626250000000000284e+01
6.625138888888889710e+01
6.624444444444444002e+01
6.627777777777777146e+01
6.627500000000000568e+01
6.624861111111110290e+01
6.627916666666666856e+01
6.622916666666665719e+01
6.625972222222222285e+01
6.625000000000000000e+01
6.626944444444444571e+01
6.626388888888888573e+01
6.625416666666666288e+01
6.627361111111110858e+01
6.625138888888889710e+01
6.628888888888889142e+01
6.627222222222222570e+01
6.628749999999999432e+01
6.628749999999999432e+01
6.627222222222222570e+01
6.623472222222221717e+01
6.625972222222222285e+01
6.624305555555555713e+01
6.629305555555555429e+01
6.625138888888889710e+01
6.627083333333334281e+01
6.625138888888889710e+01
6.624444444444444002e+01
6.627916666666666856e+01
6.626944444444444571e+01
6.627361111111110858e+01
6.626805555555554861e+01
6.627083333333334281e+01
6.625277777777777999e+01
6.627916666666666856e+01
6.628055555555556566e+01
6.626805555555554861e+01
6.626111111111111995e+01
6.627500000000000568e+01
6.627083333333334281e+01
6.626388888888888573e+01
6.627500000000000568e+01
6.630416666666667425e+01
6.629583333333333428e+01
6.628194444444443434e+01
6.629861111111111427e+01
6.629166666666665719e+01
6.626250000000000284e+01
6.628333333333333144e+01
6.627916666666666856e+01
6.629027777777777430e+01
6.629999999999999716e+01
6.628888888888889142e+01
6.629305555555555429e+01
6.630277777777777715e+01
6.628749999999999432e+01
6.629583333333333428e+01
6.628194444444443434e+01
6.629722222222221717e+01
6.627361111111110858e+01
6.628611111111111143e+01
6.630972222222222001e+01
6.628749999999999432e+01
6.630972222222222001e+01
6.627083333333334281e+01
6.629722222222221717e+01
6.628194444444443434e+01
6.630138888888888005e+01
6.627222222222222570e+01
6.627222222222222570e+01
6.629583333333333428e+01
6.629166666666665719e+01
6.629583333333333428e+01
6.633472222222222570e+01
6.628055555555556566e+01
6.631111111111110290e+01
6.629583333333333428e+01
6.630555555555555713e+01
6.631388888888889710e+01
6.631805555555555998e+01
6.633055555555554861e+01
6.632638888888888573e+01
6.634305555555556566e+01
6.632777777777778283e+01
6.632638888888888573e+01
6.633055555555554861e+01
6.632361111111111995e+01
6.635277777777777430e+01
6.634999999999999432e+01
6.638888888888888573e+01
6.635277777777777430e+01
6.635972222222221717e+01
6.635694444444445139e+01
6.635555555555555429e+01
6.635833333333333428e+01
6.636944444444444002e+01
6.638472222222222285e+01
6.638194444444444287e+01
6.638472222222222285e+01
6.637777777777777999e+01
6.639444444444444571e+01
6.639444444444444571e+01
6.639722222222222570e+01
6.638888888888888573e+01
6.640416666666666856e+01
6.640277777777777146e+01
6.639722222222222570e+01
6.643611111111110290e+01
6.642638888888888005e+01
6.642361111111111427e+01
6.640694444444443434e+01
6.640833333333333144e+01
6.639027777777778283e+01
6.642499999999999716e+01
6.644166666666666288e+01
6.640694444444443434e+01
6.646250000000000568e+01
6.642638888888888005e+01
6.642222222222221717e+01
6.644722222222222285e+01
6.643611111111110290e+01
6.645416666666666572e+01
6.642222222222221717e+01
6.644305555555555998e+01
6.643472222222222001e+01
6.645277777777778283e+01
6.645138888888888573e+01
6.647638888888889142e+01
6.643333333333333712e+01
6.647499999999999432e+01
6.645416666666666572e+01
6.646666666666666856e+01
6.648472222222221717e+01
6.646944444444443434e+01
6.644027777777777999e+01
6.647916666666665719e+01
6.646666666666666856e+01
6.642916666666667425e+01
6.644861111111111995e+01
6.645000000000000284e+01
6.643611111111110290e+01
6.643055555555555713e+01
6.645138888888888573e+01
6.645000000000000284e+01
6.645972222222222570e+01
6.645277777777778283e+01
6.645555555555554861e+01
6.645972222222222570e+01
6.645833333333334281e+01
6.645416666666666572e+01
6.645000000000000284e+01
6.646111111111110858e+01
6.645555555555554861e+01
6.646527777777777146e+01
6.645138888888888573e+01
6.644861111111111995e+01
6.645000000000000284e+01
6.645972222222222570e+01
6.645555555555554861e+01
6.649166666666667425e+01
6.647777777777777430e+01
6.648055555555555429e+01
6.646666666666666856e+01
6.645972222222222570e+01
6.649861111111110290e+01
6.647083333333333144e+01
6.648333333333333428e+01
6.647638888888889142e+01
6.649027777777777715e+01
6.648194444444445139e+01
6.646805555555556566e+01
6.648194444444445139e+01
6.648472222222221717e+01
6.648611111111111427e+01
6.647916666666665719e+01
6.646805555555556566e+01
6.644861111111111995e+01
6.648194444444445139e+01
6.647083333333333144e+01
6.648749999999999716e+01
6.647916666666665719e+01
6.649583333333333712e+01
6.650138888888889710e+01
6.648472222222221717e+01
6.653194444444443434e+01
6.649166666666667425e+01
6.651111111111111995e+01
6.650694444444444287e+01
6.652222222222222570e+01
6.650416666666666288e+01
6.650972222222222285e+01
6.652638888888888857e+01
6.652222222222222570e+01
6.653333333333333144e+01
6.651944444444444571e+01
6.651250000000000284e+01
6.652500000000000568e+01
6.652361111111110858e+01
6.650694444444444287e+01
6.650833333333332575e+01
6.650555555555555998e+01
6.652222222222222570e+01
6.652638888888888857e+01
6.654861111111111427e+01
6.650138888888889710e+01
6.654722222222221717e+01
6.650972222222222285e+01
6.652916666666666856e+01
6.651666666666666572e+01
6.651944444444444571e+01
6.654444444444445139e+01
6.653888888888889142e+01
6.653194444444443434e+01
6.651250000000000284e+01
6.651805555555554861e+01
6.650277777777777999e+01
6.652222222222222570e+01
6.650277777777777999e+01
6.654444444444445139e+01
6.652361111111110858e+01
6.652638888888888857e+01
6.652222222222222570e+01
6.652500000000000568e+01
6.653888888888889142e+01
6.653749999999999432e+01
6.653194444444443434e+01
6.653055555555556566e+01
6.652916666666666856e+01
6.654305555555555429e+01
6.650694444444444287e+01
6.653888888888889142e+01
6.651527777777778283e+01
6.652916666666666856e+01
6.652916666666666856e+01
6.654583333333333428e+01
6.653333333333333144e+01
6.655555555555555713e+01
6.654999999999999716e+01
6.657777777777778283e+01
6.652638888888888857e+01
6.655416666666667425e+01
6.656388888888889710e+01
6.655138888888888005e+01
6.656388888888889710e+01
6.655833333333333712e+01
6.658472222222222570e+01
6.655555555555555713e+01
6.658333333333334281e+01
6.657361111111111995e+01
6.656944444444444287e+01
6.656527777777777999e+01
6.658472222222222570e+01
6.657777777777778283e+01
6.656388888888889710e+01
6.658611111111110858e+01
6.657638888888888573e+01
6.657916666666666572e+01
6.658611111111110858e+01
6.657222222222222285e+01
6.656111111111110290e+01
6.652638888888888857e+01
6.657638888888888573e+01
6.654166666666665719e+01
6.655416666666667425e+01
6.654861111111111427e+01
6.656388888888889710e+01
6.658750000000000568e+01
6.657222222222222285e+01
6.656527777777777999e+01
6.656111111111110290e+01
6.654444444444445139e+01
6.653194444444443434e+01
6.653888888888889142e+01
6.652500000000000568e+01
6.654166666666665719e+01
6.655416666666667425e+01
6.654722222222221717e+01
6.653333333333333144e+01
6.654305555555555429e+01
6.656666666666666288e+01
6.654722222222221717e+01
6.654583333333333428e+01
6.655138888888888005e+01
6.654444444444445139e+01
6.654722222222221717e+01
6.651388888888888573e+01
6.653333333333333144e+01
6.654305555555555429e+01
6.653888888888889142e+01
6.652361111111110858e+01
6.651250000000000284e+01
6.652500000000000568e+01
6.652361111111110858e+01
6.653749999999999432e+01
6.655972222222222001e+01
6.651527777777778283e+01
6.655416666666667425e+01
6.652916666666666856e+01
6.654583333333333428e+01
6.653055555555556566e+01
6.656805555555555998e+01
6.653055555555556566e+01
6.654722222222221717e+01
6.655972222222222001e+01
6.655555555555555713e+01
6.655138888888888005e+01
6.656388888888889710e+01
6.657361111111111995e+01
6.655972222222222001e+01
6.655416666666667425e+01
6.658194444444444571e+01
6.655555555555555713e+01
6.657083333333332575e+01
6.652222222222222570e+01
6.657500000000000284e+01
6.651527777777778283e+01
6.655277777777777715e+01
6.657638888888888573e+01
6.658333333333334281e+01
6.656666666666666288e+01
6.656805555555555998e+01
6.656111111111110290e+01
6.656111111111110290e+01
6.657361111111111995e+01
6.657638888888888573e+01
6.654444444444445139e+01
6.656666666666666288e+01
6.654166666666665719e+01
6.654722222222221717e+01
6.654444444444445139e+01
6.654583333333333428e+01
6.655138888888888005e+01
6.653333333333333144e+01
6.657083333333332575e+01
6.654583333333333428e+01
6.653472222222222854e+01
6.656250000000000000e+01
6.654027777777777430e+01
6.655555555555555713e+01
6.657777777777778283e+01
6.656944444444444287e+01
6.656388888888889710e+01
6.657083333333332575e+01
6.654444444444445139e+01
6.657777777777778283e+01
6.653472222222222854e+01
6.657777777777778283e+01
6.654583333333333428e+01
6.653888888888889142e+01
6.654583333333333428e+01
6.653611111111111143e+01
6.653333333333333144e+01
6.655833333333333712e+01
6.656388888888889710e+01
6.655972222222222001e+01
6.655277777777777715e+01
6.655416666666667425e+01
6.656111111111110290e+01
6.658055555555554861e+01
6.654999999999999716e+01
6.655972222222222001e+01
6.657083333333332575e+01
6.653472222222222854e+01
6.656388888888889710e+01
6.654583333333333428e+01
6.655416666666667425e+01
6.654305555555555429e+01
6.656527777777777999e+01
6.653611111111111143e+01
6.656805555555555998e+01
6.656111111111110290e+01
