2.725000000000000000e+01
2.740833333333333144e+01
1.670416666666666572e+01
1.948333333333333428e+01
3.513333333333333997e+01
2.873749999999999716e+01
1.784583333333333144e+01
5.587916666666666998e+01
4.125833333333333286e+01
2.153749999999999432e+01
5.545000000000000284e+01
4.676250000000000284e+01
5.516250000000000142e+01
4.745416666666666572e+01
5.564166666666666572e+01
5.504999999999999716e+01
5.577083333333333570e+01
6.078750000000000142e+01
5.748749999999999716e+01
6.203333333333333144e+01
5.642083333333333428e+01
6.321666666666666856e+01
5.587916666666666998e+01
6.289583333333333570e+01
6.307083333333333286e+01
6.267083333333333428e+01
6.276250000000000284e+01
6.343333333333333002e+01
6.273749999999999716e+01
6.197916666666666430e+01
6.312500000000000000e+01
6.137916666666666998e+01
6.311666666666666714e+01
6.238333333333333286e+01
6.276250000000000284e+01
6.248749999999999716e+01
6.248333333333333428e+01
6.256250000000000000e+01
6.276250000000000284e+01
6.274583333333333002e+01
6.289999999999999858e+01
6.309583333333333144e+01
6.304166666666666430e+01
6.334166666666666856e+01
6.315833333333333144e+01
6.338750000000000284e+01
6.323749999999999716e+01
6.304583333333333428e+01
6.330833333333333002e+01
6.289583333333333570e+01
6.325833333333333286e+01
6.319166666666666998e+01
6.317916666666666714e+01
6.310833333333333428e+01
6.334166666666666856e+01
6.304166666666666430e+01
6.331666666666666998e+01
6.297500000000000142e+01
6.312916666666666998e+01
6.294166666666666998e+01
6.320416666666666572e+01
6.320833333333333570e+01
6.327499999999999858e+01
6.323333333333333428e+01
6.325000000000000000e+01
6.322083333333333144e+01
6.322500000000000142e+01
6.323333333333333428e+01
6.341250000000000142e+01
6.331666666666666998e+01
6.327083333333333570e+01
6.327916666666666856e+01
6.334583333333333144e+01
6.318750000000000000e+01
6.344583333333333286e+01
6.332083333333333286e+01
6.332916666666666572e+01
6.330833333333333002e+01
6.336666666666666714e+01
6.339583333333333570e+01
6.350000000000000000e+01
6.341666666666666430e+01
6.349166666666666714e+01
6.334583333333333144e+01
6.340416666666666856e+01
6.341250000000000142e+01
6.353333333333333144e+01
6.354583333333333428e+01
6.354583333333333428e+01
6.354166666666666430e+01
6.371666666666666856e+01
6.354166666666666430e+01
6.361666666666666714e+01
6.363750000000000284e+01
6.372500000000000142e+01
6.353750000000000142e+01
6.364999999999999858e+01
6.368750000000000000e+01
6.366250000000000142e+01
6.355416666666666714e+01
6.361666666666666714e+01
6.359166666666666856e+01
6.360000000000000142e+01
6.367083333333333428e+01
6.365833333333333144e+01
6.380416666666666714e+01
6.370000000000000284e+01
6.374166666666666714e+01
6.362500000000000000e+01
6.384166666666666856e+01
6.364583333333333570e+01
6.370416666666666572e+01
6.375416666666666998e+01
6.369583333333333286e+01
6.382500000000000284e+01
6.374166666666666714e+01
6.375833333333333286e+01
6.377083333333333570e+01
6.382500000000000284e+01
6.382083333333333286e+01
6.391666666666666430e+01
6.385416666666666430e+01
6.376250000000000284e+01
6.377083333333333570e+01
6.375416666666666998e+01
6.378333333333333144e+01
6.372083333333333144e+01
6.398749999999999716e+01
6.373333333333333428e+01
6.397083333333333144e+01
6.380833333333333002e+01
6.385416666666666430e+01
6.379999999999999716e+01
6.389166666666666572e+01
6.391250000000000142e+01
6.390416666666666856e+01
6.396249999999999858e+01
6.400833333333332575e+01
6.399166666666666714e+01
6.388333333333333286e+01
6.389166666666666572e+01
6.385000000000000142e+01
6.395000000000000284e+01
6.387916666666666998e+01
6.396249999999999858e+01
6.388750000000000284e+01
6.392916666666666714e+01
6.389583333333333570e+01
6.396666666666666856e+01
6.386666666666666714e+01
6.396666666666666856e+01
6.404166666666665719e+01
6.397916666666666430e+01
6.398333333333333428e+01
6.394166666666666998e+01
6.403749999999999432e+01
6.397083333333333144e+01
6.394166666666666998e+01
6.393750000000000000e+01
6.392083333333333428e+01
6.390833333333333144e+01
6.402500000000000568e+01
6.397083333333333144e+01
6.400833333333332575e+01
6.400833333333332575e+01
6.407083333333332575e+01
6.400416666666666288e+01
6.399583333333333002e+01
6.392499999999999716e+01
6.397500000000000142e+01
6.396666666666666856e+01
6.390833333333333144e+01
6.403333333333333144e+01
6.407500000000000284e+01
6.404166666666665719e+01
6.408333333333334281e+01
6.411666666666667425e+01
6.407500000000000284e+01
6.405833333333333712e+01
6.409583333333333144e+01
6.401666666666666572e+01
6.404583333333333428e+01
6.409999999999999432e+01
6.400416666666666288e+01
6.407500000000000284e+01
6.397083333333333144e+01
6.400000000000000000e+01
6.407500000000000284e+01
6.409999999999999432e+01
6.415000000000000568e+01
6.405833333333333712e+01
6.408333333333334281e+01
6.407083333333332575e+01
6.408333333333334281e+01
6.407916666666666572e+01
6.412500000000000000e+01
6.404166666666665719e+01
6.409999999999999432e+01
6.407083333333332575e+01
6.406250000000000000e+01
6.408333333333334281e+01
6.405416666666667425e+01
6.401250000000000284e+01
6.405833333333333712e+01
6.397500000000000142e+01
6.393750000000000000e+01
6.402916666666666856e+01
6.402500000000000568e+01
6.403749999999999432e+01
6.403333333333333144e+01
6.397083333333333144e+01
6.401666666666666572e+01
6.397500000000000142e+01
6.406250000000000000e+01
6.402916666666666856e+01
6.402083333333334281e+01
6.404999999999999716e+01
6.402500000000000568e+01
6.402916666666666856e+01
6.402500000000000568e+01
6.395833333333333570e+01
6.395000000000000284e+01
6.403333333333333144e+01
6.400000000000000000e+01
6.408333333333334281e+01
6.406250000000000000e+01
6.403333333333333144e+01
6.404166666666665719e+01
6.402500000000000568e+01
6.403333333333333144e+01
6.400416666666666288e+01
6.401250000000000284e+01
6.412083333333333712e+01
6.410833333333333428e+01
6.411249999999999716e+01
6.414583333333334281e+01
6.414583333333334281e+01
6.412083333333333712e+01
6.410416666666665719e+01
6.407916666666666572e+01
6.409583333333333144e+01
6.409166666666666856e+01
6.408333333333334281e+01
6.407916666666666572e+01
6.409166666666666856e+01
6.418333333333333712e+01
6.411666666666667425e+01
6.420416666666666572e+01
6.419166666666666288e+01
6.416666666666665719e+01
6.413750000000000284e+01
6.421666666666666856e+01
6.420416666666666572e+01
6.419583333333332575e+01
6.417083333333333428e+01
6.422916666666665719e+01
6.417083333333333428e+01
6.427083333333334281e+01
6.419166666666666288e+01
6.427083333333334281e+01
6.425416666666666288e+01
6.428333333333333144e+01
6.418333333333333712e+01
6.423749999999999716e+01
6.419583333333332575e+01
6.428333333333333144e+01
6.425000000000000000e+01
6.434999999999999432e+01
6.431250000000000000e+01
6.436249999999999716e+01
6.436249999999999716e+01
6.436666666666667425e+01
6.433750000000000568e+01
6.436249999999999716e+01
6.435833333333333428e+01
6.436666666666667425e+01
6.432083333333332575e+01
6.438750000000000284e+01
6.440000000000000568e+01
6.434583333333333144e+01
6.437500000000000000e+01
6.433750000000000568e+01
6.434583333333333144e+01
6.432083333333332575e+01
6.432916666666666572e+01
6.436666666666667425e+01
6.433333333333334281e+01
6.441249999999999432e+01
6.440416666666666856e+01
6.440416666666666856e+01
6.449583333333333712e+01
6.434166666666666856e+01
6.447499999999999432e+01
6.441666666666665719e+01
6.442083333333333428e+01
6.445416666666666572e+01
6.447083333333333144e+01
6.439583333333334281e+01
6.444583333333332575e+01
6.442083333333333428e+01
6.442916666666667425e+01
6.442083333333333428e+01
6.432083333333332575e+01
6.434583333333333144e+01
6.434999999999999432e+01
6.435416666666665719e+01
6.437500000000000000e+01
6.437500000000000000e+01
6.438750000000000284e+01
6.440416666666666856e+01
6.437083333333333712e+01
6.441249999999999432e+01
6.446666666666666856e+01
6.440416666666666856e+01
6.443750000000000000e+01
6.437500000000000000e+01
6.440416666666666856e+01
6.440416666666666856e+01
6.437916666666666288e+01
6.442499999999999716e+01
6.434166666666666856e+01
6.432083333333332575e+01
6.431666666666666288e+01
6.426250000000000284e+01
6.436249999999999716e+01
6.433333333333334281e+01
6.432500000000000284e+01
6.437916666666666288e+01
6.437500000000000000e+01
6.439166666666666572e+01
6.436249999999999716e+01
6.439583333333334281e+01
6.437500000000000000e+01
6.432500000000000284e+01
6.440000000000000568e+01
6.431666666666666288e+01
6.441249999999999432e+01
6.440416666666666856e+01
6.438750000000000284e+01
6.442916666666667425e+01
6.440833333333333144e+01
6.443750000000000000e+01
6.437916666666666288e+01
6.443333333333333712e+01
6.445000000000000284e+01
6.442499999999999716e+01
6.440000000000000568e+01
6.441249999999999432e+01
6.441666666666665719e+01
6.437916666666666288e+01
6.441666666666665719e+01
6.439166666666666572e+01
6.441249999999999432e+01
6.442499999999999716e+01
6.439166666666666572e+01
6.441666666666665719e+01
6.439166666666666572e+01
6.440000000000000568e+01
6.443333333333333712e+01
6.445416666666666572e+01
6.448749999999999716e+01
6.445416666666666572e+01
6.444166666666666288e+01
6.443750000000000000e+01
6.447083333333333144e+01
6.450833333333332575e+01
6.452916666666666856e+01
6.449166666666667425e+01
6.449166666666667425e+01
6.447916666666665719e+01
6.446250000000000568e+01
6.442083333333333428e+01
6.440000000000000568e+01
6.442916666666667425e+01
6.445416666666666572e+01
6.447499999999999432e+01
6.445000000000000284e+01
6.441666666666665719e+01
6.436666666666667425e+01
6.442499999999999716e+01
6.437500000000000000e+01
6.442083333333333428e+01
6.440000000000000568e+01
6.442083333333333428e+01
6.440000000000000568e+01
6.444583333333332575e+01
6.444166666666666288e+01
6.447916666666665719e+01
6.447083333333333144e+01
6.447916666666665719e+01
6.448333333333333428e+01
6.444166666666666288e+01
6.450416666666666288e+01
6.443750000000000000e+01
6.450416666666666288e+01
6.444583333333332575e+01
6.447916666666665719e+01
6.447916666666665719e+01
6.450833333333332575e+01
6.446666666666666856e+01
6.446250000000000568e+01
6.444583333333332575e+01
6.441249999999999432e+01
6.453333333333333144e+01
6.450000000000000000e+01
6.450833333333332575e+01
6.453333333333333144e+01
6.445833333333334281e+01
6.450000000000000000e+01
6.450833333333332575e+01
6.453333333333333144e+01
6.450000000000000000e+01
6.449166666666667425e+01
6.448749999999999716e+01
6.455833333333333712e+01
6.451666666666666572e+01
6.447916666666665719e+01
6.453333333333333144e+01
6.455416666666667425e+01
6.446250000000000568e+01
6.453749999999999432e+01
6.444583333333332575e+01
6.450000000000000000e+01
6.449166666666667425e+01
6.453333333333333144e+01
6.449583333333333712e+01
6.450000000000000000e+01
6.456250000000000000e+01
6.452916666666666856e+01
6.457916666666666572e+01
6.462083333333333712e+01
6.459999999999999432e+01
6.457500000000000284e+01
6.460416666666665719e+01
6.454999999999999716e+01
6.459166666666666856e+01
6.457500000000000284e+01
6.446666666666666856e+01
6.457500000000000284e+01
6.446250000000000568e+01
6.450833333333332575e+01
6.451666666666666572e+01
6.448749999999999716e+01
6.447499999999999432e+01
6.452083333333334281e+01
6.452916666666666856e+01
6.447916666666665719e+01
6.452916666666666856e+01
6.453333333333333144e+01
6.454166666666665719e+01
6.449166666666667425e+01
6.450000000000000000e+01
6.454583333333333428e+01
6.447083333333333144e+01
6.448333333333333428e+01
6.448333333333333428e+01
6.450000000000000000e+01
6.453749999999999432e+01
6.449583333333333712e+01
6.454583333333333428e+01
6.455833333333333712e+01
6.460833333333333428e+01
6.457083333333332575e+01
6.458750000000000568e+01
6.450416666666666288e+01
6.452083333333334281e+01
6.452083333333334281e+01
6.454166666666665719e+01
6.454583333333333428e+01
6.453333333333333144e+01
6.456666666666666288e+01
6.450000000000000000e+01
6.459999999999999432e+01
6.454166666666665719e+01
6.459166666666666856e+01
6.452083333333334281e+01
6.455833333333333712e+01
6.456250000000000000e+01
6.451250000000000284e+01
6.455416666666667425e+01
6.453333333333333144e+01
6.451250000000000284e+01
6.446666666666666856e+01
6.452500000000000568e+01
6.457083333333332575e+01
6.460416666666665719e+01
6.447499999999999432e+01
6.452083333333334281e+01
6.449166666666667425e+01
6.451666666666666572e+01
6.455833333333333712e+01
6.455416666666667425e+01
6.456250000000000000e+01
6.455416666666667425e+01
6.465416666666666856e+01
6.460833333333333428e+01
6.463333333333332575e+01
6.456666666666666288e+01
6.466666666666665719e+01
6.451666666666666572e+01
6.463750000000000284e+01
6.452916666666666856e+01
6.454583333333333428e+01
6.452083333333334281e+01
6.459583333333333144e+01
6.454999999999999716e+01
6.457500000000000284e+01
6.455416666666667425e+01
6.457500000000000284e+01
6.459166666666666856e+01
6.458750000000000568e+01
6.459583333333333144e+01
6.464583333333334281e+01
6.457500000000000284e+01
6.459999999999999432e+01
6.454583333333333428e+01
6.463750000000000284e+01
6.459166666666666856e+01
6.458333333333334281e+01
6.464166666666666572e+01
6.460833333333333428e+01
6.467916666666667425e+01
6.460833333333333428e+01
6.462916666666666288e+01
6.463333333333332575e+01
6.468750000000000000e+01
6.466666666666665719e+01
6.470833333333334281e+01
6.464583333333334281e+01
6.467916666666667425e+01
6.463750000000000284e+01
6.465833333333333144e+01
6.461249999999999716e+01
6.466249999999999432e+01
6.460416666666665719e+01
6.460833333333333428e+01
6.466249999999999432e+01
6.460833333333333428e+01
6.466249999999999432e+01
6.462916666666666288e+01
6.461666666666667425e+01
6.465416666666666856e+01
6.460833333333333428e+01
6.461666666666667425e+01
6.458333333333334281e+01
6.462916666666666288e+01
6.457083333333332575e+01
6.457083333333332575e+01
6.457916666666666572e+01
6.457083333333332575e+01
6.460833333333333428e+01
6.459166666666666856e+01
6.460416666666665719e+01
6.462500000000000000e+01
6.462500000000000000e+01
6.460833333333333428e+01
6.461666666666667425e+01
6.464166666666666572e+01
6.462500000000000000e+01
6.463333333333332575e+01
6.464583333333334281e+01
6.465416666666666856e+01
6.460833333333333428e+01
6.459999999999999432e+01
6.463333333333332575e+01
6.462500000000000000e+01
6.462500000000000000e+01
6.461249999999999716e+01
6.457083333333332575e+01
6.465000000000000568e+01
6.458750000000000568e+01
6.462083333333333712e+01
6.460833333333333428e+01
6.459583333333333144e+01
6.457916666666666572e+01
6.458333333333334281e+01
6.462500000000000000e+01
6.461249999999999716e+01
6.457500000000000284e+01
6.462916666666666288e+01
6.461249999999999716e+01
6.464166666666666572e+01
6.458333333333334281e+01
6.462083333333333712e+01
6.457500000000000284e+01
6.464583333333334281e+01
6.461249999999999716e+01
6.466249999999999432e+01
6.466249999999999432e+01
6.465000000000000568e+01
6.464583333333334281e+01
6.465833333333333144e+01
6.469166666666666288e+01
6.466249999999999432e+01
6.470833333333334281e+01
6.466666666666665719e+01
6.466666666666665719e+01
6.462500000000000000e+01
6.465000000000000568e+01
6.466249999999999432e+01
6.465000000000000568e+01
6.465833333333333144e+01
6.468750000000000000e+01
6.466666666666665719e+01
6.465833333333333144e+01
6.472083333333333144e+01
6.472916666666665719e+01
6.467916666666667425e+01
6.473333333333333428e+01
6.467499999999999716e+01
6.466249999999999432e+01
6.467499999999999716e+01
6.466666666666665719e+01
6.462916666666666288e+01
6.469583333333332575e+01
6.468333333333333712e+01
6.468750000000000000e+01
6.466666666666665719e+01
6.466249999999999432e+01
6.474166666666667425e+01
6.467916666666667425e+01
6.470000000000000284e+01
6.469166666666666288e+01
6.467083333333333428e+01
6.472499999999999432e+01
6.472083333333333144e+01
6.471250000000000568e+01
6.472083333333333144e+01
6.473333333333333428e+01
6.471250000000000568e+01
6.469166666666666288e+01
6.470833333333334281e+01
6.470416666666666572e+01
6.473333333333333428e+01
6.473749999999999716e+01
6.472499999999999432e+01
6.477916666666666856e+01
6.474583333333333712e+01
6.483750000000000568e+01
6.480416666666667425e+01
6.480833333333333712e+01
6.475000000000000000e+01
6.474583333333333712e+01
6.472083333333333144e+01
6.472499999999999432e+01
6.472916666666665719e+01
6.477083333333334281e+01
6.474583333333333712e+01
6.476250000000000284e+01
6.469166666666666288e+01
6.473333333333333428e+01
6.473749999999999716e+01
6.480416666666667425e+01
6.469583333333332575e+01
6.472499999999999432e+01
6.469583333333332575e+01
6.475000000000000000e+01
6.472499999999999432e+01
6.475833333333332575e+01
6.472083333333333144e+01
6.476666666666666572e+01
6.476250000000000284e+01
6.471666666666666856e+01
6.466666666666665719e+01
6.474583333333333712e+01
6.466666666666665719e+01
6.470833333333334281e+01
6.469583333333332575e+01
6.470833333333334281e+01
6.469166666666666288e+01
6.468750000000000000e+01
6.471250000000000568e+01
6.464583333333334281e+01
6.468750000000000000e+01
6.466249999999999432e+01
6.466666666666665719e+01
6.464583333333334281e+01
6.463750000000000284e+01
6.464583333333334281e+01
6.465833333333333144e+01
6.472499999999999432e+01
6.470833333333334281e+01
6.466249999999999432e+01
6.475833333333332575e+01
6.470000000000000284e+01
6.466666666666665719e+01
6.468333333333333712e+01
6.470000000000000284e+01
6.470416666666666572e+01
6.467916666666667425e+01
6.469583333333332575e+01
6.468750000000000000e+01
6.470833333333334281e+01
6.473333333333333428e+01
6.468750000000000000e+01
6.473333333333333428e+01
6.471666666666666856e+01
6.474583333333333712e+01
6.474583333333333712e+01
6.475833333333332575e+01
6.478749999999999432e+01
6.476250000000000284e+01
6.477916666666666856e+01
6.470416666666666572e+01
6.473749999999999716e+01
6.475000000000000000e+01
6.476250000000000284e+01
6.473333333333333428e+01
6.477083333333334281e+01
6.474166666666667425e+01
6.478333333333333144e+01
6.472083333333333144e+01
6.472916666666665719e+01
6.470833333333334281e+01
6.470833333333334281e+01
6.471666666666666856e+01
6.469166666666666288e+01
6.478749999999999432e+01
6.471666666666666856e+01
6.475000000000000000e+01
6.470416666666666572e+01
6.478749999999999432e+01
6.474583333333333712e+01
6.475416666666666288e+01
6.476666666666666572e+01
6.472916666666665719e+01
6.474583333333333712e+01
6.473749999999999716e+01
6.472083333333333144e+01
6.471250000000000568e+01
6.472499999999999432e+01
6.476666666666666572e+01
6.468750000000000000e+01
6.475416666666666288e+01
6.471250000000000568e+01
6.475833333333332575e+01
6.471666666666666856e+01
6.474166666666667425e+01
6.475000000000000000e+01
6.465416666666666856e+01
6.479166666666665719e+01
6.470000000000000284e+01
6.473749999999999716e+01
6.470833333333334281e+01
6.472916666666665719e+01
6.474166666666667425e+01
6.476250000000000284e+01
6.473333333333333428e+01
6.471666666666666856e+01
6.475000000000000000e+01
6.470833333333334281e+01
6.474583333333333712e+01
6.473749999999999716e+01
6.471250000000000568e+01
6.472083333333333144e+01
6.473749999999999716e+01
6.470416666666666572e+01
6.477500000000000568e+01
6.472916666666665719e+01
6.471666666666666856e+01
6.470000000000000284e+01
6.476250000000000284e+01
6.472916666666665719e+01
6.475416666666666288e+01
6.470416666666666572e+01
6.468750000000000000e+01
6.467499999999999716e+01
6.466249999999999432e+01
6.470416666666666572e+01
6.474583333333333712e+01
6.472499999999999432e+01
6.470000000000000284e+01
6.470833333333334281e+01
6.469583333333332575e+01
6.468750000000000000e+01
6.467499999999999716e+01
6.465000000000000568e+01
6.467916666666667425e+01
6.464166666666666572e+01
6.468750000000000000e+01
6.464166666666666572e+01
6.469166666666666288e+01
6.465416666666666856e+01
6.465416666666666856e+01
6.470000000000000284e+01
6.470000000000000284e+01
6.469166666666666288e+01
6.470833333333334281e+01
6.470416666666666572e+01
6.471250000000000568e+01
6.473749999999999716e+01
6.470000000000000284e+01
6.471666666666666856e+01
6.469166666666666288e+01
6.465833333333333144e+01
6.470000000000000284e+01
6.467916666666667425e+01
6.465833333333333144e+01
6.468750000000000000e+01
6.472083333333333144e+01
6.470000000000000284e+01
6.474166666666667425e+01
6.471250000000000568e+01
6.473333333333333428e+01
6.474583333333333712e+01
6.472499999999999432e+01
6.478749999999999432e+01
6.468333333333333712e+01
6.475000000000000000e+01
6.474583333333333712e+01
6.470416666666666572e+01
6.470833333333334281e+01
6.472916666666665719e+01
6.475000000000000000e+01
6.472499999999999432e+01
6.475000000000000000e+01
6.474166666666667425e+01
6.477500000000000568e+01
6.475000000000000000e+01
6.472916666666665719e+01
6.467499999999999716e+01
6.474166666666667425e+01
6.476666666666666572e+01
6.475416666666666288e+01
6.471666666666666856e+01
6.473749999999999716e+01
6.471666666666666856e+01
6.473749999999999716e+01
6.470833333333334281e+01
6.474583333333333712e+01
6.471250000000000568e+01
6.471250000000000568e+01
6.472916666666665719e+01
6.470833333333334281e+01
6.475416666666666288e+01
6.469166666666666288e+01
6.475000000000000000e+01
6.473749999999999716e+01
6.472499999999999432e+01
6.472083333333333144e+01
6.474583333333333712e+01
6.470000000000000284e+01
6.470833333333334281e+01
6.474166666666667425e+01
6.472083333333333144e+01
6.474166666666667425e+01
6.472916666666665719e+01
6.474583333333333712e+01
6.472499999999999432e+01
6.470833333333334281e+01
6.472083333333333144e+01
6.467499999999999716e+01
6.477083333333334281e+01
6.477500000000000568e+01
6.480416666666667425e+01
6.480416666666667425e+01
6.475416666666666288e+01
6.477916666666666856e+01
6.475000000000000000e+01
6.478333333333333144e+01
6.477083333333334281e+01
6.479166666666665719e+01
6.481250000000000000e+01
6.479583333333333428e+01
6.478749999999999432e+01
6.478749999999999432e+01
6.479166666666665719e+01
6.479166666666665719e+01
6.479583333333333428e+01
6.479999999999999716e+01
6.477916666666666856e+01
6.477083333333334281e+01
6.476666666666666572e+01
6.478333333333333144e+01
6.477916666666666856e+01
6.477916666666666856e+01
6.477500000000000568e+01
6.481666666666666288e+01
6.477083333333334281e+01
6.478749999999999432e+01
6.477916666666666856e+01
6.477916666666666856e+01
6.480416666666667425e+01
6.482916666666666572e+01
6.484166666666666856e+01
6.482500000000000284e+01
6.485416666666665719e+01
6.478749999999999432e+01
6.482916666666666572e+01
6.479166666666665719e+01
6.489583333333334281e+01
6.479999999999999716e+01
6.484166666666666856e+01
6.483333333333334281e+01
6.479583333333333428e+01
6.482500000000000284e+01
6.482083333333332575e+01
6.481250000000000000e+01
6.482500000000000284e+01
6.482916666666666572e+01
6.484166666666666856e+01
6.485416666666665719e+01
6.483750000000000568e+01
6.490833333333333144e+01
6.480833333333333712e+01
6.486249999999999716e+01
6.480416666666667425e+01
6.482083333333332575e+01
6.480416666666667425e+01
6.482916666666666572e+01
6.483750000000000568e+01
6.484999999999999432e+01
6.481666666666666288e+01
6.484999999999999432e+01
6.477916666666666856e+01
6.484999999999999432e+01
6.480833333333333712e+01
6.487500000000000000e+01
6.478333333333333144e+01
6.481666666666666288e+01
6.475416666666666288e+01
6.487083333333333712e+01
6.486666666666667425e+01
6.483333333333334281e+01
6.487083333333333712e+01
6.484583333333333144e+01
6.488333333333332575e+01
6.484999999999999432e+01
6.482916666666666572e+01
6.478749999999999432e+01
6.485416666666665719e+01
6.473333333333333428e+01
6.485833333333333428e+01
6.479166666666665719e+01
6.482500000000000284e+01
6.483333333333334281e+01
6.483750000000000568e+01
6.482500000000000284e+01
6.484999999999999432e+01
6.479583333333333428e+01
6.480833333333333712e+01
6.479583333333333428e+01
6.480416666666667425e+01
6.479583333333333428e+01
6.477083333333334281e+01
6.479583333333333428e+01
6.478333333333333144e+01
6.479999999999999716e+01
6.480833333333333712e+01
6.477916666666666856e+01
6.479166666666665719e+01
6.477083333333334281e+01
6.486666666666667425e+01
6.482083333333332575e+01
6.484166666666666856e+01
6.479166666666665719e+01
6.478749999999999432e+01
6.478333333333333144e+01
6.480416666666667425e+01
6.482500000000000284e+01
6.485833333333333428e+01
6.483750000000000568e+01
6.483750000000000568e+01
6.484166666666666856e+01
6.485416666666665719e+01
6.483750000000000568e+01
6.484166666666666856e+01
6.482500000000000284e+01
6.486666666666667425e+01
6.481250000000000000e+01
6.484583333333333144e+01
6.485416666666665719e+01
6.487083333333333712e+01
6.485833333333333428e+01
6.483333333333334281e+01
6.482083333333332575e+01
6.482500000000000284e+01
6.482500000000000284e+01
6.482083333333332575e+01
6.483750000000000568e+01
6.481666666666666288e+01
6.480833333333333712e+01
6.475000000000000000e+01
6.484999999999999432e+01
6.484583333333333144e+01
6.483333333333334281e+01
6.486249999999999716e+01
6.488333333333332575e+01
6.481666666666666288e+01
6.484583333333333144e+01
6.484583333333333144e+01
6.484583333333333144e+01
6.482500000000000284e+01
6.482083333333332575e+01
6.483333333333334281e+01
6.479583333333333428e+01
6.479999999999999716e+01
6.479166666666665719e+01
6.481666666666666288e+01
6.482083333333332575e+01
6.481250000000000000e+01
6.477083333333334281e+01
6.481250000000000000e+01
6.475833333333332575e+01
6.483750000000000568e+01
6.479583333333333428e+01
6.480833333333333712e+01
6.482500000000000284e+01
6.479583333333333428e+01
6.481250000000000000e+01
6.478333333333333144e+01
6.477083333333334281e+01
6.480416666666667425e+01
6.480833333333333712e+01
6.479999999999999716e+01
6.476666666666666572e+01
6.484166666666666856e+01
6.483333333333334281e+01
6.482500000000000284e+01
6.479999999999999716e+01
6.482916666666666572e+01
6.483750000000000568e+01
6.483750000000000568e+01
6.479166666666665719e+01
6.483750000000000568e+01
6.483750000000000568e+01
6.486666666666667425e+01
6.488750000000000284e+01
6.487083333333333712e+01
