1.055865958248512482e-01
1.048163930949737865e-01
1.373224185950772391e-01
1.150989878473735323e-01
7.839578194370580566e-02
1.009784682906635783e-01
1.289571779233391891e-01
6.665393433573349458e-02
7.936020756093972728e-02
1.003141100853092160e-01
6.213455263011424812e-02
6.906370730300226413e-02
5.754830101260942354e-02
6.275062322552286964e-02
5.509242135006186397e-02
5.623416707794619968e-02
5.447175886913380866e-02
5.429841167047505524e-02
5.385513909718378511e-02
5.344424143054695570e-02
5.335348745757619721e-02
5.266257141818854459e-02
5.274045454446549264e-02
5.204278536652149484e-02
5.205587879665850293e-02
5.133732804338473482e-02
5.091557011187031190e-02
5.039211943043408332e-02
5.003239569562135253e-02
4.945364666503498235e-02
4.915445911865963524e-02
4.845796087076961051e-02
4.817674818038377577e-02
4.770702034717386880e-02
4.736643900428667842e-02
4.697146238893106646e-02
4.656246765344387861e-02
4.628268334494219788e-02
4.582030480771381864e-02
4.537850211827299668e-02
4.502586723056874879e-02
4.449267045442695939e-02
4.411365343213304036e-02
4.373393700634328751e-02
4.326333868905171687e-02
4.291372651662347937e-02
4.254258434846514697e-02
4.234530760574112263e-02
4.228474073035877467e-02
4.221857551160757699e-02
4.203514894457758416e-02
4.185546754179304135e-02
4.169218151356277741e-02
4.149411225528695790e-02
4.138780737403596061e-02
4.123674446173993674e-02
4.106095055620809925e-02
4.092265087535738866e-02
4.076193657065933784e-02
4.063421725082524971e-02
4.052345847472185736e-02
4.044956221420743098e-02
4.041361915039774072e-02
4.024770930274162301e-02
4.021695771989104717e-02
4.009674548665995153e-02
4.006425139908884048e-02
3.994286653465172615e-02
3.985483677761158389e-02
3.974803485138419384e-02
3.969184098657886628e-02
3.960363448832490002e-02
3.956753819116993337e-02
3.950572913110664275e-02
3.946861522688249746e-02
3.934443497710819054e-02
3.931547745938093752e-02
3.922697208363121885e-02
3.913934733174516400e-02
3.910813913175097134e-02
3.900385661567957324e-02
3.895723371345263808e-02
3.895919455141785837e-02
3.886583687877307597e-02
3.885835154741581338e-02
3.877711999169664719e-02
3.872767147649631980e-02
3.868041799408239445e-02
3.861387050517678388e-02
3.856667734661477914e-02
3.852086898974738105e-02
3.844854733955476583e-02
3.842091086582452575e-02
3.833746762899555710e-02
3.830133710280360371e-02
3.831946052978694311e-02
3.826067997061658593e-02
3.819316287485852862e-02
3.818184614713553832e-02
3.812960755195332618e-02
3.806523847830960150e-02
3.800248654663610642e-02
3.794703265206382514e-02
3.793396463130532109e-02
3.790261206924179505e-02
3.783860531674931166e-02
3.777649166709114853e-02
3.772151444869545345e-02
3.771843029764697375e-02
3.765692478363580342e-02
3.764816290886211642e-02
3.763971930800890514e-02
3.758458181673699633e-02
3.755982246343439468e-02
3.750315591159550377e-02
3.746570041717744992e-02
3.743121097711338274e-02
3.740244077852891008e-02
3.739631963636796952e-02
3.735916965993642952e-02
3.730805186292705800e-02
3.735500987221825747e-02
3.731149606195877794e-02
3.729326347854448193e-02
3.725797070547820500e-02
3.721486974324818980e-02
3.721536820643144700e-02
3.715652690503705446e-02
3.714312048678298367e-02
3.713020762521659912e-02
3.710740586185645035e-02
3.709676894457825808e-02
3.707578547955316800e-02
3.703710441579969453e-02
3.703575292081663639e-02
3.698689946022099689e-02
3.697240477099162509e-02
3.693792357480200905e-02
3.690767622404439452e-02
3.688875573736528218e-02
3.688740314241868018e-02
3.687769407853404985e-02
3.688118431468296460e-02
3.682442017323470790e-02
3.681396168208611597e-02
3.677986068388840873e-02
3.677153296363490365e-02
3.673383979184572518e-02
3.671855920483507035e-02
3.670057131230830549e-02
3.671306597451042680e-02
3.665633316354896531e-02
3.667295998932759010e-02
3.663566926675183161e-02
3.662307686518812000e-02
3.659513946685753749e-02
3.657878807149685801e-02
3.655667693813625246e-02
3.653374687767058787e-02
3.654044349176491929e-02
3.651406057797738913e-02
3.652478195660376070e-02
3.648677299340727376e-02
3.649566862072347456e-02
3.646537374830133987e-02
3.646173629052622961e-02
3.645695212697044885e-02
3.643891958700873346e-02
3.643822778097198511e-02
3.641201903899363157e-02
3.640941186428704734e-02
3.640906658647777988e-02
3.638385867846660737e-02
3.638801560776964289e-02
3.636174896462725931e-02
3.635269726253314432e-02
3.633287850139639563e-02
3.631198250612555078e-02
3.630765594551588205e-02
3.627501471433294128e-02
3.626111825954617812e-02
3.625488937471869205e-02
3.622930494097207493e-02
3.621112179277739124e-02
3.620913103597540872e-02
3.618369992030152221e-02
3.616922305317551989e-02
3.616265445344046120e-02
3.614078014551348750e-02
3.612306016088817628e-02
3.610879646337559340e-02
3.607356135899594113e-02
3.605677909012158094e-02
3.602989360314740735e-02
3.605703778157750422e-02
3.602875769785032073e-02
3.599629009138356067e-02
3.598802316229580273e-02
3.598572591674294857e-02
3.597488321369242403e-02
3.594469742499775688e-02
3.593142365860510501e-02
3.591665776560365453e-02
3.591171415893856106e-02
3.592170135489789612e-02
3.589339158507039856e-02
3.589528537810242337e-02
3.587454334263349282e-02
3.587238172849132462e-02
3.586467286393354298e-02
3.585734869306963363e-02
3.584161036857091281e-02
3.584731416318008568e-02
3.583272463702642796e-02
3.582282201835502305e-02
3.580785142226991513e-02
3.580378371997192805e-02
3.578482841971602352e-02
3.576274924505362662e-02
3.575406217613729537e-02
3.574188754582725835e-02
3.575484140502371150e-02
3.572343404058721250e-02
3.573308711583349229e-02
3.571104596801737835e-02
3.569890162055251726e-02
3.569469769680551352e-02
3.567472791466270304e-02
3.566911500927791301e-02
3.565679756980275061e-02
3.564024094603496923e-02
3.565962078526831863e-02
3.562447346926785052e-02
3.562992771652578189e-02
3.561436414942063811e-02
3.560955888185697582e-02
3.560940053533118155e-02
3.560357357860660654e-02
3.559391523659781453e-02
3.559717762783810163e-02
3.558469299996391833e-02
3.557655693549390680e-02
3.556518462824975052e-02
3.554691443714775440e-02
3.554604922454705773e-02
3.554179949420177564e-02
3.552860984640273528e-02
3.553956237167966298e-02
3.553421635339300277e-02
3.553937261681122672e-02
3.553009943754569661e-02
3.552091294480781009e-02
3.551488304847608829e-02
3.550637185460418094e-02
3.549640098302768443e-02
3.548686249892447214e-02
3.549889553328389874e-02
3.547735683104439458e-02
3.548876465364657340e-02
3.546961065138303643e-02
3.546582014173652042e-02
3.546844871649876274e-02
3.545815457082874406e-02
3.544770341945533559e-02
3.543788555295832726e-02
3.544282197358709224e-02
3.543553387421848749e-02
3.542622517466006288e-02
3.541757318043130265e-02
3.540907273143245604e-02
3.540965863472013420e-02
3.538883059725497077e-02
3.540163157062447413e-02
3.538234971228117892e-02
3.538998456112366769e-02
3.538287001313156210e-02
3.538716750824606044e-02
3.537054441107350539e-02
3.536511849688736553e-02
3.536918364322350766e-02
3.534682041903066535e-02
3.534414626151681504e-02
3.533182154020326343e-02
3.532442340855183882e-02
3.531775479983678689e-02
3.531578517986876109e-02
3.530742924418483336e-02
3.529317760765167400e-02
3.529812375470155195e-02
3.529054806787579324e-02
3.528441898162325979e-02
3.528771497962049364e-02
3.527329585593010769e-02
3.527785384435892790e-02
3.526761844096465426e-02
3.526791409934580679e-02
3.526397037617827468e-02
3.525908105074795906e-02
3.525034046259691717e-02
3.525558487780253158e-02
3.523514166938322006e-02
3.523786482214199406e-02
3.522979379401698641e-02
3.523440274300249780e-02
3.522716790230377010e-02
3.523305186564947011e-02
3.521122274115546374e-02
3.521279761310155271e-02
3.521060916803612356e-02
3.519948464375881325e-02
3.519511380387419647e-02
3.518874228432411488e-02
3.519310749902349045e-02
3.518744054557330914e-02
3.518735021604764424e-02
3.519157703915689467e-02
3.517986630796736403e-02
3.516326574681611500e-02
3.516991840111553802e-02
3.517142940853331540e-02
3.516648512857364212e-02
3.515581960703061809e-02
3.515475539747392464e-02
3.514877335607575343e-02
3.514288161656467513e-02
3.514243381952899398e-02
3.513112883677386306e-02
3.513137155141884960e-02
3.511884226442271023e-02
3.511099303951973477e-02
3.511982176535768940e-02
3.510330869442035429e-02
3.509845016109507110e-02
3.509446719132976178e-02
3.508577564611007477e-02
3.507382589717292914e-02
3.508671928153164754e-02
3.506889044882940260e-02
3.507895031458348883e-02
3.506776593107809037e-02
3.506421261113158022e-02
3.505843577897339164e-02
3.506140732142047634e-02
3.505284059045283424e-02
3.505380052678898350e-02
3.504771152496310993e-02
3.503783641071171739e-02
3.503334641723687692e-02
3.502568427256708833e-02
3.502198714124770546e-02
3.502224268347983727e-02
3.501049237499254813e-02
3.501538108653684533e-02
3.500915576208616514e-02
3.501315510088896105e-02
3.500667460319503016e-02
3.499963672859689873e-02
3.499728773858785252e-02
3.499375756242981139e-02
3.499280296923454325e-02
3.499136479322033366e-02
3.498502049902407068e-02
3.499290011829435387e-02
3.498931280317019166e-02
3.498486907359736608e-02
3.498371517441776352e-02
3.497919660935266961e-02
3.498391980085106129e-02
3.497969773436580831e-02
3.497688312649956804e-02
3.498084862823650637e-02
3.497111094791845870e-02
3.497234283996078497e-02
3.496865613257543748e-02
3.497408136228900150e-02
3.496299831358976040e-02
3.495489065204800821e-02
3.495233112260537345e-02
3.494633414857351711e-02
3.495159998460869305e-02
3.494799911123355751e-02
3.494517722537585080e-02
3.494508526156482608e-02
3.494650145824177573e-02
3.493845500689798239e-02
3.493675859420593277e-02
3.493303937567733553e-02
3.492863391914830667e-02
3.492952099578728459e-02
3.492287975192065463e-02
3.491959977896887807e-02
3.492491488547377204e-02
3.491884507045971142e-02
3.492138877351900345e-02
3.492252048513248136e-02
3.491806999279332274e-02
3.491965330888766733e-02
3.490915622491843479e-02
3.491354924155452844e-02
3.490604867410434381e-02
3.490888949593135004e-02
3.490343120430873525e-02
3.489685663136093963e-02
3.489664586030644805e-02
3.489527781909478044e-02
3.489104300171867734e-02
3.488938076473820094e-02
3.488629548774935252e-02
3.488330657465468082e-02
3.487273111573890166e-02
3.487958554620373963e-02
3.487177805448953699e-02
3.487513428902596496e-02
3.487349663287803159e-02
3.486392332769880364e-02
3.486563663005446539e-02
3.485783280601544021e-02
3.485321742527423827e-02
3.484872417976356274e-02
3.484567701790529382e-02
3.485057345909298165e-02
3.483976472247575507e-02
3.483034401905255040e-02
3.484773951571945583e-02
3.482928540216714830e-02
3.483731089927529639e-02
3.483124967664787824e-02
3.482627643436982806e-02
3.482785509959244324e-02
3.482139300228054291e-02
3.481346151697412711e-02
3.480939949584210824e-02
3.480461921036981376e-02
3.479945616779165501e-02
3.479408364896018069e-02
3.480214930798530143e-02
3.479754419422297768e-02
3.479113892932465119e-02
3.479902031309940053e-02
3.479126582753377245e-02
3.479531313220664279e-02
3.479178063407645238e-02
3.478523739180047064e-02
3.478736922662439141e-02
3.478088744343150324e-02
3.478706684239727537e-02
3.477314139705113549e-02
3.478507265493861050e-02
3.477438925659390168e-02
3.477443832034960575e-02
3.477736144006036978e-02
3.476222544495174288e-02
3.476639919483727470e-02
3.476194096765374691e-02
3.475883368852239474e-02
3.475356584100209451e-02
3.474607079209725280e-02
3.474903734560460394e-02
3.474300337441944830e-02
3.475045638532751197e-02
3.474023662019571496e-02
3.473517930336345039e-02
3.474247486994039985e-02
3.473619013584680615e-02
3.474873051853970968e-02
3.473461870176283717e-02
3.473652395017862160e-02
3.473124507147325873e-02
3.473129781788215908e-02
3.472163191115655578e-02
3.472028771636433836e-02
3.472316079103530267e-02
3.471053408953327091e-02
3.471549065295847364e-02
3.470738545941831621e-02
3.470808723038674298e-02
3.470516456067544719e-02
3.470661623578322197e-02
3.470197999617883472e-02
3.469565175734821982e-02
3.469814736250338011e-02
3.469583167237449972e-02
3.469892638298329585e-02
3.469509730238982959e-02
3.468437795222934633e-02
3.470077253893928682e-02
3.469173163026085388e-02
3.469243776009538205e-02
3.468452809332906589e-02
3.468230648197403315e-02
3.468431194639863546e-02
3.468219279239675990e-02
3.467540030348695290e-02
3.467685091764616950e-02
3.467231712341999755e-02
3.466680072552781600e-02
3.466479893731522210e-02
3.466840480408817787e-02
3.465755693269377546e-02
3.466457025101322975e-02
3.466623297057807446e-02
3.465442777571491051e-02
3.466641113438970190e-02
3.465572763422879177e-02
3.465311200129844726e-02
3.466102319494945155e-02
3.465409075509839898e-02
3.465522637188256372e-02
3.465092270891562826e-02
3.465278724571042857e-02
3.464161431896396748e-02
3.464276137464748079e-02
3.464013135462316179e-02
3.463932931521346292e-02
3.464329160999243123e-02
3.463850132127393316e-02
3.463236262203311933e-02
3.463915397365826404e-02
3.462832088289180543e-02
3.463121304321331584e-02
3.462721749003796340e-02
3.462790951919878651e-02
3.462273090598814995e-02
3.461787743833219522e-02
3.461628493898826625e-02
3.461198639783642089e-02
3.461137158698375516e-02
3.460688349653145285e-02
3.461427737638787111e-02
3.460741871389353547e-02
3.460672527405368737e-02
3.461297008573015893e-02
3.460401499969629341e-02
3.461013757411665615e-02
3.460383990615985977e-02
3.460220779333426228e-02
3.459953435327145499e-02
3.459775443679319329e-02
3.460076530695504332e-02
3.459285122119977463e-02
3.459625330262805498e-02
3.460263803039879266e-02
3.459266149595950635e-02
3.460265577620098149e-02
3.459109334962089805e-02
3.459049030662128543e-02
3.459034623260121705e-02
3.458469483220404095e-02
3.458316208179010309e-02
3.458188048198839598e-02
3.458063129499937272e-02
3.458311878259631017e-02
3.457334335674475123e-02
3.458573990806743104e-02
3.457089366471872982e-02
3.458609399096655712e-02
3.456975173082055264e-02
3.457379953540493100e-02
3.457009212168744849e-02
3.456785889285216018e-02
3.457136079713988425e-02
3.456911153621520377e-02
3.456946484132885494e-02
3.456497320549183766e-02
3.456072434641570268e-02
3.455718364279685567e-02
3.455270744606588756e-02
3.456152586015755201e-02
3.455434036320410157e-02
3.456310084200540228e-02
3.454949474611540561e-02
3.455687262316628483e-02
3.455100795541456160e-02
3.455281088713586107e-02
3.455027601191700687e-02
3.454899727337561177e-02
3.454770793577442711e-02
3.454882044523811119e-02
3.454351168068751227e-02
3.454357580172236208e-02
3.453841795696826339e-02
3.454024173299725942e-02
3.453874574331840253e-02
3.453913093807225998e-02
3.453471779487307658e-02
3.453919508351079026e-02
3.452739214960568598e-02
3.453634481382680116e-02
3.452539404463904338e-02
3.452977586259497328e-02
3.452575695502971970e-02
3.452570624625376366e-02
3.452785921617176207e-02
3.452075486342297966e-02
3.452727429851481372e-02
3.451966056452505233e-02
3.452698303448754891e-02
3.451739905133625885e-02
3.452124136916828040e-02
3.452055275416607977e-02
3.452174531681290182e-02
3.451955159006955126e-02
3.451915238707538303e-02
3.451716243031225512e-02
3.451934982745234748e-02
3.451361853571517646e-02
3.452669451617833285e-02
3.451486114916858111e-02
3.451555979406561309e-02
3.451682358929004241e-02
3.451621775347438886e-02
3.451466589646808719e-02
3.451199263452649213e-02
3.450792462998505256e-02
3.451202668602602885e-02
3.451134887508520988e-02
3.450743172400388276e-02
3.451511469354932859e-02
3.450744672307487493e-02
3.450437039256337018e-02
3.450539870701139350e-02
3.450445846277927497e-02
3.450763147413392351e-02
3.450476226325055462e-02
3.450821037767737992e-02
3.450284069567809142e-02
3.450117837241258728e-02
3.451334602288576997e-02
3.450005387512038862e-02
3.450505364604831982e-02
3.449956989900252596e-02
3.450470248636278853e-02
3.450012068248873437e-02
3.450089125637385151e-02
3.449962100001181808e-02
3.449552221465570362e-02
3.449459966601257921e-02
3.449578695296458275e-02
3.449359386699596408e-02
3.449729609825762794e-02
3.449709248157446090e-02
3.449814615108742766e-02
3.449322902649476497e-02
3.449733108403703341e-02
3.449477853977474251e-02
3.449287554712702347e-02
3.449168288807673288e-02
3.448851265549522649e-02
3.448776182044124838e-02
3.448905048064885431e-02
3.449294616550666048e-02
3.448068272145567159e-02
3.449042927072322462e-02
3.448540635919720293e-02
3.448679397325071089e-02
3.448462489595797292e-02
3.448398081569848533e-02
3.448335086177996278e-02
3.448161725515157955e-02
3.447758907052560912e-02
3.447663446925441216e-02
3.447579748112743203e-02
3.447880041387154509e-02
3.447717451329043031e-02
3.447718722237218952e-02
3.447647144336939140e-02
3.447543584735093120e-02
3.447373475572088758e-02
3.447405154319753418e-02
3.447296847292963956e-02
3.447642006648202889e-02
3.447190086579155627e-02
3.447198785061793974e-02
3.447219996149177013e-02
3.447164983961914508e-02
3.446945117974616751e-02
3.446875622097290981e-02
3.446670597306573242e-02
3.446370405132342246e-02
3.446368830254106091e-02
3.446567870476848622e-02
3.447025938195182743e-02
3.446172395636550034e-02
3.446637642100589677e-02
3.446170387386771755e-02
3.446325982193271242e-02
3.446332502482520044e-02
3.446038800759164411e-02
3.446285108093432442e-02
3.446050725674462689e-02
3.446379674252982028e-02
3.446186707140366789e-02
3.446984839246303861e-02
3.446294620607263937e-02
3.446653135060110534e-02
3.445865534430107152e-02
3.446278767173289320e-02
3.445851280367186187e-02
3.445729853278613197e-02
3.445711145368309664e-02
3.445620489424992827e-02
3.445484635423755326e-02
3.445326619399344259e-02
3.445356176286457767e-02
3.446314507545431699e-02
3.445083632966412096e-02
3.445567813699542542e-02
3.445045375834229068e-02
3.445157016669003758e-02
3.444987535637691195e-02
3.444950357148927195e-02
3.444538906882194107e-02
3.444788975079721843e-02
3.444828378862634100e-02
3.445073646500785430e-02
3.444324636130352557e-02
3.444979836219323049e-02
3.444441548610983894e-02
3.444646605806948869e-02
3.444159402435450351e-02
3.444204778440242143e-02
3.444465661404898238e-02
3.444099997729614671e-02
3.444271839924453738e-02
3.443922249041172362e-02
3.443773074446817434e-02
3.443743315375136921e-02
3.443939417368564043e-02
3.443882875498918694e-02
3.443933774456144070e-02
3.443674048513968577e-02
3.443971904007755297e-02
3.443089345904529891e-02
3.443726389752974071e-02
3.443230222673148572e-02
3.443011564137685165e-02
3.443285199475656227e-02
3.442937898879468162e-02
3.443131883501194396e-02
3.443675030971807965e-02
3.442899585075080010e-02
3.442809960912035505e-02
3.442747067946195366e-02
3.442544878585331730e-02
3.442767619647425087e-02
3.442748011981756201e-02
3.442846116461539818e-02
3.443207572930289534e-02
3.442419620512515710e-02
3.442992674635550476e-02
3.442425368672095976e-02
3.442547046863551896e-02
3.442498560320094575e-02
3.442354575378953063e-02
3.442194543986130256e-02
3.442043925004632798e-02
3.441959215324577603e-02
3.442238846579707273e-02
3.443284916536302337e-02
3.442116616652088346e-02
3.443000133236773230e-02
3.442418829911509520e-02
3.442504624628661691e-02
3.442172582106519524e-02
3.442251416460528901e-02
3.442276425015153296e-02
3.442170052303852867e-02
3.442025529827570651e-02
3.442964235504791803e-02
3.441974513673247416e-02
3.442290407740541264e-02
3.441975271543681186e-02
3.441779401134685556e-02
3.441662298203655018e-02
3.441751120739717368e-02
3.441575576170341488e-02
3.441536898169195169e-02
3.441152900218324984e-02
3.441720869929690979e-02
3.441582343067240563e-02
3.441267062942787724e-02
3.441151899450603513e-02
3.441164388675290592e-02
3.441397006193497310e-02
3.440895445679467007e-02
3.441008116626983332e-02
3.440852056497100547e-02
3.440532633882938118e-02
3.440603129188198744e-02
3.440562816944378599e-02
3.440180717614783890e-02
3.440415165034666628e-02
3.439989887669642893e-02
3.440407987608905260e-02
3.440243150353471113e-02
3.440055576798443232e-02
3.439983365062609932e-02
3.439607427359994002e-02
3.439591903017956420e-02
3.439459198017580377e-02
3.439501679891379671e-02
3.439356476917214411e-02
3.439309123013280928e-02
3.439374770526434921e-02
3.439571674744075491e-02
3.439301524307837588e-02
3.438806050827289407e-02
3.439299839602748265e-02
3.438835638171384990e-02
3.439008161132717234e-02
3.438796501351666646e-02
3.438575739861055719e-02
3.438730376723115462e-02
3.438600913320409569e-02
3.438259772545162324e-02
3.438477502070107217e-02
3.438318452900417793e-02
3.438745995509422115e-02
3.438117902578018831e-02
3.438436917956724792e-02
3.438104326697319357e-02
3.438251081003970699e-02
3.438113643691912552e-02
3.438005018824685094e-02
3.437739454927114802e-02
3.437536393949429392e-02
3.437625994996582057e-02
3.437247744031969587e-02
3.437350375451805190e-02
3.437294860253256590e-02
3.437158145547078436e-02
3.437253006424235285e-02
3.437174135050149321e-02
3.437180333212162126e-02
3.437182435201416308e-02
3.436996166345826498e-02
3.436850227192807250e-02
3.436522956779623772e-02
3.436574064803880196e-02
3.436523365945494402e-02
3.436497320796227939e-02
3.436307765795995617e-02
3.435972440921155474e-02
3.436386944195393700e-02
3.436114622521859591e-02
3.436368266939562183e-02
3.436052583512803904e-02
3.436166824898895938e-02
3.436300171072142334e-02
3.436433808642413990e-02
3.436270649610499023e-02
3.436144179854898340e-02
3.436181686371768407e-02
3.436081567141673065e-02
3.435987827269102596e-02
3.435557065469670157e-02
3.436057775020363858e-02
3.435928671228431069e-02
3.435928025192946239e-02
3.436204965372088860e-02
3.436224011789094923e-02
3.436279474707910897e-02
3.435493584268069917e-02
3.436192406865356402e-02
3.435518930975601376e-02
3.436004337774494627e-02
3.436095827239368100e-02
3.435921348917934243e-02
3.435857214554669664e-02
3.435736819777576029e-02
3.435385249091714444e-02
3.435443697997733054e-02
3.435526384226456065e-02
3.435506988164924169e-02
3.435323162772604966e-02
3.434963224414621513e-02
3.435246028521895395e-02
3.434903409867603313e-02
3.435319115153876585e-02
3.435062893084899621e-02
3.435232854249407192e-02
3.435071762281688423e-02
3.434852465878934086e-02
3.434950984127842222e-02
3.435056352280067837e-02
3.434487819936369452e-02
3.434758318004421662e-02
3.434541327967870900e-02
3.434472633881113790e-02
3.434118525442753783e-02
3.434287780003106999e-02
3.434525502506077799e-02
3.434275420763124170e-02
3.433989445198849799e-02
3.434041714028842479e-02
3.433895462382618308e-02
3.433851876412400556e-02
3.434072431367186928e-02
3.433946913323272093e-02
3.433766932098723107e-02
3.433726837003973908e-02
3.433684304927162728e-02
3.433612715741314603e-02
3.433391476638485845e-02
3.433628716106684048e-02
3.433379573711146937e-02
3.433561081132615461e-02
3.433310927300781829e-02
3.433279397310678299e-02
3.433337657457900816e-02
3.433279511386602006e-02
3.433418436361453802e-02
3.433414429144234642e-02
3.433554126514753307e-02
3.433904101125802300e-02
3.433491139538995957e-02
3.433678700975252573e-02
3.433910767183859236e-02
3.434024843629201323e-02
3.433685024258703589e-02
3.433766863862249691e-02
3.433686578284169538e-02
3.433679820372993047e-02
3.433627905410965159e-02
3.433744609021815303e-02
3.433804886264946177e-02
3.433780770178226915e-02
3.433514436039757090e-02
3.433956668199873719e-02
3.433842474255845156e-02
3.433808234262231140e-02
3.433705005030477514e-02
3.433460212141378060e-02
3.433468461185861659e-02
3.433304335201885216e-02
3.433494050021814598e-02
3.433604167683559916e-02
3.433523754162447206e-02
3.433907919908291834e-02
3.433108122558455044e-02
3.433297696194444887e-02
3.433146599681174277e-02
3.433475389578052178e-02
3.433196297512060985e-02
3.433395054976928068e-02
3.433400923359910401e-02
3.433135651536301652e-02
3.433312532967595226e-02
3.433196654367087763e-02
3.433165356624164749e-02
3.433246088910994753e-02
3.432982042704690179e-02
3.432993296794696614e-02
3.433015305308200621e-02
3.433232099679858068e-02
3.432993833184994070e-02
3.433469958338598860e-02
3.433044298942702910e-02
3.433136626597654839e-02
3.433009374510627432e-02
3.433027075456231147e-02
3.433048840005903379e-02
3.432934034753036545e-02
3.432921221210812057e-02
3.432886954309027905e-02
3.432955424795186561e-02
3.433062281747926298e-02
3.432679093451580093e-02
3.432766703349278414e-02
3.432702908765513511e-02
3.432835522278554485e-02
3.432580429763805452e-02
3.432848927161235436e-02
3.432495724600467812e-02
3.432615227657636464e-02
3.432616132760962085e-02
3.432531168841055497e-02
3.432428283779592748e-02
3.432389097209317258e-02
3.432383280269508258e-02
3.432351606497287266e-02
3.432223467785957410e-02
3.432611434077122853e-02
3.432337920425141548e-02
3.432555782748964585e-02
3.432378852224021032e-02
3.432532513331908869e-02
3.432366095263802291e-02
3.432324429458282616e-02
3.432405320948624800e-02
3.432179697301741134e-02
3.432074375356709839e-02
3.432488189452444910e-02
3.432044890934277115e-02
3.432278239127427993e-02
3.432177174910691630e-02
3.432208947277400751e-02
3.432439619810465775e-02
3.432274520561933578e-02
3.432068794315669413e-02
3.432029123898937967e-02
3.432184784212868184e-02
3.432345498234548598e-02
3.432139112138810760e-02
3.431894211008647971e-02
3.431865229093337966e-02
3.431789150205712818e-02
3.431879597758940442e-02
3.431979664012028974e-02
3.432002911930919636e-02
3.432010029914570742e-02
3.432080105820637522e-02
3.432140538848768574e-02
3.432002754749704371e-02
3.431834040708035827e-02
3.431846306916433442e-02
3.432180338762869098e-02
3.431987096775648144e-02
3.432240458598597582e-02
3.432237210924073828e-02
3.431812998229152867e-02
3.432046193905917419e-02
3.431969858269926649e-02
3.431892217711748211e-02
3.431741539745764707e-02
3.431599319712051038e-02
3.431438675012773304e-02
3.431295468619146444e-02
3.431328185666688430e-02
