9.944444444444444287e+01
9.611111111111111427e+01
8.166666666666668561e+01
6.277777777777778567e+01
5.055555555555555003e+01
4.333333333333332860e+01
2.277777777777777501e+01
2.833333333333332860e+01
2.444444444444444642e+01
2.222222222222222143e+01
2.555555555555555713e+01
2.277777777777777501e+01
2.722222222222221788e+01
1.555555555555555891e+01
2.166666666666667140e+01
2.277777777777778212e+01
2.444444444444443931e+01
2.111111111111110716e+01
1.388888888888888928e+01
1.944444444444444287e+01
1.833333333333333570e+01
