5.462178223612087491e-01
1.700278360168596681e+00
2.646917611015909166e+00
3.741932336797222369e+00
3.641609104836484700e+00
3.975231959999626863e+00
3.467960347407884836e+00
3.253677880965850200e+00
2.911591704745711162e+00
3.364055948997211942e+00
3.213910096283945528e+00
2.775925308230109856e+00
2.990038330541432199e+00
2.825515721890466292e+00
2.738612787525830594e+00
3.091538964451892024e+00
2.911591704745709830e+00
3.418660965693133491e+00
2.494850663945828995e+00
2.615638313301024365e+00
2.270312971300282978e+00
