2.991758226185837533e+00
9.312808119022337294e+00
1.449776483411098305e+01
2.049540749521857208e+01
1.994591452335138015e+01
2.177324215807269780e+01
1.899480110808751121e+01
1.782112770260604862e+01
1.594744454934147448e+01
1.842569327975221682e+01
1.760331057528317444e+01
1.520436909267112213e+01
1.637711441442630544e+01
1.547598697464901818e+01
1.500000000000000000e+01
1.693305628236463178e+01
1.594744454934146738e+01
1.872477727372524114e+01
1.366485986249871232e+01
1.432644106469736123e+01
1.243501626977743868e+01
