9.944444444444444287e+01
5.111111111111111427e+01
2.611111111111112137e+01
2.333333333333332860e+01
2.055555555555555713e+01
2.055555555555556069e+01
1.388888888888889106e+01
1.722222222222222499e+01
1.777777777777777857e+01
2.000000000000000355e+01
1.611111111111111427e+01
1.444444444444444819e+01
1.833333333333333570e+01
1.833333333333333215e+01
1.944444444444444642e+01
1.722222222222222143e+01
1.944444444444444642e+01
1.722222222222222499e+01
1.833333333333333215e+01
1.777777777777777857e+01
1.888888888888889284e+01
