5.462178223612085270e-01
3.923129682034180554e+00
2.568005102362788339e+00
4.274529791482520658e+00
3.573162424510556878e+00
2.906286644089528082e+00
2.494850663945828995e+00
2.419485371937713403e+00
2.825515721890466292e+00
3.277306934167250496e+00
2.419485371937713847e+00
2.574007459836156197e+00
2.527625148017183410e+00
1.979836631245051715e+00
2.841853565411630811e+00
2.543854047628885340e+00
2.233766311447188180e+00
2.990038330541432199e+00
1.979836631245051271e+00
2.825515721890466736e+00
2.803583832263047082e+00
