2.991758226185836644e+00
2.148786622868190577e+01
1.406554322352462449e+01
2.341256389522830617e+01
1.957101661534282400e+01
1.591838753543822804e+01
1.366485986249871232e+01
1.325206715764062437e+01
1.547598697464901996e+01
1.795054935711501543e+01
1.325206715764062793e+01
1.409841948938835721e+01
1.384437310486345751e+01
1.084401183107952171e+01
1.556547302902433216e+01
1.393326244887161813e+01
1.223484196974735383e+01
1.637711441442630544e+01
1.084401183107951994e+01
1.547598697464902173e+01
1.535586106787250849e+01
