1.000000000000000000e+02
5.444444444444444287e+01
3.055555555555555003e+01
2.388888888888888928e+01
1.944444444444445352e+01
2.333333333333332860e+01
1.777777777777777501e+01
2.000000000000000000e+01
1.333333333333333393e+01
1.722222222222222499e+01
1.166666666666666607e+01
1.555555555555555536e+01
1.500000000000000355e+01
2.055555555555555358e+01
2.166666666666667140e+01
1.944444444444444642e+01
1.722222222222222854e+01
1.944444444444444287e+01
1.944444444444444642e+01
1.500000000000000355e+01
1.833333333333333570e+01
