0.000000000000000000e+00
4.439812401034371803e+00
3.774780946414722393e+00
3.010612231462306720e+00
2.367909602323040819e+00
3.103164454170876052e+00
2.597878209888916157e+00
2.876039801232174398e+00
2.137264895741260773e+00
3.467960347407884392e+00
2.100852266798782342e+00
2.476224392658782136e+00
2.646917611015910055e+00
2.685504451007035609e+00
3.253677880965849312e+00
3.051343898756311290e+00
2.543854047628885340e+00
2.841853565411630811e+00
2.367909602323040819e+00
2.130032168075646215e+00
2.646917611015910055e+00
