0.000000000000000000e+00
2.431785403137698154e+01
2.067532673992043257e+01
1.648980231072869884e+01
1.296957503325416816e+01
1.699673171197595067e+01
1.422916497207299891e+01
1.575271875417536194e+01
1.170628194761415664e+01
1.899480110808750766e+01
1.150684176511554568e+01
1.356283957303744891e+01
1.449776483411098660e+01
1.470911366097080730e+01
1.782112770260604506e+01
1.671289884054591468e+01
1.393326244887161636e+01
1.556547302902433216e+01
1.296957503325416816e+01
1.166666666666666785e+01
1.449776483411098837e+01
