9.246245387215058786e-02
6.463100966010308646e-02
6.644799495113228038e-02
6.518484662944715180e-02
5.671792289976941570e-02
5.772344216172019260e-02
4.587518595751127054e-02
4.443536010397548808e-02
3.900727964505835282e-02
3.800017093463814444e-02
3.559692597947290704e-02
3.388466552628282419e-02
3.199111723170132426e-02
2.920520993006780336e-02
2.833634465289293358e-02
2.675415748915461675e-02
2.511962998231901528e-02
2.328050976356061189e-02
2.176512485830039631e-02
2.062266912218556000e-02
1.953797388023808049e-02
1.848292455421128924e-02
1.793926667331142630e-02
1.762629415417027445e-02
1.628005805825488705e-02
1.667861955829312917e-02
1.597191651248490094e-02
1.536734305499274506e-02
1.496781496765144798e-02
1.445547211254830273e-02
1.422087203943808026e-02
1.403495230789897526e-02
1.386694898875418837e-02
1.341469337098474476e-02
1.324742904908290594e-02
1.308296760541720165e-02
1.288510387938588200e-02
1.267858021931378594e-02
1.276670529004150616e-02
1.253939103017037877e-02
1.236697561269605589e-02
1.223642979011185447e-02
1.211349868315023462e-02
1.212092566603377788e-02
1.198799667330795182e-02
1.183696858873323210e-02
1.168957578370223571e-02
1.159190116234298448e-02
1.149577369412773525e-02
1.140467618321352496e-02
1.133422939205545356e-02
1.126085220826731140e-02
1.119979743350326025e-02
1.107021690872570310e-02
1.097384503099180925e-02
1.100756209313600784e-02
1.088705500485954644e-02
1.082761713682368898e-02
1.074774152828348976e-02
1.069728736275866489e-02
1.067291001763751197e-02
1.057770706648707842e-02
1.053034497942299287e-02
1.044734346550749669e-02
1.040055445065223884e-02
1.033475885359891495e-02
1.025015054787355162e-02
1.023798908117951219e-02
1.019675529031210948e-02
1.010601561373410291e-02
1.006259678274237269e-02
1.000754310670843965e-02
9.919124036441764186e-03
9.856324808680276897e-03
9.799985071135941528e-03
9.743493892517947341e-03
9.679304165858940850e-03
9.625836188657563991e-03
9.595566309767133636e-03
9.581090996699404005e-03
9.550189262661533743e-03
9.499288590668142698e-03
9.442512367825695377e-03
9.435864996228017151e-03
9.352334807885996290e-03
9.450244694259030478e-03
9.269166249107670813e-03
9.197197689787899380e-03
9.155006610094863773e-03
9.082526520184205227e-03
9.072185691453637374e-03
9.046925504113305719e-03
9.006716973336079818e-03
8.966951157821746038e-03
8.918235478751328563e-03
8.875297711218034860e-03
8.824434327802809994e-03
8.818706034509637276e-03
8.783835507956225946e-03
8.719565783208888671e-03
8.656328339380061840e-03
8.596273946748181349e-03
8.572161815161355100e-03
8.704309137661892654e-03
8.515666268613237416e-03
8.461437375585139850e-03
8.416472697280593870e-03
8.391284396201514895e-03
8.351832146573121701e-03
8.315183642256092356e-03
8.301454528792598028e-03
8.288267749069197499e-03
8.271371889692550119e-03
8.228317593657767659e-03
8.195782390406941564e-03
8.168336097858434897e-03
8.129122624562943808e-03
8.106470245026637170e-03
8.077850055126699347e-03
8.040003011898090579e-03
8.011497415267557556e-03
7.983016165345772561e-03
7.956810808881862457e-03
7.920521243015411425e-03
7.895772328010317379e-03
7.865670555945114550e-03
7.846235656081735829e-03
7.819611834757078314e-03
7.779455210708483004e-03
7.754697266664037705e-03
7.765117817027260283e-03
7.733651416156556505e-03
7.711635385683361654e-03
