3.879999999999999716e+01
3.558472222222222570e+01
3.457777777777778283e+01
4.577638888888888857e+01
4.845416666666666572e+01
5.816666666666666430e+01
5.652361111111110858e+01
6.609861111111111143e+01
6.378472222222222143e+01
6.979166666666667140e+01
6.829444444444445139e+01
6.818055555555555713e+01
7.320138888888888573e+01
7.368611111111110290e+01
7.851250000000000284e+01
7.763888888888888573e+01
8.121527777777777146e+01
8.136249999999999716e+01
8.290694444444444855e+01
8.365416666666666856e+01
8.433194444444444571e+01
8.480833333333333712e+01
8.522777777777777430e+01
8.639027777777778283e+01
8.625277777777777999e+01
8.655555555555555713e+01
8.704999999999999716e+01
8.735277777777777430e+01
8.778055555555555145e+01
8.786805555555555713e+01
8.810555555555555429e+01
8.813333333333332575e+01
8.860138888888889142e+01
8.872083333333333144e+01
8.888611111111110574e+01
8.906527777777777999e+01
8.909999999999999432e+01
8.913888888888888573e+01
8.916944444444445139e+01
8.943472222222222001e+01
8.946666666666666856e+01
8.960555555555555429e+01
8.962083333333333712e+01
8.966111111111111143e+01
8.983055555555554861e+01
8.994444444444444287e+01
9.003472222222222854e+01
9.007361111111110574e+01
9.016111111111111143e+01
9.024166666666667425e+01
9.030972222222222001e+01
9.031805555555555998e+01
9.045277777777778283e+01
9.050138888888888289e+01
9.054027777777777430e+01
9.063333333333332575e+01
9.067361111111111427e+01
9.074444444444444002e+01
9.083888888888888857e+01
9.083194444444444571e+01
9.094305555555555998e+01
9.096805555555555145e+01
9.104999999999999716e+01
9.111111111111111427e+01
9.117083333333333428e+01
9.124444444444444002e+01
9.126944444444444571e+01
9.129722222222221717e+01
9.136805555555555713e+01
9.144861111111110574e+01
9.148472222222221717e+01
9.164166666666666572e+01
9.160416666666667140e+01
9.168888888888888289e+01
9.170555555555554861e+01
9.178888888888889142e+01
9.185694444444445139e+01
9.188333333333332575e+01
9.192916666666667425e+01
9.194861111111110574e+01
9.200416666666666288e+01
9.205972222222222001e+01
9.203749999999999432e+01
9.213055555555555998e+01
9.204861111111111427e+01
9.217638888888889426e+01
9.224027777777777715e+01
9.229444444444445139e+01
9.237361111111111711e+01
9.240694444444444855e+01
9.242083333333333428e+01
9.245416666666666572e+01
9.249583333333333712e+01
9.255277777777777715e+01
9.261388888888889426e+01
9.265833333333333144e+01
9.265833333333333144e+01
9.268611111111111711e+01
9.274861111111111711e+01
9.280555555555555713e+01
9.283750000000000568e+01
9.287916666666666288e+01
9.279583333333333428e+01
9.293472222222222001e+01
9.299722222222222001e+01
9.304583333333333428e+01
9.306388888888888289e+01
9.309999999999999432e+01
9.313194444444444287e+01
9.313055555555555998e+01
9.314861111111110858e+01
9.318055555555555713e+01
9.321805555555555145e+01
9.326111111111110574e+01
9.327500000000000568e+01
9.330416666666666003e+01
9.333750000000000568e+01
9.334722222222222854e+01
9.338472222222222285e+01
9.341805555555555429e+01
9.343055555555555713e+01
9.345833333333332860e+01
9.348333333333333428e+01
9.350555555555555998e+01
9.352361111111110858e+01
9.354444444444445139e+01
9.356666666666666288e+01
9.361249999999999716e+01
9.362361111111111711e+01
9.365972222222222854e+01
9.365138888888888857e+01
9.368611111111111711e+01
9.370138888888888573e+01
