4.251250000000000284e+01
3.629583333333333428e+01
3.281666666666666288e+01
4.631666666666666998e+01
4.692499999999999716e+01
5.707916666666666572e+01
5.465416666666666856e+01
6.742916666666667425e+01
6.298333333333333428e+01
7.034166666666666856e+01
6.767499999999999716e+01
6.669583333333332575e+01
7.264583333333332860e+01
7.321666666666666856e+01
7.665416666666666856e+01
7.715416666666666856e+01
7.866666666666667140e+01
7.951666666666666572e+01
8.038333333333332575e+01
8.096250000000000568e+01
8.253333333333333144e+01
8.190416666666666856e+01
8.342083333333333428e+01
8.415833333333333144e+01
8.448749999999999716e+01
8.399583333333333712e+01
8.470833333333332860e+01
8.405833333333333712e+01
8.516249999999999432e+01
8.423333333333333428e+01
8.512083333333333712e+01
8.518333333333333712e+01
8.575000000000000000e+01
8.554583333333333428e+01
8.540833333333333144e+01
8.540833333333333144e+01
8.524583333333333712e+01
8.538333333333332575e+01
8.535416666666667140e+01
8.487500000000000000e+01
8.514166666666666572e+01
8.522083333333333144e+01
8.500416666666666288e+01
8.505833333333333712e+01
8.542083333333333428e+01
8.549166666666667425e+01
8.549166666666667425e+01
8.541666666666667140e+01
8.543333333333333712e+01
8.538750000000000284e+01
8.543750000000000000e+01
8.546250000000000568e+01
8.562500000000000000e+01
8.560833333333333428e+01
8.579166666666667140e+01
8.567083333333333428e+01
8.567499999999999716e+01
8.577500000000000568e+01
8.586249999999999716e+01
8.576250000000000284e+01
8.590416666666666856e+01
8.573749999999999716e+01
8.576666666666666572e+01
8.575833333333332575e+01
8.590000000000000568e+01
8.589583333333332860e+01
8.575833333333332575e+01
8.578333333333333144e+01
8.581666666666666288e+01
8.579583333333333428e+01
8.594166666666666288e+01
8.613333333333332575e+01
8.604583333333333428e+01
8.598333333333333428e+01
8.602500000000000568e+01
8.602083333333332860e+01
8.604583333333333428e+01
8.603749999999999432e+01
8.590000000000000568e+01
8.604166666666667140e+01
8.609166666666666856e+01
8.604166666666667140e+01
8.584166666666666856e+01
8.556666666666666288e+01
8.571666666666666856e+01
8.567499999999999716e+01
8.593750000000000000e+01
8.572083333333333144e+01
8.570833333333332860e+01
8.562083333333333712e+01
8.560416666666667140e+01
8.563333333333332575e+01
8.568333333333333712e+01
8.553333333333333144e+01
8.559999999999999432e+01
8.562500000000000000e+01
8.559999999999999432e+01
8.562500000000000000e+01
8.570416666666666572e+01
8.570000000000000284e+01
8.570416666666666572e+01
8.566249999999999432e+01
8.566666666666667140e+01
8.561666666666667425e+01
8.569583333333332575e+01
8.563333333333332575e+01
8.557083333333332575e+01
8.550833333333332575e+01
8.548749999999999716e+01
8.555833333333333712e+01
8.558333333333332860e+01
8.549583333333333712e+01
8.551666666666666572e+01
8.550833333333332575e+01
8.551666666666666572e+01
8.556250000000000000e+01
8.565000000000000568e+01
8.551666666666666572e+01
8.552916666666666856e+01
8.557916666666666572e+01
8.568333333333333712e+01
8.574166666666667425e+01
8.565833333333333144e+01
8.571666666666666856e+01
8.570000000000000284e+01
8.579166666666667140e+01
8.575000000000000000e+01
8.565416666666666856e+01
8.564583333333332860e+01
8.554999999999999716e+01
8.557083333333332575e+01
8.572916666666667140e+01
8.545000000000000284e+01
