6.247926594317294163e-02
6.616437208993630747e-02
6.641617869794701201e-02
5.668051372675028676e-02
5.902956796859448046e-02
4.674295073812811258e-02
4.517173555426894777e-02
3.879688277353690595e-02
3.864764643062528621e-02
3.638055407560467774e-02
3.420208037102070997e-02
3.310386123704112810e-02
3.059480145184774805e-02
2.976654701484550761e-02
2.847424782855547537e-02
2.687028539737884580e-02
2.577363357471397845e-02
2.423171526297583298e-02
2.328376283547648265e-02
2.248708853000489991e-02
2.062370746062507088e-02
2.121956364064866984e-02
1.969311465417839663e-02
1.893666759698548613e-02
1.883915174572515713e-02
1.884642126080535857e-02
1.827116739547204188e-02
1.889444456426648752e-02
1.780157245534602292e-02
1.862729394098135149e-02
1.778175543725175889e-02
1.759808802237815273e-02
1.687273780458490094e-02
1.724975660101609604e-02
1.741767099649775899e-02
1.727320880316627477e-02
1.749308247114464421e-02
1.747643325897195801e-02
1.741831042017455422e-02
1.825288915580386417e-02
1.766068065390463335e-02
1.768752395774235778e-02
1.801005058293985925e-02
1.783787115579067023e-02
1.751940720068159707e-02
1.746380130875530706e-02
1.746925304267098189e-02
1.747381466699314198e-02
1.753098703267372965e-02
1.749379149012799187e-02
1.742711733278032304e-02
1.727642276041789840e-02
1.709729957624571070e-02
1.701215057517989696e-02
1.688267608290017208e-02
1.706635808553640110e-02
1.706399122552938394e-02
1.696601941631008248e-02
1.691025406200949086e-02
1.702254225273594143e-02
1.688168329290040334e-02
1.696833041188039806e-02
1.695789258076809553e-02
1.706105226376438896e-02
1.693391269784988787e-02
1.696834818807611486e-02
1.705389234733787132e-02
1.701346675389640850e-02
1.701481761297893650e-02
1.705787052156840580e-02
1.698531849714410985e-02
1.687758900084623814e-02
1.694805141287963890e-02
1.698273614627189565e-02
1.702248342426011460e-02
1.705604804115881667e-02
1.704819379450301514e-02
1.709435341178629914e-02
1.735663558559158784e-02
1.716780428316373036e-02
1.715704123864484482e-02
1.725020086907966960e-02
1.738163407829691059e-02
1.786495111585428841e-02
1.774939677006245886e-02
1.769223277872327554e-02
1.735990493956873076e-02
1.771270099568469925e-02
1.777478957038181387e-02
1.784241837751681173e-02
1.792416384718048192e-02
1.787336015666679545e-02
1.790144054880026675e-02
1.806902006785751982e-02
1.800134755486542532e-02
1.804864096307855909e-02
1.803186597797690888e-02
1.801259248710152319e-02
1.796088636913718145e-02
1.796035558767996448e-02
1.797455736983014779e-02
1.808718497614377960e-02
1.806616514976960852e-02
1.804675532436856439e-02
1.803073598833497895e-02
1.812895427147194136e-02
1.812247081105970714e-02
1.823647890450938100e-02
1.827179960796198460e-02
1.829159188297837038e-02
1.822481320378310440e-02
1.835692161756587865e-02
1.837482675771378790e-02
1.835996457434255560e-02
1.841060490433976682e-02
1.832103921396886770e-02
1.832481166279305296e-02
1.846889896453800251e-02
1.842889467406007981e-02
1.842529016082763635e-02
1.834914609086158235e-02
1.834049067160418295e-02
1.839784063843061604e-02
1.834290872908173400e-02
1.836330478453672768e-02
1.820045210454817111e-02
1.832621361944802504e-02
1.850201479658366774e-02
1.849560440829926128e-02
1.858239485036896829e-02
1.857186008078026002e-02
1.839397876795104830e-02
1.867720787683477962e-02
