1.000000000000000000e+02
7.444444444444442865e+01
4.111111111111111427e+01
3.111111111111111782e+01
2.833333333333333215e+01
2.222222222222222499e+01
2.388888888888888928e+01
1.555555555555556246e+01
1.944444444444444997e+01
1.500000000000000000e+01
2.111111111111111072e+01
2.222222222222222143e+01
1.777777777777777146e+01
1.555555555555555358e+01
1.500000000000000711e+01
1.888888888888889639e+01
2.500000000000000355e+01
2.222222222222221788e+01
1.722222222222222854e+01
1.611111111111111072e+01
1.611111111111111427e+01
