0.000000000000000000e+00
3.213910096283945528e+00
3.400556720337193806e+00
3.015733775677375661e+00
3.253677880965849312e+00
2.868876552746234765e+00
2.444865283639168663e+00
2.068776302780584331e+00
2.841853565411630811e+00
2.976243385773083006e+00
3.136142685928378082e+00
3.454584834477338440e+00
2.476224392658781692e+00
2.597878209888915713e+00
2.402416478937738020e+00
3.015733775677375661e+00
3.017439025333392699e+00
1.977236713339131979e+00
2.775925308230110744e+00
2.662419457233429210e+00
3.377789960991674167e+00
