0.000000000000000000e+00
1.760331057528317444e+01
1.862561623804467814e+01
1.651785416368723247e+01
1.782112770260604506e+01
1.571348402636772335e+01
1.339107865910438733e+01
1.133115447465063497e+01
1.556547302902433216e+01
1.630155639013467805e+01
1.717736092637812106e+01
1.892154040658488867e+01
1.356283957303744714e+01
1.422916497207299713e+01
1.315857698036333900e+01
1.651785416368723247e+01
1.652719420071501588e+01
1.082977149423218322e+01
1.520436909267112924e+01
1.458267194267410005e+01
1.850091756149635103e+01
