8.635548221206225394e-02
7.988953109704485800e-02
7.263445532463463916e-02
6.421074236371597521e-02
5.957480740968992133e-02
5.322423815806708730e-02
5.230435371437167080e-02
4.486008482414113180e-02
4.117772973023386962e-02
3.853226070230886952e-02
3.638251763143005718e-02
3.230929961070681811e-02
2.861635115110011326e-02
3.615190022158712435e-02
2.372584953230621671e-02
2.170489903910608961e-02
1.620526166051895756e-02
1.178461786324024214e-02
9.180805353897446286e-03
6.168572399859090054e-03
3.275085797885178996e-03
2.285151938860446440e-03
9.480420206613317637e-04
4.591243110353634711e-04
1.815237006125863957e-04
7.795468193744327443e-05
3.419688529433425586e-05
4.071515461065554223e-05
2.892144761752000795e-05
3.461407302203700951e-05
2.180091329786637514e-05
1.659579320317065978e-05
1.420064757016536245e-05
1.189598651215319046e-05
1.017798288247297405e-05
1.066247281748210738e-05
1.045059780750326942e-05
1.000490129942133142e-05
8.301033375850049508e-06
8.004391075518565315e-06
7.785943224932735269e-06
7.141993098531399386e-06
6.430808370822816263e-06
6.327746793895553760e-06
7.048486886969834527e-06
6.341920537370112386e-06
7.256461252521543965e-06
6.162810390372951457e-06
5.299784368531955011e-06
6.052701325807973847e-06
5.781887859586271919e-06
6.351470108633515924e-06
1.174844661142821902e-05
8.115259665302512469e-06
6.137407224421894239e-06
6.001879689125383314e-06
5.982934699473211591e-06
6.211294541210073207e-06
5.824705038233104489e-06
5.798205843094973509e-06
6.715659363141309662e-06
6.149390638565187890e-06
6.291677785556656957e-06
6.092566366229980543e-06
6.393149705501252107e-06
6.184607091565328886e-06
6.007220834301740911e-06
6.232432434873843610e-06
6.707621979749758153e-06
6.300522149094147554e-06
5.832764874551318219e-06
5.629692898719486658e-06
5.654860106377786622e-06
5.572380165149151645e-06
5.820479060081785547e-06
5.963749045791410093e-06
5.400935410506500874e-06
7.810276905253534720e-06
5.186971480970194443e-06
5.390871497877582641e-06
5.007639290735084982e-06
4.903406970026258881e-06
4.953146712889524458e-06
4.842210280934134202e-06
4.768857816732248614e-06
4.674785477366855321e-06
4.740277888455277246e-06
5.447307187126586796e-06
4.340205633654507406e-06
4.231607378065088278e-06
4.217971556219967518e-06
4.601373207286714308e-06
4.283194259770254022e-06
4.265252682509675542e-06
4.290218823780064203e-06
4.125111016061352129e-06
4.121059530446605500e-06
3.973173249551543996e-06
4.181871130268200092e-06
3.978359060273124962e-06
3.935959589539181297e-06
3.838285819999994043e-06
3.816181659109788651e-06
3.761233942374961763e-06
4.308588169902992489e-06
4.106676585354850137e-06
4.368098454151739443e-06
3.987256790587188743e-06
3.998001095938780103e-06
3.836240244236119418e-06
3.839955431034682907e-06
3.848957618088216058e-06
3.828393280858612554e-06
3.971484768665406024e-06
3.949999949796501510e-06
4.058383745180039163e-06
4.033231324071012175e-06
3.917096924949311761e-06
3.898615303168070356e-06
3.834662174998524054e-06
4.748380764685095737e-06
6.087825195731520940e-06
4.248392981183044357e-06
4.352443875665708661e-06
3.946586844577511051e-06
4.016900902935163039e-06
3.906454695950885408e-06
3.912228395498733192e-06
3.898007848011669022e-06
3.911211260306362188e-06
3.925959064896002387e-06
3.936978224738410662e-06
4.072134276320112149e-06
4.210364509330481195e-06
3.892798017479945098e-06
3.900441954275664648e-06
3.962235977214328459e-06
3.871073994219301472e-06
4.713544959374170864e-06
3.694157680184662012e-06
3.753313872835833107e-06
3.709252296360070704e-06
3.609985573257422448e-06
3.599348781239052416e-06
3.550617582875383117e-06
3.537430372556392502e-06
3.486344746555483234e-06
3.437815341655748340e-06
3.602565928584720499e-06
4.323143553511966270e-06
3.353849716464866406e-06
3.511585375313614761e-06
3.434498307236895001e-06
3.260944629320860301e-06
