7.887469770022517701e-02
6.986468299767795154e-02
6.477531465426362989e-02
5.819940019375548224e-02
5.333515496514915077e-02
5.080564388028942224e-02
4.591834133591186917e-02
4.479391735337388131e-02
4.073959597969369073e-02
3.900811274431774389e-02
3.559181212610424555e-02
3.212188830849961596e-02
3.823393337103606071e-02
2.647126001169997425e-02
2.573932006252778806e-02
1.823490558845109258e-02
1.488869701023521480e-02
1.211163467725288358e-02
9.056363597564055096e-03
5.645267614588951599e-03
4.582545049445354429e-03
2.217793311351124157e-03
1.614560710265345580e-03
7.978170850366632936e-04
3.954911788450674297e-04
2.354781157547978208e-04
2.768084832935221421e-04
9.660815286665114287e-04
6.694111485003599767e-04
4.002181930801010433e-04
3.225151339774847033e-04
6.355058980113284604e-04
7.841129230781187197e-04
1.391548948183474708e-03
7.129471900346346378e-04
1.495248948918548359e-03
4.864994591573469011e-04
8.902278063399225120e-04
9.415280150104420693e-04
1.110951803578970071e-03
8.530109206625973405e-04
1.043652704366718328e-03
6.214334678205488040e-04
1.400487551718753972e-03
3.462829417078259792e-04
1.576082475041390256e-03
5.215346865643996632e-04
5.793690063755460758e-04
3.199669509469187903e-04
1.208787881420791103e-04
5.331881816559902497e-04
1.623889031206136033e-04
1.672626206391682581e-03
4.558421204839855040e-05
3.897393442806641479e-04
2.025024198433328360e-04
3.027688039327987215e-04
4.646235877915151679e-04
4.366890569856555398e-04
6.378178774153075601e-04
2.305605524063349099e-04
1.234352275301058184e-03
3.987387564712248974e-04
5.834709417493925488e-04
3.889508786438713051e-04
3.749537303996290974e-04
4.629670608661559748e-04
1.296987028422529617e-04
2.981561142361911949e-04
1.019943507584372553e-04
2.921863503625894156e-04
1.413599938696951741e-04
1.435018123828625666e-04
1.862279396346959155e-04
1.227863465380363034e-04
7.795378446032287599e-05
1.756732034171951291e-03
4.694721494272821735e-05
7.131289675059441146e-04
9.928641096113663292e-05
1.642697387532330211e-04
9.007144077729621211e-05
1.080655335834159798e-04
8.915315981401537935e-05
1.096330666040496669e-04
7.402442879643051342e-05
8.671136382516152728e-04
6.402256633359394440e-05
8.666391185961690126e-05
7.140108312299632272e-05
4.574220084401233550e-04
6.182971931378207519e-05
7.003831772733989014e-05
2.959375336681475109e-04
1.101023444938414365e-04
1.210118408738517198e-04
1.068585224732500880e-04
1.008974036856552091e-04
2.440969727611026416e-04
1.059127298171444470e-04
1.455590989075483232e-04
1.054772362909841681e-04
1.535269604780592489e-04
1.585743560461766487e-04
3.706739296812237893e-04
1.337710521437123119e-04
2.793939482183054285e-04
2.012250453660404585e-04
1.776673647648496237e-04
1.894401793339511473e-04
3.310877646245265465e-04
1.400686133707667496e-04
3.833796749254647900e-04
2.110123948773606870e-04
2.725781138364342482e-04
2.660584659954171732e-04
2.381398884105631652e-04
2.477634276581842216e-04
2.514033083560335020e-04
7.004149919970064904e-05
1.876342940625642507e-03
9.740446119167458984e-05
1.045858714351557929e-03
1.815706346049291646e-04
5.226402252370583850e-04
1.947113266227767849e-04
3.308093233331963140e-04
2.570456365977612841e-04
2.419356891529927901e-04
2.320596729169411448e-04
2.411201850069367677e-04
2.739383935045367814e-04
2.772680046443795556e-04
4.061184134369316256e-04
2.826366942593735781e-04
3.538321879343024482e-04
1.651012735304761185e-04
1.269144311183164351e-03
2.958945830444960888e-04
3.452281216311788112e-04
2.928932858754239896e-04
2.940526941480460597e-04
2.748474747246610500e-04
3.430331333336515947e-04
2.975724326224295961e-04
3.343968824151149783e-04
2.513149975824425283e-04
1.015112614964898321e-03
5.937437060877236736e-05
5.503838799116858235e-04
7.708572289530703518e-05
3.844464184292041933e-04
3.580390641113475160e-04
4.040531486274467508e-04
