3.534722222222222854e+01
5.443055555555555713e+01
6.066666666666666430e+01
5.652777777777777857e+01
7.011111111111111427e+01
7.258333333333332860e+01
7.586111111111111427e+01
7.851388888888888573e+01
7.973611111111111427e+01
8.063888888888888573e+01
8.170833333333332860e+01
8.297222222222222854e+01
8.331944444444444287e+01
8.418055555555555713e+01
8.466666666666667140e+01
8.500000000000000000e+01
8.566666666666667140e+01
8.584722222222222854e+01
8.669444444444444287e+01
8.687500000000000000e+01
8.740277777777777146e+01
8.768055555555555713e+01
8.802777777777777146e+01
8.851388888888888573e+01
8.870833333333332860e+01
8.875000000000000000e+01
8.918055555555555713e+01
8.943055555555555713e+01
8.969444444444444287e+01
8.986111111111111427e+01
9.015277777777777146e+01
9.041666666666667140e+01
9.054166666666667140e+01
9.083333333333332860e+01
9.100000000000000000e+01
9.116666666666667140e+01
9.112500000000000000e+01
9.129166666666667140e+01
9.156944444444444287e+01
9.179166666666667140e+01
9.193055555555555713e+01
9.186111111111111427e+01
9.200000000000000000e+01
9.213888888888888573e+01
9.226388888888888573e+01
9.227777777777777146e+01
9.247222222222222854e+01
9.270833333333332860e+01
9.266666666666667140e+01
9.304166666666667140e+01
9.293055555555555713e+01
9.302777777777777146e+01
9.305555555555555713e+01
9.329166666666667140e+01
9.326388888888888573e+01
9.338888888888888573e+01
9.344444444444444287e+01
9.343055555555555713e+01
9.361111111111111427e+01
9.365277777777777146e+01
9.380555555555555713e+01
9.380555555555555713e+01
9.387500000000000000e+01
9.386111111111111427e+01
9.393055555555555713e+01
9.409722222222222854e+01
9.408333333333332860e+01
9.418055555555555713e+01
9.416666666666667140e+01
9.419444444444444287e+01
9.429166666666667140e+01
9.433333333333332860e+01
9.437500000000000000e+01
9.437500000000000000e+01
9.441666666666667140e+01
9.443055555555555713e+01
9.445833333333332860e+01
9.443055555555555713e+01
9.447222222222222854e+01
9.458333333333332860e+01
9.468055555555555713e+01
9.470833333333332860e+01
9.468055555555555713e+01
9.480555555555555713e+01
9.466666666666667140e+01
9.490277777777777146e+01
9.488888888888888573e+01
9.498611111111111427e+01
9.491666666666667140e+01
9.501388888888888573e+01
9.505555555555555713e+01
9.509722222222222854e+01
9.505555555555555713e+01
9.519444444444444287e+01
9.531944444444444287e+01
9.538888888888888573e+01
9.541666666666667140e+01
9.544444444444444287e+01
9.548611111111111427e+01
9.552777777777777146e+01
9.561111111111111427e+01
9.556944444444444287e+01
9.561111111111111427e+01
9.562500000000000000e+01
9.570833333333332860e+01
9.568055555555555713e+01
9.569444444444444287e+01
9.576388888888888573e+01
9.572222222222222854e+01
9.586111111111111427e+01
9.573611111111111427e+01
9.577777777777777146e+01
9.577777777777777146e+01
9.584722222222222854e+01
9.586111111111111427e+01
9.581944444444444287e+01
9.594444444444444287e+01
9.594444444444444287e+01
9.595833333333332860e+01
9.601388888888888573e+01
9.612500000000000000e+01
9.612500000000000000e+01
9.615277777777777146e+01
9.618055555555555713e+01
9.627777777777777146e+01
9.625000000000000000e+01
9.640277777777777146e+01
9.633333333333332860e+01
9.638888888888888573e+01
9.644444444444444287e+01
9.645833333333332860e+01
9.648611111111111427e+01
9.650000000000000000e+01
9.648611111111111427e+01
9.652777777777777146e+01
9.662500000000000000e+01
9.663888888888888573e+01
9.672222222222222854e+01
9.669444444444444287e+01
9.672222222222222854e+01
9.675000000000000000e+01
9.677777777777777146e+01
9.683333333333332860e+01
9.690277777777777146e+01
9.681944444444444287e+01
9.681944444444444287e+01
9.672222222222222854e+01
9.677777777777777146e+01
9.686111111111111427e+01
9.683333333333332860e+01
9.688888888888888573e+01
9.690277777777777146e+01
9.687500000000000000e+01
9.690277777777777146e+01
9.690277777777777146e+01
9.695833333333332860e+01
9.698611111111111427e+01
9.694444444444444287e+01
9.697222222222222854e+01
9.698611111111111427e+01
9.700000000000000000e+01
9.701388888888888573e+01
9.698611111111111427e+01
9.704166666666667140e+01
9.700000000000000000e+01
9.697222222222222854e+01
9.701388888888888573e+01
9.702777777777777146e+01
9.705555555555555713e+01
9.705555555555555713e+01
9.709722222222222854e+01
9.708333333333332860e+01
9.712500000000000000e+01
9.709722222222222854e+01
9.711111111111111427e+01
9.711111111111111427e+01
9.716666666666667140e+01
9.718055555555555713e+01
9.725000000000000000e+01
9.713888888888888573e+01
9.719444444444444287e+01
9.713888888888888573e+01
9.719444444444444287e+01
9.716666666666667140e+01
9.726388888888888573e+01
9.723611111111111427e+01
9.729166666666667140e+01
9.725000000000000000e+01
9.725000000000000000e+01
9.725000000000000000e+01
9.731944444444444287e+01
9.731944444444444287e+01
9.730555555555555713e+01
9.727777777777777146e+01
9.729166666666667140e+01
9.726388888888888573e+01
9.727777777777777146e+01
9.733333333333332860e+01
9.731944444444444287e+01
9.733333333333332860e+01
9.734722222222222854e+01
9.737500000000000000e+01
9.738888888888888573e+01
9.741666666666667140e+01
9.740277777777777146e+01
9.740277777777777146e+01
9.741666666666667140e+01
9.741666666666667140e+01
9.743055555555555713e+01
9.743055555555555713e+01
9.741666666666667140e+01
9.747222222222222854e+01
9.751388888888888573e+01
9.754166666666667140e+01
9.754166666666667140e+01
9.755555555555555713e+01
9.748611111111111427e+01
9.752777777777777146e+01
9.751388888888888573e+01
9.755555555555555713e+01
9.758333333333332860e+01
9.759722222222222854e+01
9.758333333333332860e+01
9.766666666666667140e+01
9.763888888888888573e+01
9.763888888888888573e+01
9.772222222222222854e+01
9.766666666666667140e+01
9.769444444444444287e+01
9.765277777777777146e+01
9.768055555555555713e+01
9.766666666666667140e+01
9.769444444444444287e+01
9.773611111111111427e+01
9.781944444444444287e+01
9.773611111111111427e+01
9.783333333333332860e+01
9.779166666666667140e+01
9.784722222222222854e+01
9.777777777777777146e+01
9.780555555555555713e+01
9.786111111111111427e+01
9.783333333333332860e+01
9.788888888888888573e+01
9.784722222222222854e+01
9.790277777777777146e+01
9.788888888888888573e+01
9.795833333333332860e+01
9.791666666666667140e+01
9.790277777777777146e+01
9.793055555555555713e+01
9.795833333333332860e+01
9.798611111111111427e+01
9.800000000000000000e+01
9.802777777777777146e+01
9.800000000000000000e+01
9.800000000000000000e+01
9.798611111111111427e+01
9.804166666666667140e+01
9.800000000000000000e+01
9.804166666666667140e+01
9.801388888888888573e+01
9.802777777777777146e+01
9.805555555555555713e+01
9.804166666666667140e+01
9.806944444444444287e+01
9.804166666666667140e+01
9.809722222222222854e+01
9.815277777777777146e+01
9.815277777777777146e+01
9.813888888888888573e+01
9.808333333333332860e+01
9.820833333333332860e+01
9.809722222222222854e+01
9.825000000000000000e+01
9.820833333333332860e+01
9.819444444444444287e+01
9.820833333333332860e+01
9.823611111111111427e+01
9.822222222222222854e+01
9.823611111111111427e+01
9.823611111111111427e+01
9.827777777777777146e+01
9.826388888888888573e+01
9.825000000000000000e+01
9.830555555555555713e+01
9.825000000000000000e+01
9.831944444444444287e+01
9.826388888888888573e+01
9.826388888888888573e+01
9.826388888888888573e+01
9.826388888888888573e+01
9.827777777777777146e+01
9.831944444444444287e+01
9.831944444444444287e+01
9.830555555555555713e+01
9.833333333333332860e+01
9.827777777777777146e+01
9.830555555555555713e+01
9.833333333333332860e+01
9.830555555555555713e+01
9.838888888888888573e+01
9.833333333333332860e+01
9.838888888888888573e+01
9.837500000000000000e+01
9.838888888888888573e+01
9.840277777777777146e+01
9.843055555555555713e+01
9.843055555555555713e+01
9.845833333333332860e+01
9.845833333333332860e+01
9.844444444444444287e+01
9.844444444444444287e+01
9.845833333333332860e+01
9.847222222222222854e+01
9.847222222222222854e+01
9.848611111111111427e+01
9.848611111111111427e+01
9.850000000000000000e+01
9.847222222222222854e+01
9.851388888888888573e+01
9.850000000000000000e+01
9.852777777777777146e+01
9.848611111111111427e+01
9.851388888888888573e+01
9.851388888888888573e+01
9.851388888888888573e+01
9.854166666666667140e+01
9.854166666666667140e+01
9.855555555555555713e+01
9.854166666666667140e+01
9.855555555555555713e+01
9.854166666666667140e+01
9.858333333333332860e+01
9.856944444444444287e+01
9.856944444444444287e+01
9.855555555555555713e+01
9.856944444444444287e+01
9.855555555555555713e+01
9.856944444444444287e+01
9.859722222222222854e+01
9.859722222222222854e+01
9.858333333333332860e+01
9.859722222222222854e+01
9.859722222222222854e+01
9.859722222222222854e+01
9.859722222222222854e+01
9.862500000000000000e+01
9.858333333333332860e+01
9.866666666666667140e+01
9.863888888888888573e+01
9.862500000000000000e+01
9.861111111111111427e+01
9.859722222222222854e+01
9.861111111111111427e+01
9.861111111111111427e+01
9.862500000000000000e+01
9.862500000000000000e+01
9.861111111111111427e+01
9.862500000000000000e+01
9.863888888888888573e+01
9.862500000000000000e+01
9.861111111111111427e+01
9.865277777777777146e+01
9.862500000000000000e+01
9.862500000000000000e+01
9.863888888888888573e+01
9.865277777777777146e+01
9.865277777777777146e+01
9.866666666666667140e+01
9.865277777777777146e+01
9.865277777777777146e+01
9.865277777777777146e+01
9.862500000000000000e+01
9.866666666666667140e+01
9.863888888888888573e+01
9.866666666666667140e+01
9.865277777777777146e+01
9.865277777777777146e+01
9.866666666666667140e+01
9.863888888888888573e+01
9.863888888888888573e+01
9.863888888888888573e+01
9.865277777777777146e+01
9.865277777777777146e+01
9.865277777777777146e+01
9.866666666666667140e+01
9.868055555555555713e+01
9.869444444444444287e+01
9.870833333333332860e+01
9.868055555555555713e+01
9.873611111111111427e+01
9.866666666666667140e+01
9.870833333333332860e+01
9.866666666666667140e+01
9.868055555555555713e+01
9.870833333333332860e+01
9.872222222222222854e+01
9.872222222222222854e+01
9.872222222222222854e+01
9.872222222222222854e+01
9.870833333333332860e+01
9.870833333333332860e+01
9.873611111111111427e+01
9.875000000000000000e+01
9.875000000000000000e+01
9.872222222222222854e+01
9.875000000000000000e+01
9.876388888888888573e+01
9.875000000000000000e+01
9.877777777777777146e+01
9.877777777777777146e+01
9.879166666666667140e+01
9.877777777777777146e+01
9.880555555555555713e+01
9.883333333333332860e+01
9.879166666666667140e+01
9.876388888888888573e+01
9.879166666666667140e+01
9.881944444444444287e+01
9.881944444444444287e+01
9.883333333333332860e+01
9.881944444444444287e+01
9.880555555555555713e+01
9.881944444444444287e+01
9.880555555555555713e+01
9.880555555555555713e+01
9.886111111111111427e+01
9.881944444444444287e+01
9.887500000000000000e+01
9.881944444444444287e+01
9.884722222222222854e+01
9.881944444444444287e+01
9.886111111111111427e+01
9.887500000000000000e+01
9.886111111111111427e+01
9.886111111111111427e+01
9.887500000000000000e+01
9.887500000000000000e+01
9.887500000000000000e+01
9.887500000000000000e+01
9.888888888888888573e+01
9.887500000000000000e+01
9.887500000000000000e+01
9.887500000000000000e+01
9.887500000000000000e+01
9.887500000000000000e+01
9.890277777777777146e+01
9.890277777777777146e+01
9.891666666666667140e+01
9.891666666666667140e+01
9.893055555555555713e+01
9.893055555555555713e+01
9.891666666666667140e+01
9.890277777777777146e+01
9.890277777777777146e+01
9.890277777777777146e+01
9.890277777777777146e+01
9.893055555555555713e+01
9.891666666666667140e+01
9.888888888888888573e+01
9.891666666666667140e+01
9.890277777777777146e+01
9.891666666666667140e+01
9.890277777777777146e+01
9.890277777777777146e+01
9.890277777777777146e+01
9.890277777777777146e+01
9.890277777777777146e+01
9.893055555555555713e+01
9.894444444444444287e+01
9.895833333333332860e+01
9.894444444444444287e+01
9.897222222222222854e+01
9.897222222222222854e+01
9.897222222222222854e+01
9.895833333333332860e+01
9.897222222222222854e+01
9.898611111111111427e+01
9.898611111111111427e+01
9.900000000000000000e+01
9.898611111111111427e+01
9.900000000000000000e+01
9.900000000000000000e+01
9.900000000000000000e+01
9.900000000000000000e+01
9.900000000000000000e+01
9.901388888888888573e+01
9.901388888888888573e+01
9.901388888888888573e+01
9.902777777777777146e+01
9.901388888888888573e+01
9.902777777777777146e+01
9.902777777777777146e+01
9.901388888888888573e+01
9.902777777777777146e+01
9.902777777777777146e+01
9.902777777777777146e+01
9.902777777777777146e+01
9.902777777777777146e+01
9.902777777777777146e+01
9.902777777777777146e+01
9.904166666666667140e+01
9.904166666666667140e+01
9.908333333333332860e+01
9.906944444444444287e+01
9.908333333333332860e+01
9.906944444444444287e+01
9.906944444444444287e+01
9.905555555555555713e+01
9.906944444444444287e+01
9.905555555555555713e+01
9.906944444444444287e+01
9.906944444444444287e+01
9.906944444444444287e+01
9.906944444444444287e+01
9.906944444444444287e+01
9.908333333333332860e+01
9.905555555555555713e+01
9.908333333333332860e+01
9.911111111111111427e+01
9.909722222222222854e+01
9.911111111111111427e+01
9.909722222222222854e+01
9.909722222222222854e+01
9.909722222222222854e+01
9.908333333333332860e+01
9.909722222222222854e+01
9.908333333333332860e+01
9.908333333333332860e+01
9.908333333333332860e+01
9.909722222222222854e+01
9.911111111111111427e+01
9.909722222222222854e+01
9.909722222222222854e+01
9.911111111111111427e+01
9.908333333333332860e+01
9.912500000000000000e+01
9.911111111111111427e+01
9.911111111111111427e+01
9.911111111111111427e+01
9.913888888888888573e+01
9.913888888888888573e+01
9.913888888888888573e+01
9.915277777777777146e+01
9.912500000000000000e+01
9.915277777777777146e+01
9.909722222222222854e+01
9.915277777777777146e+01
9.912500000000000000e+01
9.913888888888888573e+01
9.909722222222222854e+01
9.915277777777777146e+01
9.913888888888888573e+01
9.913888888888888573e+01
9.913888888888888573e+01
9.913888888888888573e+01
9.916666666666667140e+01
9.913888888888888573e+01
9.916666666666667140e+01
9.916666666666667140e+01
9.915277777777777146e+01
9.916666666666667140e+01
9.915277777777777146e+01
9.911111111111111427e+01
9.916666666666667140e+01
9.913888888888888573e+01
9.915277777777777146e+01
9.913888888888888573e+01
9.915277777777777146e+01
9.915277777777777146e+01
9.915277777777777146e+01
9.916666666666667140e+01
9.915277777777777146e+01
9.916666666666667140e+01
9.915277777777777146e+01
9.915277777777777146e+01
9.913888888888888573e+01
9.916666666666667140e+01
9.913888888888888573e+01
9.915277777777777146e+01
9.915277777777777146e+01
9.913888888888888573e+01
9.916666666666667140e+01
9.919444444444444287e+01
9.915277777777777146e+01
9.916666666666667140e+01
9.915277777777777146e+01
9.916666666666667140e+01
9.916666666666667140e+01
9.918055555555555713e+01
9.919444444444444287e+01
9.919444444444444287e+01
9.919444444444444287e+01
9.915277777777777146e+01
9.920833333333332860e+01
9.916666666666667140e+01
9.919444444444444287e+01
9.919444444444444287e+01
9.919444444444444287e+01
9.919444444444444287e+01
9.916666666666667140e+01
9.922222222222222854e+01
9.919444444444444287e+01
9.919444444444444287e+01
9.920833333333332860e+01
9.920833333333332860e+01
9.920833333333332860e+01
9.920833333333332860e+01
9.920833333333332860e+01
9.919444444444444287e+01
9.920833333333332860e+01
9.920833333333332860e+01
9.920833333333332860e+01
9.920833333333332860e+01
9.920833333333332860e+01
9.920833333333332860e+01
9.920833333333332860e+01
9.920833333333332860e+01
9.922222222222222854e+01
9.920833333333332860e+01
9.922222222222222854e+01
9.920833333333332860e+01
9.919444444444444287e+01
9.920833333333332860e+01
9.919444444444444287e+01
9.920833333333332860e+01
9.920833333333332860e+01
9.920833333333332860e+01
9.920833333333332860e+01
9.920833333333332860e+01
9.925000000000000000e+01
9.922222222222222854e+01
9.923611111111111427e+01
9.923611111111111427e+01
9.922222222222222854e+01
9.923611111111111427e+01
9.922222222222222854e+01
9.925000000000000000e+01
9.923611111111111427e+01
9.923611111111111427e+01
9.922222222222222854e+01
9.922222222222222854e+01
9.922222222222222854e+01
9.923611111111111427e+01
9.923611111111111427e+01
9.925000000000000000e+01
9.925000000000000000e+01
9.925000000000000000e+01
9.923611111111111427e+01
9.925000000000000000e+01
9.923611111111111427e+01
9.925000000000000000e+01
9.925000000000000000e+01
9.925000000000000000e+01
9.923611111111111427e+01
9.925000000000000000e+01
9.923611111111111427e+01
9.925000000000000000e+01
9.925000000000000000e+01
9.925000000000000000e+01
9.925000000000000000e+01
9.925000000000000000e+01
9.926388888888888573e+01
9.925000000000000000e+01
9.926388888888888573e+01
9.923611111111111427e+01
9.923611111111111427e+01
9.923611111111111427e+01
9.923611111111111427e+01
9.925000000000000000e+01
9.923611111111111427e+01
9.925000000000000000e+01
9.923611111111111427e+01
9.923611111111111427e+01
9.926388888888888573e+01
9.925000000000000000e+01
9.926388888888888573e+01
9.925000000000000000e+01
9.925000000000000000e+01
9.926388888888888573e+01
9.926388888888888573e+01
9.929166666666667140e+01
9.927777777777777146e+01
9.927777777777777146e+01
9.927777777777777146e+01
9.927777777777777146e+01
9.926388888888888573e+01
9.927777777777777146e+01
9.926388888888888573e+01
9.927777777777777146e+01
9.927777777777777146e+01
9.930555555555555713e+01
9.929166666666667140e+01
9.930555555555555713e+01
9.929166666666667140e+01
9.929166666666667140e+01
9.927777777777777146e+01
9.929166666666667140e+01
9.929166666666667140e+01
9.929166666666667140e+01
9.929166666666667140e+01
9.929166666666667140e+01
9.929166666666667140e+01
9.929166666666667140e+01
9.930555555555555713e+01
9.929166666666667140e+01
9.927777777777777146e+01
9.927777777777777146e+01
9.926388888888888573e+01
9.926388888888888573e+01
9.926388888888888573e+01
9.926388888888888573e+01
9.927777777777777146e+01
9.929166666666667140e+01
9.927777777777777146e+01
9.929166666666667140e+01
9.929166666666667140e+01
9.929166666666667140e+01
9.930555555555555713e+01
9.930555555555555713e+01
9.930555555555555713e+01
9.930555555555555713e+01
9.930555555555555713e+01
9.930555555555555713e+01
9.930555555555555713e+01
9.930555555555555713e+01
9.929166666666667140e+01
9.929166666666667140e+01
9.929166666666667140e+01
9.929166666666667140e+01
9.929166666666667140e+01
9.930555555555555713e+01
9.929166666666667140e+01
9.930555555555555713e+01
9.929166666666667140e+01
9.929166666666667140e+01
9.929166666666667140e+01
9.927777777777777146e+01
9.927777777777777146e+01
9.927777777777777146e+01
9.927777777777777146e+01
9.930555555555555713e+01
9.926388888888888573e+01
9.927777777777777146e+01
9.926388888888888573e+01
9.926388888888888573e+01
9.927777777777777146e+01
9.927777777777777146e+01
9.930555555555555713e+01
9.927777777777777146e+01
9.927777777777777146e+01
9.929166666666667140e+01
9.929166666666667140e+01
9.929166666666667140e+01
9.929166666666667140e+01
9.929166666666667140e+01
9.929166666666667140e+01
9.929166666666667140e+01
9.927777777777777146e+01
9.927777777777777146e+01
9.927777777777777146e+01
9.927777777777777146e+01
9.929166666666667140e+01
9.930555555555555713e+01
9.931944444444444287e+01
9.931944444444444287e+01
9.929166666666667140e+01
9.931944444444444287e+01
9.931944444444444287e+01
9.931944444444444287e+01
9.929166666666667140e+01
9.930555555555555713e+01
9.930555555555555713e+01
9.931944444444444287e+01
9.931944444444444287e+01
9.933333333333332860e+01
9.931944444444444287e+01
9.931944444444444287e+01
9.931944444444444287e+01
9.933333333333332860e+01
9.931944444444444287e+01
9.933333333333332860e+01
9.931944444444444287e+01
9.933333333333332860e+01
9.933333333333332860e+01
9.933333333333332860e+01
9.934722222222222854e+01
9.934722222222222854e+01
9.934722222222222854e+01
9.934722222222222854e+01
9.936111111111111427e+01
9.937500000000000000e+01
9.938888888888888573e+01
9.937500000000000000e+01
9.941666666666667140e+01
9.938888888888888573e+01
9.941666666666667140e+01
9.940277777777777146e+01
9.941666666666667140e+01
9.943055555555555713e+01
9.943055555555555713e+01
9.944444444444444287e+01
9.944444444444444287e+01
9.944444444444444287e+01
9.943055555555555713e+01
9.944444444444444287e+01
9.944444444444444287e+01
9.941666666666667140e+01
9.944444444444444287e+01
9.943055555555555713e+01
9.944444444444444287e+01
9.941666666666667140e+01
9.944444444444444287e+01
9.944444444444444287e+01
9.943055555555555713e+01
9.944444444444444287e+01
9.941666666666667140e+01
9.940277777777777146e+01
9.940277777777777146e+01
9.940277777777777146e+01
9.941666666666667140e+01
9.940277777777777146e+01
9.945833333333332860e+01
9.941666666666667140e+01
9.941666666666667140e+01
9.943055555555555713e+01
9.943055555555555713e+01
9.943055555555555713e+01
9.944444444444444287e+01
9.943055555555555713e+01
9.941666666666667140e+01
9.947222222222222854e+01
9.944444444444444287e+01
9.947222222222222854e+01
9.947222222222222854e+01
9.947222222222222854e+01
9.947222222222222854e+01
9.945833333333332860e+01
9.947222222222222854e+01
9.947222222222222854e+01
9.945833333333332860e+01
9.944444444444444287e+01
9.947222222222222854e+01
9.945833333333332860e+01
9.945833333333332860e+01
9.945833333333332860e+01
9.943055555555555713e+01
9.945833333333332860e+01
9.945833333333332860e+01
9.947222222222222854e+01
9.947222222222222854e+01
9.945833333333332860e+01
9.947222222222222854e+01
9.945833333333332860e+01
9.944444444444444287e+01
9.947222222222222854e+01
9.945833333333332860e+01
9.947222222222222854e+01
9.947222222222222854e+01
9.947222222222222854e+01
9.947222222222222854e+01
9.945833333333332860e+01
9.945833333333332860e+01
9.945833333333332860e+01
9.945833333333332860e+01
9.945833333333332860e+01
