8.535601555085506331e-02
7.083778405725249527e-02
5.340821992453156919e-02
4.537888573744616738e-02
4.978075773767049600e-02
3.475530231418921812e-02
3.201965095061015676e-02
2.789506252007176515e-02
2.513685459096407643e-02
2.360167187547487777e-02
2.251180903663605251e-02
2.136181901280647527e-02
2.031961385233270467e-02
1.942251730291742057e-02
1.863291483402579676e-02
1.792986797666333565e-02
1.746185078518471337e-02
1.686475153351450415e-02
1.650897624535604263e-02
1.591113788382229888e-02
1.557320822013887399e-02
1.511826310043160385e-02
1.479142020136056494e-02
1.437807500246075960e-02
1.404314799213340556e-02
1.375795819357669009e-02
1.355945120163287547e-02
1.329899692166079672e-02
1.300254341104688759e-02
1.273996284158572696e-02
1.254959102877494306e-02
1.234163768284931954e-02
1.215342940776478579e-02
1.192844570584882316e-02
1.174587262240600269e-02
1.159139709916821685e-02
1.141964349367928684e-02
1.129411719775495759e-02
1.108894540424983956e-02
1.092167634361953209e-02
1.077645904424277649e-02
1.063333618281988267e-02
1.047442421211204448e-02
1.036516774084540043e-02
1.020713632970584629e-02
1.011336360809927254e-02
9.978742892650242433e-03
9.874780876105574909e-03
9.748680329293712976e-03
9.640596081254013475e-03
9.554841888830484589e-03
9.454811969347901024e-03
9.363980428174682388e-03
9.255129093100727608e-03
9.144809337914968847e-03
9.042033109758058212e-03
8.950512391631616771e-03
8.856317380053116417e-03
8.832336515130869911e-03
8.703666129463201104e-03
8.614798099626928135e-03
8.529098325641089329e-03
8.444855621561197720e-03
8.372743538316631054e-03
8.302329331438814547e-03
8.242896422407127929e-03
8.183085366497361637e-03
8.158475057869351774e-03
8.080340670164300881e-03
8.013694684925227671e-03
7.958070366677607796e-03
7.887041198978806539e-03
7.817330862622109966e-03
7.747819083710032369e-03
7.681065678187277111e-03
7.609725471060329975e-03
7.616196146345953141e-03
7.537887145397334857e-03
7.519444501114423522e-03
7.445806520061481852e-03
7.406322748985853278e-03
7.351992821694641050e-03
7.294078252845078054e-03
7.241697442816680090e-03
7.191341369631929631e-03
7.172091279235973116e-03
7.111359865987256119e-03
7.071716762561173521e-03
7.028730013541046283e-03
6.991751317931783373e-03
6.957317079035468463e-03
6.898473597479122185e-03
6.856964367073134156e-03
6.797900386181115681e-03
6.743841737939669859e-03
6.682777462337892785e-03
6.623105306198855992e-03
6.568725523841514521e-03
6.538639572029080957e-03
6.496565776911929040e-03
6.492727707480166685e-03
6.438088678157687789e-03
6.416715799661241657e-03
6.373255121671580342e-03
6.337275314278464217e-03
6.296996175918358890e-03
6.254010386253167422e-03
6.217075736742139376e-03
6.176045766868519006e-03
6.138751779042349310e-03
6.104966480634082746e-03
6.065277755593278045e-03
6.034892219563312010e-03
5.995452997897364640e-03
5.967309749261052142e-03
5.936977453936787864e-03
5.908221097048497669e-03
5.869813404921697501e-03
5.833351673222591897e-03
5.793278452723676919e-03
5.752588217611454349e-03
5.714653907866859041e-03
5.670083776284381635e-03
5.642133056578659857e-03
5.609666259469211005e-03
5.600069733002807811e-03
5.573435022465940414e-03
5.538532279481143614e-03
5.506332080287524959e-03
5.471675395810511600e-03
5.435988223833030340e-03
5.398641995848329177e-03
5.366804747740854670e-03
5.336034269612281201e-03
5.305505566415667264e-03
5.301194280918559640e-03
5.251104919082915171e-03
5.252298889036583797e-03
5.204926873167276674e-03
5.196992519483420794e-03
5.154864159014650726e-03
5.122494886166521245e-03
5.084897126077433764e-03
5.053409064919745820e-03
5.017848742669831982e-03
4.987459850338888355e-03
4.957234075223556150e-03
4.936161236689567793e-03
4.932545120706426610e-03
4.923265441178929780e-03
4.880100666111533182e-03
4.866783155251726799e-03
4.836790411427887085e-03
4.816864875748598333e-03
4.791240682488925179e-03
4.773499260691559977e-03
4.748535434827080501e-03
4.726408469056601371e-03
4.698888499955066085e-03
4.667546839874424196e-03
4.643141314496597970e-03
4.616572286138405715e-03
4.593340749189940564e-03
4.567365352844210760e-03
4.578749905437147147e-03
4.551502326885700604e-03
4.542869981221804923e-03
4.519520743900226969e-03
4.500072915641892962e-03
4.475536904680480280e-03
4.453707251998454547e-03
4.428210026794870274e-03
4.405445973708196558e-03
4.376856583771232025e-03
4.352326287877595137e-03
4.340545212830520909e-03
4.329016064008551698e-03
4.338495384442156433e-03
4.300344562867763898e-03
4.284947497733780294e-03
4.275309135847310538e-03
4.262159784642539050e-03
4.238564359035387578e-03
4.224049655888166381e-03
4.207491642766528206e-03
4.188943705146854629e-03
4.180375577105209170e-03
4.159564013838660396e-03
4.139795539508625208e-03
4.126435741406994304e-03
4.141861132408179193e-03
4.109825114421196586e-03
4.104861115974249748e-03
4.082706508735485344e-03
4.068218476891123127e-03
4.051667292782915215e-03
4.034703944657900242e-03
4.014961186314183750e-03
3.995868067159381865e-03
3.973782121894574651e-03
3.974944793237718786e-03
3.959088375330778106e-03
3.953086663047197628e-03
3.932748343927510402e-03
3.915413536650569001e-03
3.895924961200751633e-03
3.877693395416715195e-03
3.855475795367378430e-03
3.834214909062066360e-03
3.813263135938907596e-03
3.797570334516787646e-03
3.788990404678992899e-03
3.771026653964798785e-03
3.750628980597787640e-03
3.745139393228147286e-03
3.728350664397687541e-03
3.707737565316929999e-03
3.698221795866792842e-03
3.675065756895498029e-03
3.654593134123972163e-03
3.632356307156710436e-03
3.610548769508289870e-03
3.584486236355289950e-03
3.560493677485786733e-03
3.564882079103126947e-03
3.558695615059514778e-03
3.542961257256913542e-03
3.523175895600215869e-03
3.512646470964475229e-03
3.497391267095103281e-03
3.481691175519909236e-03
3.470512505444989931e-03
3.450765839336884452e-03
3.440185429754293901e-03
3.416934400513907139e-03
3.409993110818241788e-03
3.386871527143301731e-03
3.398774316023589915e-03
3.366683885411001116e-03
3.358462118642149049e-03
3.341450604992375357e-03
3.326764021992162281e-03
3.317799415023778981e-03
3.297566344645225592e-03
3.293622429317728893e-03
3.277840922632291060e-03
3.261885849994526111e-03
3.245189839738844319e-03
3.226954245912866219e-03
3.213635429271698759e-03
3.208649128965689306e-03
3.196289661287819803e-03
3.186915981657525033e-03
3.170477958567338023e-03
3.164090140653356628e-03
3.147399403117855880e-03
3.137952965703594190e-03
3.134015852756900661e-03
3.118841823874246404e-03
3.108193905012822042e-03
3.092737216874610201e-03
3.083594473074939297e-03
3.078905155551459570e-03
3.068381500126129546e-03
3.053326561348506177e-03
3.047476148657773075e-03
3.029516748238471075e-03
3.019457006619222662e-03
3.001648834866190493e-03
2.985082499405219449e-03
2.965646670814548174e-03
2.952233556532057705e-03
2.954705400930404940e-03
2.925536003180827412e-03
2.911917994653009240e-03
2.906606886127722361e-03
2.885972928824830953e-03
2.881297748098995189e-03
2.864875840849902960e-03
2.857455476540665500e-03
2.844126751082612543e-03
2.831675264652990139e-03
2.818666633904952021e-03
2.802176685903349715e-03
2.786951670098367605e-03
2.773405305900043631e-03
2.784050614685250769e-03
2.760472675494520921e-03
2.760547115335074738e-03
2.748557910844187831e-03
2.735756183508995104e-03
2.730468455717653502e-03
2.718040927872286076e-03
2.709240575519667425e-03
2.696839930224419115e-03
2.687506801669452706e-03
2.675233929201927593e-03
2.661669284436374381e-03
2.651168973857842212e-03
2.648800603371609386e-03
2.634799020355087142e-03
2.636613662547652049e-03
2.612130648234799873e-03
2.610900957214696595e-03
2.595637305761436166e-03
2.589244783454713959e-03
2.576691327081812033e-03
2.566059089296936473e-03
2.554860863411550533e-03
2.541229143090930048e-03
2.527563300024724714e-03
2.520406367893428170e-03
2.529073541953536040e-03
2.507557451749590528e-03
2.501935252205070032e-03
2.492059672717799029e-03
2.483056004924795793e-03
2.471778982679766114e-03
2.463569841265556438e-03
2.454471396529401498e-03
2.450556496952609273e-03
2.438400263057228200e-03
2.429214819303294765e-03
2.425237224759041466e-03
2.417188751504300431e-03
2.412834135416917249e-03
2.403942916454024706e-03
2.399545555969417095e-03
2.389764838773447784e-03
2.380466494202205120e-03
2.371799916723106236e-03
2.364044677544204810e-03
2.354642652651883165e-03
2.351286338071906148e-03
2.339710211381514776e-03
2.336381598239554470e-03
2.337919618619059125e-03
2.325677917253994500e-03
2.322088473997934149e-03
2.314266239141448984e-03
2.306234905416273528e-03
2.299254336140172262e-03
2.290420630582909282e-03
2.282120661743194858e-03
2.273545464855108045e-03
2.266697435266156694e-03
2.256015397533961582e-03
2.246601894448787152e-03
2.247372613436172603e-03
2.236196512308095009e-03
2.236640309018643816e-03
2.223362949199598256e-03
2.214465815172915377e-03
2.210218735829643216e-03
2.204331020032860265e-03
2.198053000264585822e-03
2.193222547638745863e-03
2.186836442906450826e-03
2.177923875071753786e-03
2.166526244515124943e-03
2.162063756901261378e-03
2.151325478094757732e-03
2.145261915826149595e-03
2.138656761921280906e-03
2.130619569341403279e-03
2.124924986119124549e-03
2.123488229735629590e-03
2.114967742307907999e-03
2.107043064064494445e-03
2.098592538224247541e-03
2.089244379097018184e-03
2.080222489307245824e-03
2.069025318285190682e-03
2.067038814252842010e-03
2.055974933264959580e-03
2.058893106407211175e-03
2.059422707760556748e-03
2.043745897386358822e-03
2.044322454562556325e-03
2.034528634293007732e-03
2.032332876194852759e-03
2.026188856229112299e-03
2.022460003449683911e-03
2.014978846614712531e-03
2.009062332522122078e-03
2.004709467753523766e-03
2.002712859117019521e-03
1.993011431876977151e-03
1.988388042489522972e-03
1.984247245325237736e-03
1.978912823340622015e-03
1.982806007638072184e-03
1.975815372344208107e-03
1.971880507455179080e-03
1.967334605936115356e-03
1.962754514491156857e-03
1.958556644968105151e-03
1.953933411433523247e-03
1.950519814988560963e-03
1.943478111145128476e-03
1.940609564093282976e-03
1.934662568951992477e-03
1.931779703371034164e-03
1.937041299375854859e-03
1.922343263434302552e-03
1.918528623787088896e-03
1.914635507555051842e-03
1.914848386402658595e-03
1.909957390119866420e-03
1.909803996578604860e-03
1.904772187021258395e-03
1.900841587636072950e-03
1.896346913097230131e-03
1.892884586547256354e-03
1.888653611927393859e-03
1.884541741197256343e-03
1.882466629170955960e-03
1.879693176193942238e-03
1.875040922683192347e-03
1.870092085824677291e-03
1.864704011022666735e-03
1.860552041743010650e-03
1.860955766195961135e-03
1.859065338345150965e-03
1.851889250501372692e-03
1.848850996236498217e-03
1.844122199200983738e-03
1.839220864847947732e-03
1.831848990008130016e-03
1.833480575752455873e-03
1.828604155314116119e-03
1.825032672489672542e-03
1.826062302673928713e-03
1.821946234534818285e-03
1.814467893968807781e-03
1.813792829065037811e-03
1.807450464638057789e-03
1.806437359098078460e-03
1.799712479623381345e-03
1.795053569659029380e-03
1.789320089915655276e-03
1.782884799798042019e-03
1.779863742967175864e-03
1.774143858785614397e-03
1.770575610288432781e-03
1.760764913545840487e-03
1.752259601042470286e-03
1.747749474529775764e-03
1.748056103239883224e-03
1.741878795082792012e-03
1.736655290655683475e-03
1.731084982138854323e-03
1.727794122254671392e-03
1.722536286025149735e-03
1.718326437581486291e-03
1.712528842005553442e-03
1.706962762279062591e-03
1.700970996907020909e-03
1.692950334986711687e-03
1.685451482272891897e-03
1.684399229181009509e-03
1.674799546211367621e-03
1.673036662856056426e-03
1.674551595586592449e-03
1.667464939517789967e-03
1.663295104056312793e-03
1.658395294738103072e-03
1.655237036205556506e-03
1.652175621811145410e-03
1.646866731519807704e-03
1.642711618042866492e-03
1.638408746677652052e-03
1.634953225645361958e-03
1.628105853509365531e-03
1.624908904411520062e-03
1.620380668777306795e-03
1.615700701148583282e-03
1.612530966437504933e-03
1.607765944963424065e-03
1.604174261354816789e-03
1.601041754748803265e-03
1.593505427941578059e-03
1.592161711340317953e-03
1.586172839843204372e-03
1.587074248192192876e-03
1.582844373847966174e-03
1.578206199602919663e-03
1.574376094540426863e-03
1.569527940945236906e-03
1.564868865968804769e-03
1.561495165366831757e-03
1.558684125659823543e-03
1.555626125179285398e-03
1.551881732827904443e-03
1.548987451779925903e-03
1.546595498496987397e-03
1.543045741133205204e-03
1.540941985933188055e-03
1.536984996948529726e-03
1.534029102945979771e-03
1.530220864768682982e-03
1.526334236080110172e-03
1.520820912453503581e-03
1.516638730520971246e-03
1.511544722038364727e-03
1.507760511717269386e-03
1.508745986017778198e-03
1.505987856835701213e-03
1.501558815293332688e-03
1.498130805040695642e-03
1.495200263249748954e-03
1.491172895309512319e-03
1.486803816472433799e-03
1.482686349383834350e-03
1.479414671732481564e-03
1.474838248470884293e-03
1.470747347760060445e-03
1.466676214390219644e-03
1.462095911802399270e-03
1.458578672689427470e-03
1.456484989853330239e-03
1.459392431096235643e-03
1.455995566351338082e-03
1.453255852439829963e-03
1.451032650995620361e-03
1.448791242274536858e-03
1.446846068907211213e-03
1.445182609878034726e-03
1.443500703274205052e-03
1.441314199013341794e-03
1.438120897171729249e-03
1.437983626288379764e-03
1.435689379631130544e-03
1.433574221632040154e-03
1.430287685821055466e-03
1.429708748125885264e-03
1.427116173084206664e-03
1.424436247000054586e-03
1.421251833727901499e-03
1.418232124889126991e-03
1.415299459309548799e-03
1.412904745652844357e-03
1.411183955948620708e-03
1.408137745596506471e-03
1.404848845549863841e-03
1.401467399931544686e-03
1.399103528411605119e-03
1.395175288430550511e-03
1.393410216402774264e-03
1.391032211550117864e-03
1.389333644415522654e-03
1.386128890643394899e-03
1.383537589757157394e-03
1.379949520049944837e-03
1.377152719319332157e-03
1.373628034882543904e-03
1.369774919495551132e-03
1.365594781468993388e-03
1.360876413718801201e-03
1.355600327394838227e-03
1.349228625329780855e-03
1.343935067525387286e-03
1.340121467642289800e-03
1.337144134486177582e-03
1.331587315349391527e-03
1.331849146864960698e-03
1.324880328303845115e-03
1.321766812452076145e-03
1.317861210748784992e-03
1.313333389317104241e-03
1.309570192519498308e-03
1.304513931011430476e-03
1.304844767794157779e-03
1.301446906090127130e-03
1.301953704128689607e-03
1.298759532693050936e-03
1.296879027270322199e-03
1.297258023063198405e-03
1.294450054033425461e-03
1.291443807621695840e-03
1.289658557464017606e-03
1.285001006006298782e-03
1.282399204442526098e-03
1.281016581309305869e-03
1.279610704590134320e-03
1.277346400395832976e-03
1.276705814415993786e-03
1.273987623640166281e-03
1.272656854580687729e-03
1.270233113844508859e-03
1.267288413442166448e-03
1.265230243151897272e-03
1.261769057186425992e-03
1.257642078257721922e-03
1.255851873521765440e-03
1.257054633863075596e-03
1.253765139305940482e-03
1.251152876484446603e-03
1.246765571077906257e-03
1.244036219212097489e-03
1.240014377644954808e-03
1.237029383068854582e-03
1.238985311000627984e-03
1.236565448064721844e-03
1.231639531310674794e-03
1.231219181569167230e-03
1.226609912791141749e-03
1.225387898581038228e-03
1.223056117530167599e-03
1.221323034546041662e-03
1.220890946599467080e-03
1.218039773085887378e-03
1.216757973887341165e-03
1.214966296490925394e-03
1.212431668477041225e-03
1.210785086482695817e-03
1.211797285616966193e-03
1.205400638178094272e-03
1.206134143192613565e-03
1.201919454011388675e-03
1.204284143479077271e-03
1.199185313016089358e-03
1.199215689657666265e-03
1.195756737356161881e-03
1.192418044667079274e-03
1.192760022962524417e-03
1.189312385319019841e-03
1.187480589819451616e-03
1.184612495393146895e-03
1.182311850758507605e-03
1.179171712751264168e-03
1.175639924961122693e-03
1.174042714638498042e-03
1.167095488876890947e-03
1.165361043774700402e-03
1.163373580210643084e-03
1.159796628915318092e-03
1.160061663529364908e-03
1.156168965834828734e-03
1.156738767315977721e-03
1.152141476681458384e-03
1.152419602899928779e-03
1.148721743471688627e-03
1.146677673459671086e-03
1.143811624047967601e-03
1.141088633588766693e-03
1.136921272103048365e-03
1.139432323090310050e-03
1.136571605658313498e-03
1.135376448658017862e-03
1.133739855889763721e-03
1.131103028787423456e-03
1.130232386696782129e-03
1.127841087092639827e-03
1.126214166182493495e-03
1.124481446478305590e-03
1.122896106162821553e-03
1.122323245140697395e-03
1.121522876738683186e-03
1.120459144889014930e-03
1.117838309368147107e-03
1.116476940701391493e-03
1.114253608460356046e-03
1.113306532258031591e-03
1.112413379370097216e-03
1.111987112648241474e-03
1.109233941333658859e-03
1.109286746566803513e-03
1.107327018260867392e-03
1.106324772144978708e-03
1.102059251970928782e-03
1.106889414607853915e-03
1.101177217678382756e-03
1.103066843063232709e-03
1.099268382878799228e-03
1.098241821654846392e-03
1.096079525547735776e-03
1.096116941535005621e-03
1.093939298940506399e-03
1.093274074094364090e-03
1.090676627463457553e-03
1.088909571384061694e-03
1.086340019377972843e-03
1.086046305790252945e-03
1.082308831499989230e-03
1.079049862500960520e-03
1.075786826387845540e-03
1.073043834028651351e-03
1.071075486002546475e-03
1.067973371531923121e-03
1.064750774758443973e-03
1.064468932355495381e-03
1.060664072057131103e-03
1.059777564191774924e-03
1.056719430972124108e-03
1.057535791727133362e-03
1.054752562214488669e-03
1.054312536289892660e-03
1.055858383072680578e-03
1.052211840849587602e-03
1.051785432794658578e-03
1.049878954462099166e-03
1.048549466624889518e-03
1.045489235355337790e-03
1.043332811256498507e-03
1.041323301398113530e-03
1.041958951514086219e-03
1.039398462864900025e-03
1.039529157237407096e-03
1.036747893753537731e-03
1.041960438537051920e-03
1.034518870834122591e-03
1.036253643048827078e-03
1.032115740413693796e-03
1.029609280536122450e-03
1.027398718528058780e-03
1.027481039716770682e-03
1.022724399591695265e-03
1.023808066930942525e-03
1.020814657123757414e-03
1.023687019794457427e-03
1.019155695390632334e-03
1.020739063448917452e-03
1.018526043695807239e-03
1.018589121418965026e-03
1.016957668536406763e-03
1.015667499809474886e-03
1.014758661735172670e-03
1.011771616590979514e-03
1.014453200704351372e-03
1.010169117623841220e-03
1.010321742817505645e-03
1.006078287288877026e-03
1.005957810308726183e-03
1.003396179954622533e-03
1.004970742967141581e-03
1.000650631271953611e-03
1.002176824880173954e-03
9.986714091067712667e-04
9.970928565085144905e-04
9.950730581602094688e-04
9.932188770837584082e-04
9.912819908925716607e-04
9.916441159556045690e-04
9.898403583325193333e-04
9.874693376348334366e-04
9.864957191662445616e-04
9.837891585287811356e-04
9.808750341552987910e-04
9.802082142413804863e-04
9.782896509488818448e-04
9.807920885515108208e-04
9.754003978085686033e-04
9.760993965102459898e-04
9.730504364691298707e-04
9.711245288552398415e-04
9.709614374599894598e-04
9.709561960900652249e-04
9.694564403543174053e-04
9.683849645476430134e-04
9.667323237158628041e-04
9.656149332982624052e-04
9.639775034207122111e-04
9.617380982158553297e-04
9.600481589546083945e-04
9.569341012905231659e-04
9.554939249912780931e-04
9.555897964006786552e-04
9.529902880744374818e-04
9.527500706711895329e-04
9.517380218167795442e-04
9.512560327321043950e-04
9.500719135810811516e-04
9.490871727563715337e-04
9.475143896199414483e-04
9.457257088123173418e-04
9.445391323792826565e-04
9.422321077574804431e-04
9.420873561695001239e-04
9.391562184241182207e-04
9.403039169018528095e-04
9.367637978045733433e-04
9.387727099466567368e-04
9.356795245678539144e-04
9.347852128619921815e-04
9.342579460664496510e-04
9.328613940833811605e-04
9.312675352472533658e-04
9.291154535569449285e-04
9.267364815496905838e-04
9.234523645531589895e-04
9.176780553655455950e-04
9.161089059948725535e-04
9.047661574965762095e-04
9.059595847287944814e-04
8.946977348349499041e-04
8.956477581112354215e-04
8.883125700577464926e-04
8.855376477794529508e-04
8.844665164134947423e-04
8.795480491167859041e-04
8.795478341160876696e-04
8.751994016823776883e-04
8.740330498097615385e-04
8.718574424892646009e-04
8.698361193952341757e-04
8.688216132423611697e-04
8.663487710411408400e-04
8.652160591414327770e-04
8.624142227201153947e-04
8.636163711432580468e-04
8.584784571950187983e-04
8.585742054620066439e-04
8.543344342616031274e-04
8.540727012249365062e-04
8.492605771419508860e-04
8.492611886260508945e-04
8.474376224467711390e-04
8.465845425060439374e-04
8.446857400713674371e-04
8.423585958601965528e-04
8.397738196793399579e-04
8.397085316752643525e-04
8.359116964770255207e-04
8.366917026840918785e-04
8.327649018292007784e-04
8.346650162882247349e-04
8.303316584971687014e-04
8.294420824983506036e-04
8.266307071660799989e-04
8.240261912213256131e-04
8.219131707568726880e-04
8.204330016849588911e-04
8.200465527145714330e-04
8.173328136052728215e-04
8.165054937108976070e-04
8.156286188187494889e-04
8.134328744335881474e-04
8.136254856783598378e-04
8.116972746701176010e-04
8.102289010769162837e-04
8.085187745266336247e-04
8.066093189259268071e-04
8.067332492455755837e-04
8.053311674822846104e-04
8.027765199534127359e-04
8.039326983824253902e-04
8.018316982208201649e-04
8.010234544516197730e-04
8.000213728819021569e-04
7.987745645336684353e-04
7.991743363585488043e-04
7.977355066327827555e-04
7.975831451118956276e-04
7.994232732901946801e-04
7.953525651874801886e-04
7.962169021934505705e-04
7.936065459755615049e-04
7.937926581665534628e-04
7.923597575492232967e-04
7.910912337443985710e-04
7.901262830791509848e-04
7.877427480706792077e-04
7.886654331154685374e-04
7.859747166361815427e-04
7.872139889774911956e-04
7.851281879402193312e-04
