5.077848427664101438e-02
2.366343344946851210e-02
1.797192541178283670e-02
3.422717270321921912e-02
8.093775908335045302e-03
8.422261710801948881e-03
5.197428033176318928e-03
4.131078809472660610e-03
3.416129120965509264e-03
2.950628933807786583e-03
2.681189648739199568e-03
2.341096693453482980e-03
1.751139594258205659e-03
1.756831483900379550e-03
1.519270448223373213e-03
1.273086282625949433e-03
1.509172959416654660e-03
1.155656533384779618e-03
1.067288536448016438e-03
1.049578050199257307e-03
9.892191137280540499e-04
9.378042872527617060e-04
8.617136301811207820e-04
8.005418862802903598e-04
7.383499063965649149e-04
7.506315252442176704e-04
7.026703681994432311e-04
6.899218720269156531e-04
6.576829976264177103e-04
6.034238118991843433e-04
6.081097806643165175e-04
5.961877146060433688e-04
5.728795140069395386e-04
5.617517889295597922e-04
5.673429695668784746e-04
5.717397449594630770e-04
5.332811882338558355e-04
5.448211385150050420e-04
5.332100215791571885e-04
4.974862244153973982e-04
4.790828372318037200e-04
4.680900827133157964e-04
4.528194208485366592e-04
4.765886612289770203e-04
4.416301250865214208e-04
4.488240391333260938e-04
4.275070634477090396e-04
4.557605143137804615e-04
4.180600375177157056e-04
4.259980754527619546e-04
4.212591694682392461e-04
4.129958225486160105e-04
4.042904660008077322e-04
4.099326162281653968e-04
3.980714177700392701e-04
3.813213522131752957e-04
3.670562003438954893e-04
3.546101215793495557e-04
3.568338142977281816e-04
3.346772742414245668e-04
3.422643736573901326e-04
3.254401100951357273e-04
3.225439857673927406e-04
2.978314741437921285e-04
3.330157297729679491e-04
2.985258107536678746e-04
3.040558345948815014e-04
3.024552123329002622e-04
2.982973551193974235e-04
2.943061620813327141e-04
2.904080500015678566e-04
2.893940892400429822e-04
2.746649186574401966e-04
2.768300740537602391e-04
2.514979305614246778e-04
2.808042166882158226e-04
2.522687618883426622e-04
2.681922532175387303e-04
2.610201432949889842e-04
2.602284180809890345e-04
2.572279326540964314e-04
2.518851140283398624e-04
2.484483174064197955e-04
2.424383704823230548e-04
2.533168793430902715e-04
2.364052695940467097e-04
2.501823960817176605e-04
2.439299655653666367e-04
2.438087194558978326e-04
2.407039204298927200e-04
2.451645485945236759e-04
2.396131101235666897e-04
2.332831859140417120e-04
2.368989562323870358e-04
2.275277398577354798e-04
2.315542927560260177e-04
2.176396979951417414e-04
2.406317099869547196e-04
2.107217265878087221e-04
2.445120823711692992e-04
2.079857647128482696e-04
2.326663961521279725e-04
2.152827205386516286e-04
2.249816761624211583e-04
2.218488308833988616e-04
2.236381472173133884e-04
2.148128876428514631e-04
2.122702876507961663e-04
2.124562640996396727e-04
2.133405862374586565e-04
2.101554980992316295e-04
2.196995327210153159e-04
2.019456650342138471e-04
2.234854127750126760e-04
1.997505441835806066e-04
2.214417616736015601e-04
2.044951800219913863e-04
2.089546032186468457e-04
2.070681059055909411e-04
2.080411078633377913e-04
2.081004927010632062e-04
2.071391637548457938e-04
2.061663795023581456e-04
2.018603369073029136e-04
2.045101860201050325e-04
1.880697601648114597e-04
2.086738319607918022e-04
1.930817671241846539e-04
1.981030505487073475e-04
1.957049128057788479e-04
1.970588211856880081e-04
1.958075885494955340e-04
2.115363610450653610e-04
1.833345166666706862e-04
2.189188112780997059e-04
1.904800669382962475e-04
2.008027634354507410e-04
1.966249017208600693e-04
1.945617369034843011e-04
1.971695039762028610e-04
1.960142203728721560e-04
1.934914332390993074e-04
1.972487468044472139e-04
1.918856638364995339e-04
1.965056227018484487e-04
1.912841026043687203e-04
1.970981259274708867e-04
1.671045959360190698e-04
2.203050427032965592e-04
1.768357981565090082e-04
2.036228007219955272e-04
1.838610348509371118e-04
1.921392540205549412e-04
1.916944815323784359e-04
1.921286281990929111e-04
1.903630423490129480e-04
1.878493872533573076e-04
1.897563795770083786e-04
1.897587922466254212e-04
1.860795025935886463e-04
1.912051541908246961e-04
1.775042740099512441e-04
1.880532579524307204e-04
1.569727380699485969e-04
1.929688986139115937e-04
1.670609634364059474e-04
1.862125537363411212e-04
1.826900648254045124e-04
1.823879210855144201e-04
1.839628608378621188e-04
1.817313938090107906e-04
1.812564773593703217e-04
1.798678566088085485e-04
1.794195318797032828e-04
1.750602493178490479e-04
1.906037346127521575e-04
1.517290529262779405e-04
1.846922130201670165e-04
1.635467494974991211e-04
1.790204119067905809e-04
1.765965204534371844e-04
1.754369758155075864e-04
1.754756813408147101e-04
1.721708184610888875e-04
1.701252348547001422e-04
1.665518244638137331e-04
1.657363392002460028e-04
1.634031842037713029e-04
1.734281466033355847e-04
1.445106552156083426e-04
1.751464054821600758e-04
1.536272754344372325e-04
1.693373627130503314e-04
1.678155451070058985e-04
1.688146585637164321e-04
1.701232689948429990e-04
1.660264520607742842e-04
1.667061594373853584e-04
1.645282541691589398e-04
1.762385854709643820e-04
1.525302580097467376e-04
1.748988573425255236e-04
1.596601600736080953e-04
1.665227581101817028e-04
1.663039591325704276e-04
1.664204424883453310e-04
1.703747911596882104e-04
1.657942018922147029e-04
1.750504820576741054e-04
1.568228960436329658e-04
1.761836966350395072e-04
1.594366696806609647e-04
1.673389351178760666e-04
1.658398274475617583e-04
1.632534556303133759e-04
1.663809517941427845e-04
1.657462127051464464e-04
1.653423999482664169e-04
1.635044775860654742e-04
1.669346260565821298e-04
1.625945299944732848e-04
1.690058339147467034e-04
1.590241648102370866e-04
1.821623545202264436e-04
1.448438453976756332e-04
1.747432801682860764e-04
1.554437641316787312e-04
1.699875672896080270e-04
1.655782388676268699e-04
1.661778264302814863e-04
1.676920041060432707e-04
1.676936558246766649e-04
1.665999354986075296e-04
1.679830383926444451e-04
1.669119792395255960e-04
1.556477818964615808e-04
1.834613263517456737e-04
1.578077561252662830e-04
1.712651890606958446e-04
1.598218384760743927e-04
1.630126644289770649e-04
1.611655164843253120e-04
1.612159265639350955e-04
1.637290842056091100e-04
1.616221390525912377e-04
1.642854755608434887e-04
1.618040256362463381e-04
1.610209281171016732e-04
1.638797138770156821e-04
1.457450939113943348e-04
1.694260095679431450e-04
1.514412237618902989e-04
1.633532339665528708e-04
1.589955306662297002e-04
1.593702343007506630e-04
1.592760442667982867e-04
1.596147676067569457e-04
1.603994982835327146e-04
1.588608050415478087e-04
1.560912561764389150e-04
1.652076072457401342e-04
1.430120560095871378e-04
1.640510920440313241e-04
1.525316772244589324e-04
1.610271827430500506e-04
1.600838530191632991e-04
1.594115744826033430e-04
1.576817817165779268e-04
1.571974136300087227e-04
1.555225334990136628e-04
1.569374707409540079e-04
1.511539671006192399e-04
1.544345220975013055e-04
1.441340308777079961e-04
1.654755361962980526e-04
1.437904618964009056e-04
1.544685844364604346e-04
1.447237632932359662e-04
1.457043673839078545e-04
1.458696285685318007e-04
1.451514815643215343e-04
1.452485975028831378e-04
1.430678347042010532e-04
1.499153901290661004e-04
1.404156222974357123e-04
1.506306286091115270e-04
1.409155519479767730e-04
1.528315027370563586e-04
1.394055431752801969e-04
1.484041994299600787e-04
1.461054470965184157e-04
1.469513208233105546e-04
1.473904726532684222e-04
1.460377916855941545e-04
1.461396380239084907e-04
1.458325273103796692e-04
1.501651416064526750e-04
1.395198850635651923e-04
1.586801012005469578e-04
1.393619511675312493e-04
1.487619972732085610e-04
1.467160731585024182e-04
1.442338070765539031e-04
1.469007126028243706e-04
1.448715077503204155e-04
1.462377034817150358e-04
1.455455375595275885e-04
1.472542325739995927e-04
1.453909625482983524e-04
1.487808672049445685e-04
1.399477876386632689e-04
1.666187573383189253e-04
1.393448765108253322e-04
1.527298885185258926e-04
1.401941599754078188e-04
1.468051883897966974e-04
1.429970587922617625e-04
1.436905999947179460e-04
1.449581074098903253e-04
1.434054412488839345e-04
1.445922905207729938e-04
1.441338586468893050e-04
1.475945125005284219e-04
1.358757799904168823e-04
1.486722197821011850e-04
1.409971035526671925e-04
1.465504142149237925e-04
1.473005161488285413e-04
1.472040323174809756e-04
1.485452806314152769e-04
1.475243835534120458e-04
1.464220892818391393e-04
1.472104318763217277e-04
1.436207039874171727e-04
1.493456065596869455e-04
1.288304647086181828e-04
1.480943886421214506e-04
1.375836569038495270e-04
1.462140918860681510e-04
1.439410566498290839e-04
1.443370423726334211e-04
1.436387820564790339e-04
1.444235905048533444e-04
1.424163732322018990e-04
1.401978379974301548e-04
1.447756882182719583e-04
1.342063706498195072e-04
1.531931514435629939e-04
1.345356816283181320e-04
1.464360531667367250e-04
1.401769550210441744e-04
1.395976527354490641e-04
1.399883603930250902e-04
1.390870688545875098e-04
1.384520509671515148e-04
1.388531268152008984e-04
1.408410719069366518e-04
1.381908611026634343e-04
1.392847423945776876e-04
1.502705863378132726e-04
1.329773586223876431e-04
1.460135295779784609e-04
1.367720056886323834e-04
1.409525867131158233e-04
1.408242579775880550e-04
1.404992939307027594e-04
1.414710775339612404e-04
1.396452773916112631e-04
1.404125703970967936e-04
1.399883267409001125e-04
1.418692725845843055e-04
1.371026248265263506e-04
1.421259655146006964e-04
1.350768575692710537e-04
1.454518324559724279e-04
1.273539081154381519e-04
1.448112918204540113e-04
1.333266697749488990e-04
1.420985001129263664e-04
1.388186203260144847e-04
1.411209207539123277e-04
1.401197274847400828e-04
1.397611696388611374e-04
1.387319584891451329e-04
1.402206126105252785e-04
1.379773027088675857e-04
1.380308406089541401e-04
1.371347809507718698e-04
1.354159395113949821e-04
1.371579237880036681e-04
1.260007606659028514e-04
1.417103266463442743e-04
1.301321422145240183e-04
1.377854535780126833e-04
1.341308878624819588e-04
1.349003377473232724e-04
1.350862596731711499e-04
1.352786090859769280e-04
1.343068173420548209e-04
1.341760136917954840e-04
1.341484897112679058e-04
1.329092849687538733e-04
1.336207715734712229e-04
1.339940536863320098e-04
1.336702924731974747e-04
1.386452638595601894e-04
1.268152098075086447e-04
1.380653597385294792e-04
1.311322078631637516e-04
1.365345005885198050e-04
1.358045842948384541e-04
1.362347803359857125e-04
1.349213919523906330e-04
1.354735343809402909e-04
1.361520181910987808e-04
1.353370713397912474e-04
1.364586174282372540e-04
1.325930902462461815e-04
1.345707095141525432e-04
1.343785656109927141e-04
1.309127438017108251e-04
1.445238909308045258e-04
1.277348625676809986e-04
1.399607794188538208e-04
1.319916502403967954e-04
1.362771374409990893e-04
1.350974931669183111e-04
1.353322775481603422e-04
1.350793136941172846e-04
1.356241946804290189e-04
1.361952204276992661e-04
1.361049043405643309e-04
1.364370153287948690e-04
1.369078030298241915e-04
1.290126708514784983e-04
1.412071376318221633e-04
1.324158048339802351e-04
1.383319508937887589e-04
1.369658745591936333e-04
1.377695053852705134e-04
1.383399232415293337e-04
1.388276451869234495e-04
1.380306824697944139e-04
1.376516648415940778e-04
1.377478599058059249e-04
1.364448091658389305e-04
1.321773000415067277e-04
1.456357649656131491e-04
1.315478336867337218e-04
1.388107834574645472e-04
1.332210068716701071e-04
1.357292214255107811e-04
1.339565793033783416e-04
1.335568153067667675e-04
1.331806967072816244e-04
1.323610971857150712e-04
1.321361141617833626e-04
1.316799560706383729e-04
1.301532683096005697e-04
1.394030035589955395e-04
1.252690781923158046e-04
1.357325613993963249e-04
1.298042966150115976e-04
1.357742203572386594e-04
1.335155280351539976e-04
1.335207909370271452e-04
1.333195475332785249e-04
1.345654195361700831e-04
1.325101904896487843e-04
1.337373867747881245e-04
1.316787094907026067e-04
1.328144031557357979e-04
1.273472290270459030e-04
1.387723551954166774e-04
1.283828372691843953e-04
1.348248090714224026e-04
1.321191525782603696e-04
1.322190021879934277e-04
1.324209638094334769e-04
1.328486523788888923e-04
1.326940644305837122e-04
1.345475651390060925e-04
1.287835464426188186e-04
1.355133692387127135e-04
1.315173441977381228e-04
1.304313227010834642e-04
1.323206790857185189e-04
1.297458870839734014e-04
1.321343028842111801e-04
1.312207897967501431e-04
1.372380223849012544e-04
1.229188925217547632e-04
1.344405451688670205e-04
1.268308511128956597e-04
1.323964065520901270e-04
1.303534724089001017e-04
1.308677443699842499e-04
1.312574596826875789e-04
1.313352074599880199e-04
1.323169036200061844e-04
1.302514067501879037e-04
1.303929045512471183e-04
1.293328491991878174e-04
1.301352225031091720e-04
1.334722209909991399e-04
1.240752345310681167e-04
1.341034110447224563e-04
1.270163887507140250e-04
1.312433067173644145e-04
1.290992757604467092e-04
1.285107701270573688e-04
1.301139629760703098e-04
1.277706775054086863e-04
1.289455096548042462e-04
1.288180678296921386e-04
1.286323417885946031e-04
1.270554528008918833e-04
1.266005643931709934e-04
1.292699703605098248e-04
1.228506313591083904e-04
1.355518869745373596e-04
1.239312209841535867e-04
1.301666783509509864e-04
1.261226422867605030e-04
1.284473182548137636e-04
1.283246553796464130e-04
1.287279272116521054e-04
1.290494986889717944e-04
1.273600355733069144e-04
1.291709959411469204e-04
1.270468742630444898e-04
1.277671673082378867e-04
1.297231714483081783e-04
1.272637336313248158e-04
1.243053425685188094e-04
1.343458628407511477e-04
1.253612816283732859e-04
1.302781451540546578e-04
1.279552986528073089e-04
1.284263094440517695e-04
1.286606255407180791e-04
1.289142480795066911e-04
1.299128253748163574e-04
1.300379849924149451e-04
1.310546510157621278e-04
1.273709991781444878e-04
1.294797698751145307e-04
1.255088898828532831e-04
1.357941974082287149e-04
1.241023623999957398e-04
1.325623883254774824e-04
1.266222411202028598e-04
1.284997154379062285e-04
1.282202058250992761e-04
1.282191815395639805e-04
1.275728803941102662e-04
1.267124869770672212e-04
1.288413911033538131e-04
1.284298030532257239e-04
1.286082189352303500e-04
1.285554053505114623e-04
1.297213906027546630e-04
1.281083109362198197e-04
1.365125947544280091e-04
1.207823215920450098e-04
1.322177619942125314e-04
1.243144514155708198e-04
1.301330189699219559e-04
1.289088885843914039e-04
1.298523108751439218e-04
1.298563177379536760e-04
1.301543744494180338e-04
1.300940332953703178e-04
1.268584078469364913e-04
1.329912267483806794e-04
1.248472246714503681e-04
1.293027999266580647e-04
1.289223079492616414e-04
1.286064033727161646e-04
1.293831924429719087e-04
1.278782296967113019e-04
1.295564631058801052e-04
1.259617762003787474e-04
1.328837166813576329e-04
1.237442731663641621e-04
1.297455624543671917e-04
1.260080586386068998e-04
1.275112649922511437e-04
1.268575223593819813e-04
1.272119083634449404e-04
1.269282933436632996e-04
1.271916198442404108e-04
1.263770080748193774e-04
1.282435583375915998e-04
1.239282749047380895e-04
1.316433994702612858e-04
1.268222743656535821e-04
1.280969901532421002e-04
1.268637208245952793e-04
1.273023877650591930e-04
1.274049525312902144e-04
1.178157993481761473e-04
1.330976692056851595e-04
1.216416617201218902e-04
1.288726217844758854e-04
1.236690047075107192e-04
1.258928396062583858e-04
1.261608998643700286e-04
1.255488190804320719e-04
1.262785635599980518e-04
1.232003453945015869e-04
1.242630117612835696e-04
1.235187760788732905e-04
1.240861517571256148e-04
1.234319188912734737e-04
1.253603558978688259e-04
1.218180491522424889e-04
1.247278430190443699e-04
1.198766259107197403e-04
1.314820199210349136e-04
1.196563765156228053e-04
1.273553839095078923e-04
1.219593397804619070e-04
1.221807993348704555e-04
1.219506647656762587e-04
1.232161290159318565e-04
1.224261829597771806e-04
1.221499891069753054e-04
1.226074448846934295e-04
1.242854681456214100e-04
1.208855679149635698e-04
1.285731475054750284e-04
1.192365919517100834e-04
1.252147508342051508e-04
1.207180625411131627e-04
1.221953547577336245e-04
1.222899702013972834e-04
1.221130784046951182e-04
1.221256904152924559e-04
1.220820661488197399e-04
1.221000240934729713e-04
1.215328220693334243e-04
1.211586579673018933e-04
1.216699176396537338e-04
1.218704240230771181e-04
1.199203954976388336e-04
1.294688554199266667e-04
1.145668084238961586e-04
1.254706970997775909e-04
1.179281739780560826e-04
1.230201722437265766e-04
1.202018755437654011e-04
1.207366453038147416e-04
1.205644488279338639e-04
1.200659257668825294e-04
1.209052396197267116e-04
1.193297890231816117e-04
1.228945950017032820e-04
1.190631775185588211e-04
1.205238830335608074e-04
1.205682184983131942e-04
1.204306454441347413e-04
1.206700994666771044e-04
1.202399473320951191e-04
1.217117300848475454e-04
1.208372448119706310e-04
1.213648502129917919e-04
1.203015885612970424e-04
1.223280978673624059e-04
1.171667390842420591e-04
1.295338240694171507e-04
1.184887517241676493e-04
1.234349660808938421e-04
1.179570114538875167e-04
1.202048142542443148e-04
1.195523660928729862e-04
1.190760942141780949e-04
1.188155812426367375e-04
1.203513180285798031e-04
1.181774342231900959e-04
1.213075747786178718e-04
1.169529066228196392e-04
1.226849048342584293e-04
1.176260707847590645e-04
1.191074142208477634e-04
1.190426457071058427e-04
1.184753326807197303e-04
1.190060115140619804e-04
1.209327528645262823e-04
1.194658666954096090e-04
1.199822169118985627e-04
1.198724092097422432e-04
1.215330499777019391e-04
1.143400334709817706e-04
1.232197188433502559e-04
1.160314851715049959e-04
1.200608357581095547e-04
1.189568005105402109e-04
1.192059649155669031e-04
1.193433406703961887e-04
1.180087948347370623e-04
1.191509878355845136e-04
1.178717005914434846e-04
1.189024638652002734e-04
1.166088928022455506e-04
1.230414202738255370e-04
1.149347979865040722e-04
1.204236332823706307e-04
1.173498565375713564e-04
1.179521240716936725e-04
1.178368814458156168e-04
1.178852551650680169e-04
1.178940398625739010e-04
1.179041211910856378e-04
1.186751699206363837e-04
1.186814009750058140e-04
1.181952835710532246e-04
1.185104803630685925e-04
1.173392418750317451e-04
1.230566926324759189e-04
1.117731251561009120e-04
1.205697214567560347e-04
1.152080580577329635e-04
1.190993328997205997e-04
1.174303188082453117e-04
1.176071834663321473e-04
1.176600987912222409e-04
1.175565858617564171e-04
1.165001810210741741e-04
1.185837682101202313e-04
1.183822247384902206e-04
1.179080938693848637e-04
1.209825254081997912e-04
1.151223227071133509e-04
1.238698589607869951e-04
1.160252107635222638e-04
1.208824692715994292e-04
1.170951957599658034e-04
1.182676554931021644e-04
1.180700418849861880e-04
1.182602889364624526e-04
1.182962455678194093e-04
1.181752444968843941e-04
1.179278463490574582e-04
1.168067236044463878e-04
1.187530334722363822e-04
1.184772278162148920e-04
1.175713132075952927e-04
1.185947779780805947e-04
1.122251115733800554e-04
1.222940098150206547e-04
1.146934593392204765e-04
1.198019370506083045e-04
1.170470790658505389e-04
1.171198872171112218e-04
1.169237117087038714e-04
1.174344657001591549e-04
1.179213151853205222e-04
1.174795680398480602e-04
1.172762018703743867e-04
1.170620545877648893e-04
1.176180083088903573e-04
1.164980519981380358e-04
1.179427268227241208e-04
1.170240630681719648e-04
1.187437955221086347e-04
1.080293822020854697e-04
1.182745763506507712e-04
1.133868747260517523e-04
1.186353523955336708e-04
1.146127739991743838e-04
1.170746651518999329e-04
1.166230347679196339e-04
1.169457307010194253e-04
1.169239914187521125e-04
1.171687122846424824e-04
1.164704255014905698e-04
1.167296813762466577e-04
1.161655708232490168e-04
1.183390068361448024e-04
1.124301381909787671e-04
1.189805208426253656e-04
1.140645528709828657e-04
1.169988868122210491e-04
1.163176932330281152e-04
1.166710785839608123e-04
1.167724762991896635e-04
1.168507017743450506e-04
1.168641304909462663e-04
1.167449367944493514e-04
1.174887870863155408e-04
1.177762998846285146e-04
1.154583420775557261e-04
1.213045045732152573e-04
1.131305325906062836e-04
1.200941322052617992e-04
1.150287808059442167e-04
1.172508226706562787e-04
1.168832484221944354e-04
1.170316837292436984e-04
1.168621286158253944e-04
1.166292225690082921e-04
1.177302411378138312e-04
1.170351477431412685e-04
1.177655043573795179e-04
1.162809936098434417e-04
1.177618881182466824e-04
1.179419186758783451e-04
1.119328179373893262e-04
1.205386310618781316e-04
1.142698298272928860e-04
1.190153384062339414e-04
1.162818213769375010e-04
1.174504926453779513e-04
1.176577462626985569e-04
1.172894266955294630e-04
1.174410338119500686e-04
1.169348203109541893e-04
1.172331474362502953e-04
1.170220143983802529e-04
1.159223189369411533e-04
1.205137963349509056e-04
1.143948998024490110e-04
1.189948793999547180e-04
1.168898205491104820e-04
1.174201193964536857e-04
1.179312588570218971e-04
1.179597052790633277e-04
1.181576897282268985e-04
1.187130385169428225e-04
1.187941525006425407e-04
1.178732624382666897e-04
1.216237178617707028e-04
1.143264614161896019e-04
1.203416348156386058e-04
1.173905272117029908e-04
1.191968909523444551e-04
1.184395966471605335e-04
1.186583966539530519e-04
1.186410766793541958e-04
1.187040915377735029e-04
1.159705783419159864e-04
1.205866015725233633e-04
1.165341206813588873e-04
1.182090679308816697e-04
1.183791246158152113e-04
1.179702177468350862e-04
1.182382557673983920e-04
1.171935554599483695e-04
1.182680294554259726e-04
1.164402478617491678e-04
1.183371570138134251e-04
1.152758432389962848e-04
1.204797520697939428e-04
1.162655954304379322e-04
1.183957412156872374e-04
1.168895963623288621e-04
1.171742445075804964e-04
1.172044766518337371e-04
1.169205433067637941e-04
1.172589928769102944e-04
1.166930387453186420e-04
1.176943555120912844e-04
1.171186050554751904e-04
1.164656567141384498e-04
1.178622255773323981e-04
1.165978058709693570e-04
