1.000000000000000000e+02
7.555555555555555713e+01
3.944444444444444287e+01
3.111111111111111072e+01
2.222222222222222143e+01
2.000000000000000355e+01
2.277777777777777501e+01
1.833333333333333215e+01
2.000000000000000000e+01
1.777777777777777501e+01
1.500000000000000178e+01
1.833333333333333215e+01
2.055555555555555358e+01
1.555555555555555358e+01
1.666666666666667140e+01
2.555555555555555003e+01
1.777777777777777857e+01
1.944444444444444287e+01
1.666666666666667140e+01
1.388888888888888928e+01
1.555555555555555891e+01
