0.000000000000000000e+00
4.062272469095187688e+00
4.408418807078205326e+00
3.662736389652182734e+00
3.076527356636323596e+00
3.277306934167250496e+00
3.189811455139874852e+00
2.646917611015910055e+00
3.370166864022911213e+00
2.476224392658781692e+00
2.402416478937739797e+00
3.272594772227364501e+00
3.010612231462306720e+00
2.348276664318126983e+00
2.832788618662658298e+00
3.308549842092932458e+00
2.476224392658781692e+00
2.615638313301024365e+00
2.484519974999766401e+00
2.948459875572344124e+00
2.597878209888915713e+00
