0.000000000000000000e+00
2.224998266055642304e+01
2.414590423566748001e+01
2.006163342807532146e+01
1.685083432011455429e+01
1.795054935711501543e+01
1.747131688168487784e+01
1.449776483411098837e+01
1.845916413981794335e+01
1.356283957303744714e+01
1.315857698036334789e+01
1.792473978322408712e+01
1.648980231072869884e+01
1.286204100310025034e+01
1.551582227085438070e+01
1.812167381144454481e+01
1.356283957303744714e+01
1.432644106469735945e+01
1.360827634879543524e+01
1.614937983749848271e+01
1.422916497207299535e+01
