1.029349529423345434e+267
6.631487318629447667e+270
1.846478279711803779e+262
1.638312897932014237e+223
1.374006329804315189e+238
6.911303909529152810e+218
1.583876262410485184e+223
1.909330964418095160e+231
3.419767948552098125e+232
2.599281004091040925e+211
1.281486847028366796e+222
1.335789459581976816e+216
6.880050470104508881e+216
6.749263074327331980e+220
1.250068443698661710e+207
9.008586703495821866e+203
6.250306457119815345e+200
2.458841954886280439e+199
2.069337074068147182e+199
4.227739236326873354e+202
1.819525012277720452e+205
9.592595323995673421e+208
1.176286327736068667e+202
9.696338638781064833e+201
1.149310411022122930e+201
3.992098705663943841e+200
1.261176340577289710e+202
1.026244671570388903e+201
6.989771202466614773e+199
3.168538687948347579e+202
1.470133826777750889e+202
1.991561102787878876e+201
2.942585744760725785e+200
4.945856574397057203e+199
1.552666953908766823e+203
4.552726748002948631e+202
8.820558487091680091e+200
1.702454177364021196e+200
1.359515562134005047e+201
3.559621313745892136e+200
6.964470368294191521e+200
6.705822303166970313e+200
2.272784889959740383e+201
8.941567285346658808e+200
9.459013461797326789e+199
1.968705333364558070e+202
6.722115688043169281e+201
4.920557381677355324e+201
3.879951029844932462e+200
1.667777280996496595e+201
2.160880788839643892e+201
4.957992613293672865e+200
4.163821687335784693e+201
3.690269295869366722e+201
7.390986434993953491e+200
2.234751428230490060e+200
7.954481106890544785e+201
2.163321961952199307e+201
5.998658072819618865e+200
1.393898972546058350e+202
2.858755723086913048e+200
1.159511149730304343e+201
3.922040520015800967e+200
1.261667435758222729e+201
7.297370089649943650e+200
6.293370656524335041e+200
3.101931241229624471e+201
2.244464095913095607e+200
3.900982141099633560e+200
1.295846421619459233e+201
5.593991284101748145e+200
4.749648264220180644e+200
3.173371942930924819e+201
5.167048259541008481e+200
1.751698486741796804e+200
2.032719362389971379e+200
1.150745116427046844e+201
1.166787789881887299e+201
1.038918153904914076e+201
1.431597684119896034e+200
9.217571847242228004e+199
7.134158155980555985e+200
1.254670575386647714e+200
1.004776232533470356e+200
8.067826013849291755e+201
7.379423588122623104e+199
2.599600657958013495e+200
3.133092154480892485e+200
1.447478322604112281e+202
3.648508885229716941e+200
5.979184766613872384e+201
1.814506387718450071e+200
5.230996782742612952e+199
1.122034478226819718e+200
9.469764761424828880e+199
8.792175556141154743e+199
1.273254217899740525e+201
1.992293988233196291e+201
7.325051261593490589e+200
1.346624233641943053e+201
1.287680411021675489e+201
3.945365132943369736e+201
1.783110625896308258e+200
9.801529540348507683e+199
1.455626831368142091e+200
5.908418187834592670e+200
9.672838502418932036e+199
1.758647915427697346e+201
1.964113797851075943e+200
7.095524556976757194e+199
1.411250197377145473e+200
1.343261189225236249e+201
2.428380949717536561e+200
1.969411559295104818e+201
2.635528681664135294e+201
1.010016448574398596e+201
2.610877320196222048e+200
7.710273175416405640e+200
