1.654722222222221717e+01
1.669166666666666288e+01
1.687777777777777999e+01
1.533333333333332860e+01
1.679444444444445139e+01
1.643055555555555713e+01
1.667499999999999716e+01
1.602222222222222570e+01
1.669722222222222285e+01
1.659722222222222854e+01
1.690555555555555145e+01
1.656111111111111711e+01
1.659166666666666856e+01
1.652222222222222570e+01
1.635277777777777430e+01
1.658333333333332860e+01
1.686111111111111427e+01
1.673333333333333428e+01
1.668333333333333712e+01
1.673333333333333428e+01
1.700555555555555998e+01
1.622222222222222854e+01
1.678333333333333144e+01
1.591666666666667140e+01
1.650555555555555998e+01
1.616944444444445139e+01
1.652500000000000568e+01
1.631111111111111711e+01
1.676666666666666572e+01
1.684722222222222854e+01
1.629444444444445139e+01
1.644722222222222285e+01
1.651388888888888573e+01
1.621666666666666856e+01
1.616111111111111143e+01
1.624166666666666003e+01
1.627222222222222570e+01
1.652222222222222570e+01
1.609999999999999432e+01
1.617499999999999716e+01
1.581111111111111711e+01
1.623333333333333428e+01
1.592499999999999716e+01
1.599722222222222001e+01
1.621944444444444855e+01
1.627777777777777146e+01
1.632500000000000284e+01
1.638055555555555998e+01
1.628055555555555145e+01
1.653888888888889142e+01
1.598611111111111427e+01
1.578055555555555145e+01
1.614444444444444571e+01
1.612222222222222001e+01
1.629999999999999716e+01
1.601666666666666572e+01
1.602777777777777146e+01
1.610555555555555429e+01
1.620277777777778283e+01
1.621111111111110858e+01
1.607777777777778283e+01
1.620833333333332860e+01
1.641666666666667140e+01
1.620833333333332860e+01
1.621666666666666856e+01
1.598055555555555429e+01
1.633055555555554861e+01
1.600555555555555998e+01
1.625277777777777999e+01
1.644444444444444287e+01
1.630833333333333712e+01
1.635277777777777430e+01
1.623611111111111427e+01
1.621944444444444855e+01
1.656944444444444287e+01
1.650833333333333997e+01
1.652222222222222570e+01
1.675277777777777999e+01
1.655833333333333712e+01
1.651944444444444571e+01
1.660277777777777430e+01
1.660833333333333428e+01
1.656388888888888289e+01
1.620277777777778283e+01
1.646944444444444855e+01
1.643055555555555713e+01
1.634722222222222854e+01
1.647499999999999432e+01
1.649444444444444002e+01
1.639166666666666572e+01
1.639444444444444571e+01
1.651388888888888573e+01
1.652222222222222570e+01
1.650555555555555998e+01
1.652500000000000568e+01
1.642777777777777715e+01
1.650000000000000000e+01
1.645555555555554861e+01
1.650833333333333997e+01
1.629722222222221717e+01
1.636944444444444002e+01
1.655833333333333712e+01
1.641111111111111143e+01
1.657500000000000284e+01
1.640000000000000568e+01
1.640277777777777146e+01
1.641111111111111143e+01
1.635555555555555429e+01
1.638333333333333997e+01
1.640000000000000568e+01
1.644166666666666288e+01
1.631666666666666288e+01
1.619722222222222285e+01
1.624166666666666003e+01
1.640555555555555145e+01
1.628055555555555145e+01
1.638333333333333997e+01
1.655277777777777715e+01
