7.098782569134493837e+270
1.956072051617125990e+262
1.807948148182892199e+223
1.488250413805996560e+238
9.468573847211278957e+217
9.831160073511236164e+222
1.448609325163772584e+231
6.238454629229900655e+232
2.690192163137689370e+211
1.129453310478007889e+222
1.100326488477877441e+216
9.204863997952488291e+216
7.223458362774175156e+220
1.926619458638563842e+207
8.406336820232115339e+203
7.788562719861563466e+200
2.523166580271278944e+199
1.108514832393822060e+199
3.907502333248022812e+202
2.593890114734230590e+204
1.061120546305529679e+209
1.194524396571973223e+203
1.003985734998474450e+202
3.129816591992309896e+201
4.245605646931532345e+200
4.304224018862755722e+202
1.746991481684498559e+201
5.664847289319058728e+199
1.685146319455236416e+202
8.731748176573406524e+201
8.222395085658342485e+200
1.920620827534236402e+200
1.272232348967518591e+200
5.265916218756611595e+200
2.684800833537437519e+200
2.772036084643376106e+200
8.920479869021083054e+199
3.733677950440884174e+200
6.617461406362776871e+199
2.046901796542402091e+200
4.109424798526165707e+202
1.111711565786056695e+201
8.428047320503868967e+200
8.503508295312199414e+200
2.890912509709748976e+200
1.582358471526087187e+200
3.380110125311100122e+200
4.528734379012489115e+200
2.525977436121985867e+202
1.455765150503509457e+200
3.421499459718959211e+202
1.321115675722377119e+202
3.109696725185683350e+200
1.385716267449394715e+200
2.480288173509174388e+200
2.788627740586513541e+200
4.507400812010202391e+200
1.297209719553703574e+200
5.173874914437427423e+200
1.019460116075027105e+201
4.801223197439854333e+200
6.954040758359097382e+200
1.505892473463669047e+202
1.134626033484669219e+200
5.567048445451802399e+201
2.989677931463894023e+200
2.986084111138487706e+201
4.322268510990860891e+200
3.807048419361523716e+200
4.239408980608345467e+200
1.042312899422648407e+202
2.994929983087133587e+201
2.731358087896184135e+200
1.621362745273213341e+201
4.497209484358203608e+201
2.490631269662884940e+199
2.499017235119163366e+200
6.724876453254412413e+200
2.971113258606667517e+200
3.282959437496164986e+200
2.154311005156094536e+200
2.842219216675530907e+200
2.258388186230519591e+200
3.333260682030140596e+200
3.323468715908841854e+200
1.102856373084819137e+200
2.235345054775541063e+200
3.674557975221712061e+201
7.043916188558238564e+201
2.687835496388412741e+201
2.924979804637453209e+200
5.118250132360157168e+200
7.359167592349072535e+200
4.581718156999428907e+200
1.452774863726857407e+201
2.410576877499791867e+200
7.490761380360390150e+201
2.552262011813476685e+200
5.795994829140797316e+200
5.787383232937700056e+201
8.420241254329782188e+199
5.140748681215422706e+200
1.890032970332776162e+200
8.259651291205636582e+199
6.110159672227335881e+200
1.525082185973500005e+201
7.892309758213619772e+199
9.643159429502849725e+199
2.681928141370056690e+201
2.251576832906447550e+200
4.229225379930389050e+202
6.938572277247047647e+200
2.468689525141407573e+201
1.037958590317841058e+200
5.816913780219273418e+201
3.968401237906289717e+200
2.047432450047435867e+201
8.901320133632890146e+200
