1.653333333333333144e+01
1.667499999999999716e+01
1.663333333333333997e+01
1.568333333333333712e+01
1.665833333333333144e+01
1.629999999999999716e+01
1.661666666666666003e+01
1.489166666666666572e+01
1.616666666666667140e+01
1.569166666666666288e+01
1.717499999999999716e+01
1.666666666666667140e+01
1.667499999999999716e+01
1.665833333333333144e+01
1.650833333333333997e+01
1.669166666666666288e+01
1.691666666666667140e+01
1.616666666666667140e+01
1.667499999999999716e+01
1.699166666666666003e+01
1.725833333333333997e+01
1.595833333333332860e+01
1.694166666666666288e+01
1.595833333333332860e+01
1.640000000000000568e+01
1.622499999999999432e+01
1.741666666666667140e+01
1.606666666666666288e+01
1.691666666666667140e+01
1.650000000000000000e+01
1.678333333333333144e+01
1.653333333333333144e+01
1.608333333333332860e+01
1.622499999999999432e+01
1.570000000000000284e+01
1.617499999999999716e+01
1.631666666666666288e+01
1.596666666666666856e+01
1.604999999999999716e+01
1.625833333333333997e+01
1.613333333333333997e+01
1.599166666666666003e+01
1.657500000000000284e+01
1.647499999999999432e+01
1.667499999999999716e+01
1.604166666666667140e+01
1.639166666666666572e+01
1.630833333333333712e+01
1.685833333333333428e+01
1.597499999999999432e+01
1.641666666666667140e+01
1.595000000000000284e+01
1.648333333333333428e+01
1.600833333333333997e+01
1.595833333333332860e+01
1.613333333333333997e+01
1.637500000000000000e+01
1.604999999999999716e+01
1.601666666666666572e+01
1.595833333333332860e+01
1.596666666666666856e+01
1.615000000000000568e+01
1.592499999999999716e+01
1.604999999999999716e+01
1.617499999999999716e+01
1.635833333333333428e+01
1.619166666666666288e+01
1.640000000000000568e+01
1.615000000000000568e+01
1.620000000000000284e+01
1.657500000000000284e+01
1.649166666666666003e+01
1.654166666666667140e+01
1.651666666666666572e+01
1.654166666666667140e+01
1.674166666666666003e+01
1.666666666666667140e+01
1.650833333333333997e+01
1.654999999999999716e+01
1.665000000000000568e+01
1.679166666666667140e+01
1.654166666666667140e+01
1.633333333333332860e+01
1.654166666666667140e+01
1.667499999999999716e+01
1.648333333333333428e+01
1.645000000000000284e+01
1.699166666666666003e+01
1.694166666666666288e+01
1.635833333333333428e+01
1.657500000000000284e+01
1.654999999999999716e+01
1.637500000000000000e+01
1.668333333333333712e+01
1.643333333333333712e+01
1.669166666666666288e+01
1.653333333333333144e+01
1.642499999999999716e+01
1.671666666666666856e+01
1.694166666666666288e+01
1.673333333333333428e+01
1.657500000000000284e+01
1.644166666666666288e+01
1.645000000000000284e+01
1.642499999999999716e+01
1.637500000000000000e+01
1.616666666666667140e+01
1.643333333333333712e+01
1.640000000000000568e+01
1.681666666666666288e+01
1.625833333333333997e+01
1.666666666666667140e+01
1.618333333333333712e+01
1.639166666666666572e+01
1.681666666666666288e+01
1.667499999999999716e+01
1.610833333333333428e+01
1.683333333333332860e+01
