1.000000000000000000e+02
3.277777777777777857e+01
1.555555555555555536e+01
2.055555555555555358e+01
1.833333333333333570e+01
1.777777777777777501e+01
1.611111111111111782e+01
1.333333333333333570e+01
1.888888888888889284e+01
1.277777777777777857e+01
1.388888888888889284e+01
2.000000000000000000e+01
1.666666666666666785e+01
1.777777777777777857e+01
1.555555555555555891e+01
1.500000000000000533e+01
1.722222222222222499e+01
1.500000000000000355e+01
1.388888888888888928e+01
1.444444444444444997e+01
1.444444444444444464e+01
