0.000000000000000000e+00
3.091538964451892912e+00
2.825515721890466292e+00
2.315185155560294916e+00
2.646917611015910055e+00
2.825515721890466292e+00
2.288367434308418158e+00
2.277100170213244734e+00
2.803583832263047082e+00
2.177796674143264610e+00
1.937819401523735774e+00
2.981423969999719148e+00
2.605786533235238345e+00
2.348276664318126539e+00
1.913779360409454178e+00
1.979836631245051271e+00
2.543854047628884452e+00
2.270312971300282978e+00
3.051343898756311290e+00
2.038719843633018947e+00
2.038719843633020279e+00
