0.000000000000000000e+00
1.693305628236463534e+01
1.547598697464901996e+01
1.268079134501480709e+01
1.449776483411098837e+01
1.547598697464901996e+01
1.253390463630942087e+01
1.247219128924647435e+01
1.535586106787250849e+01
1.192828364087993798e+01
1.061387398585710962e+01
1.632993161855451802e+01
1.427248064296125207e+01
1.286204100310024856e+01
1.048220125784067314e+01
1.084401183107951994e+01
1.393326244887161280e+01
1.243501626977743868e+01
1.671289884054591468e+01
1.116652846791209619e+01
1.116652846791210152e+01
