1.000000000000000000e+02
9.777777777777778567e+01
7.944444444444444287e+01
5.666666666666667140e+01
3.833333333333334281e+01
3.055555555555555713e+01
2.222222222222222499e+01
2.833333333333333570e+01
2.666666666666666430e+01
1.666666666666666785e+01
2.111111111111111782e+01
1.555555555555555358e+01
1.944444444444444642e+01
1.666666666666667140e+01
1.444444444444444642e+01
1.777777777777777857e+01
1.388888888888889106e+01
1.777777777777777501e+01
2.777777777777778567e+01
1.555555555555555891e+01
1.722222222222222499e+01
