0.000000000000000000e+00
1.034388151390292165e+00
3.485714526652587075e+00
3.296088216486960931e+00
3.526793388467529322e+00
3.774780946414724614e+00
2.974514519297965620e+00
3.438166321503512091e+00
2.557969874049186298e+00
2.939723678960656006e+00
2.825515721890467624e+00
2.825515721890466292e+00
2.091035146414113921e+00
2.605786533235238789e+00
2.574007459836156197e+00
2.212943592042912133e+00
2.494850663945828995e+00
2.714084586749816452e+00
2.644973492052907549e+00
2.597878209888915713e+00
2.775925308230109856e+00
