0.000000000000000000e+00
5.665577237325317483e+00
1.909204475271064538e+01
1.805341867696879987e+01
1.931704294523746057e+01
2.067532673992044323e+01
1.629208699846131481e+01
1.883161250742032777e+01
1.401057801435387873e+01
1.610152971798826371e+01
1.547598697464902706e+01
1.547598697464901996e+01
1.145307118227127852e+01
1.427248064296125563e+01
1.409841948938835721e+01
1.212079123848412721e+01
1.366485986249871232e+01
1.486565351139961244e+01
1.448711645600588582e+01
1.422916497207299535e+01
1.520436909267112213e+01
