6.324332554563067532e+00
4.812927027073261144e+00
2.466724598819351133e+00
9.601357735023241524e-01
4.202454933731664788e+00
6.833452345808767037e-01
3.908331111806112590e-01
9.859800721413726210e-01
2.115863240805934131e-01
3.327873058743944235e-01
1.199871415259424062e-01
1.928529261906160586e-01
9.880371440868861155e-02
1.026331812100448049e-01
9.810175709525116583e-02
6.451508577365688835e-02
1.639795003165782639e-01
8.067089014857774243e-02
5.200392572715163003e-02
5.715380237795793933e-02
4.567258490226780432e-02
4.265456529581822948e-02
4.371691776052281930e-02
3.779122237625764241e-02
3.623400570774608365e-02
3.665142195592723667e-02
3.413777677090056029e-02
3.279739320547350040e-02
3.112671686980082383e-02
2.942849679037588817e-02
2.815599992507827540e-02
2.734907281676784638e-02
2.596386746718709615e-02
2.440071282489946966e-02
2.301906660971783647e-02
2.167211478382793238e-02
2.042518382496417290e-02
2.011116157737495927e-02
1.915049875703271620e-02
1.871090892144241027e-02
1.751015268268837563e-02
1.669797887221074681e-02
1.635900279348309269e-02
1.578955427975697531e-02
1.517291807152639470e-02
1.509364833919108612e-02
1.400169868170459374e-02
1.330798836311191703e-02
1.269090229719612578e-02
1.248094409013025818e-02
1.199798070650801539e-02
1.179138858077712071e-02
1.144933815939678384e-02
1.119135166942598729e-02
1.083092925131032280e-02
1.053182939832035363e-02
1.015203255212964242e-02
9.882843118334956947e-03
9.703198991562536624e-03
9.696212997665105970e-03
9.446922163837568470e-03
9.238166525319235073e-03
8.996392963811834786e-03
8.798468307663745436e-03
8.590063538394959036e-03
8.512549706647736317e-03
8.486965053509131982e-03
8.348016175231686570e-03
8.260679531110075996e-03
8.196467106400765618e-03
8.099417633181294970e-03
8.004062343953788350e-03
7.938113991200103012e-03
7.865160644787150268e-03
7.754936625672156914e-03
7.641080312749720833e-03
7.535673818687188899e-03
7.412935398762672025e-03
7.346307909455752731e-03
7.254332252480931616e-03
7.203386634861867928e-03
7.168412025033469095e-03
7.082068987184267882e-03
7.039600896992160260e-03
6.967069856252745136e-03
6.885281749493307735e-03
6.792333772165906960e-03
6.690061691350425443e-03
6.598277891586816143e-03
6.520515104776619837e-03
6.444754984125914028e-03
6.408288106000145125e-03
6.387296200492609266e-03
6.323469084008511917e-03
6.277267192296286970e-03
6.208985921832919225e-03
6.125225670987686187e-03
6.039099984793387492e-03
5.937255717041771234e-03
5.839594173896097209e-03
5.734266036361513642e-03
5.625084061292323460e-03
5.639497980803452604e-03
5.634043262878704085e-03
5.597750652220784620e-03
5.529493327648599132e-03
5.502250626186401539e-03
5.448117381483515501e-03
5.394729835684466956e-03
5.334816769867111071e-03
5.271863058043036419e-03
5.216435574613840186e-03
5.159026045683860924e-03
5.146338932906236070e-03
5.112224183393359808e-03
5.074837958319539620e-03
5.036964438568513648e-03
5.016662087460143152e-03
4.975918194264611523e-03
4.934406508406049587e-03
4.888803880032563907e-03
4.863627264199169194e-03
4.843348431368937890e-03
4.809996251481010905e-03
4.773139030272649866e-03
4.730700538019984476e-03
4.684885808141382550e-03
4.645334135904157814e-03
4.625077067482902086e-03
4.601570644308099201e-03
4.589561189639782858e-03
4.566453725850285091e-03
4.532157557157185171e-03
4.490950847010209863e-03
4.443691479767962818e-03
4.400795439374848884e-03
4.351928604298786057e-03
4.295732240267823021e-03
4.249049083164085396e-03
4.219619720284586289e-03
4.205142896154322012e-03
4.213009570791221778e-03
4.172458438073396551e-03
4.150841799228936237e-03
4.127261152210877707e-03
4.105080751624797658e-03
4.074040209824992577e-03
4.039293083228833771e-03
3.999226647340507410e-03
3.954472457474979448e-03
3.905219822348928674e-03
3.872863683239980044e-03
3.874235207222901777e-03
3.839452325370337153e-03
3.822676868705555519e-03
3.802543101818657047e-03
3.772844962178932039e-03
3.735371158421047465e-03
3.695813630832088005e-03
3.655373157795249045e-03
3.610383733057455444e-03
3.579979365882685321e-03
3.600687592546816720e-03
3.550130746969614500e-03
3.527380480866424903e-03
3.502186763371991935e-03
3.470248187393612342e-03
3.469083614773023263e-03
3.445239646656560878e-03
3.434666124456375608e-03
3.411767746138934937e-03
3.385797347243913163e-03
3.359696096881796979e-03
3.348709393092454047e-03
3.333345462087633493e-03
3.313317037796313907e-03
3.298106597648610156e-03
3.280240956480088947e-03
3.257130128573124377e-03
3.230114911875649284e-03
3.200484959261633636e-03
3.168980245782711952e-03
3.140927797050654599e-03
3.143060218874853175e-03
3.131690247919773160e-03
3.107359516649175774e-03
3.096470038184125171e-03
3.075533025296905282e-03
3.062475017888249308e-03
3.044409937910345833e-03
3.025414643327131291e-03
3.005591349207085723e-03
2.985023302318902828e-03
2.966504954081124884e-03
2.943193239162479949e-03
2.927276794302970109e-03
2.904770384101569222e-03
2.904523437913429911e-03
2.886193323852488668e-03
2.875307682049020250e-03
2.855908425405860162e-03
2.834056379204337364e-03
2.809428882602450425e-03
2.784142929906167126e-03
2.762988292280848471e-03
2.743222948566134082e-03
2.731669298115447630e-03
2.716611925312069874e-03
2.715977077317400373e-03
2.700737257944101338e-03
2.686026392116184353e-03
2.671803888484277842e-03
2.653138987313446908e-03
2.631425822684497085e-03
2.610926586298997591e-03
2.606249804952416940e-03
2.589624681484922752e-03
2.581756296077129548e-03
2.569273303818195818e-03
2.553565120834306364e-03
2.537568681352196480e-03
2.519806298582394355e-03
2.499569285186368107e-03
2.485475394400098528e-03
2.482250717494536522e-03
2.469999687059199530e-03
2.457510940625100369e-03
2.441383424824580557e-03
2.428165894446360652e-03
2.412167673784096442e-03
2.392805256715521689e-03
2.372520059144853435e-03
2.351567056313452753e-03
2.342000855054120721e-03
2.334250286947243264e-03
2.320100634088196299e-03
2.311450961457865196e-03
2.300125539069144878e-03
2.283040158367036134e-03
2.267726438152012792e-03
2.257248829629510817e-03
2.249410988482010952e-03
2.244471960153012272e-03
2.228331512504037101e-03
2.212076312557694890e-03
2.194542017394902639e-03
2.175657506372974913e-03
2.155009277749195436e-03
2.136386744241796330e-03
2.129733540379745698e-03
2.118952111691227783e-03
2.100929076651567549e-03
2.083239371072890481e-03
2.062481358187864908e-03
2.069074455497088572e-03
2.043212932376710107e-03
2.037029673893701355e-03
2.020051381620983650e-03
2.004906201557492360e-03
1.991176916078665933e-03
1.974912219114732543e-03
1.956673131932567221e-03
1.936241374619205886e-03
1.912581907009344153e-03
1.902522653467365529e-03
1.887225894276529101e-03
1.891685707791486166e-03
1.872715576412837006e-03
1.874821420697071620e-03
1.856600181936869350e-03
1.841881231169533242e-03
1.825635202933257369e-03
1.806297504881770617e-03
1.789850610600750682e-03
1.774462482578498734e-03
1.759927561384280314e-03
1.756244728161685366e-03
1.746295880215762829e-03
1.735780123934108337e-03
1.729822106476184207e-03
1.719184677025293369e-03
1.711445840510232184e-03
1.700460681415449666e-03
1.689652288291430045e-03
1.675362918168892597e-03
1.659068004358424300e-03
1.641386181772003803e-03
1.629861912723535883e-03
1.617643780805425729e-03
1.604365324155704190e-03
1.599611849092079765e-03
1.585573986466024378e-03
1.573724671285683810e-03
1.559908559957062096e-03
1.553722879694246486e-03
1.544288170372253629e-03
1.540913461539944809e-03
1.533934435261499621e-03
1.525901223530327791e-03
1.518062547507253003e-03
1.507906623655325996e-03
1.496569243386768099e-03
1.483771039259336932e-03
1.477339961810653296e-03
1.469419709300036911e-03
1.462513919912001095e-03
1.458661084612794621e-03
1.453876497397286549e-03
1.447290848180867720e-03
1.439260713199039254e-03
1.430369430712419418e-03
1.420853488842906175e-03
1.413616716237319371e-03
1.404372171208773806e-03
1.394895369176100009e-03
1.387992187436749717e-03
1.378823138813234503e-03
1.379776378936720853e-03
1.375118269434387171e-03
1.369805910094565662e-03
1.365234580386903143e-03
1.360551917333313252e-03
1.353573163720041706e-03
1.345393045875557759e-03
1.336458505319690826e-03
1.326930726776728679e-03
1.317747246138360750e-03
1.309187147060815416e-03
1.300760117669406534e-03
1.291873030256901391e-03
1.289814535481409886e-03
1.285997836002472638e-03
1.282998368522720841e-03
1.278644144755731061e-03
1.271835917040366193e-03
1.263490289395631733e-03
1.254435807351026886e-03
1.244194475025390450e-03
1.233430656600300592e-03
1.223288493482809196e-03
1.217104835852909558e-03
1.214900033317360467e-03
1.207843827380848407e-03
1.212748306115362046e-03
1.201316398211722727e-03
1.196994776735745437e-03
1.190179003135252668e-03
1.184157522174103571e-03
1.181017776318277592e-03
1.177931362601690977e-03
1.171768893871453967e-03
1.165632567098232302e-03
1.158269670726246427e-03
1.153111797716973707e-03
1.147831942049318960e-03
1.142564184220083408e-03
1.137020732685054209e-03
1.132497539933221067e-03
1.124030989712084243e-03
1.119171477402965435e-03
1.117251415991409166e-03
1.112800318150561829e-03
1.109662388980517259e-03
1.104384796258805991e-03
1.101986788074621731e-03
1.098614452148370755e-03
1.094562060440454603e-03
1.091506303425543488e-03
1.084082996465687192e-03
1.078511411842244432e-03
1.072493517893356339e-03
1.066293113724239936e-03
1.059582890020779400e-03
1.054439395638132613e-03
1.051196087957126509e-03
1.047163019988470558e-03
1.041934660383563157e-03
1.039183976850516439e-03
1.036943324634453023e-03
1.034226922094421504e-03
1.030378552835974461e-03
1.025426090713654976e-03
1.020234532956381139e-03
1.015170483923990424e-03
1.010764773515525220e-03
1.006983792435836057e-03
1.003398499309321717e-03
1.000354918449318292e-03
9.953675814096418252e-04
9.927639881663402263e-04
9.884211353341652764e-04
9.841519019054862250e-04
9.802631309047571840e-04
9.761289052461117298e-04
9.724554378396823694e-04
9.707617515846920500e-04
9.669929341405089380e-04
9.634773664179172937e-04
9.605850093459704147e-04
9.566388319365102394e-04
9.523615268404838751e-04
9.494950239130385029e-04
9.458822923583366446e-04
9.428131847206676092e-04
9.432455659709336384e-04
9.432007142049947824e-04
9.370040156215809221e-04
9.344558590815382716e-04
9.304074326425859935e-04
9.269731033173206174e-04
9.231232465400577691e-04
9.195389091863746421e-04
9.164678654192991766e-04
9.120694798089994419e-04
9.084865637695871280e-04
9.041757283929836332e-04
9.005419942418119638e-04
8.968614297395601171e-04
8.957360994798813135e-04
8.925027145572689193e-04
8.908561766890502010e-04
8.874181901619273899e-04
8.836457357127616144e-04
8.796828505502826689e-04
8.750832643153077291e-04
8.710052762612834889e-04
8.680112743543729002e-04
8.659249615932777810e-04
8.642187143419787290e-04
8.629585834271166636e-04
8.614132423288066529e-04
8.586227871120300338e-04
8.557942458570130242e-04
8.525502002498916345e-04
8.491173535003777688e-04
8.453920367864891511e-04
8.429590671406852684e-04
8.427212990994443738e-04
8.415864489079409464e-04
8.394016013074266300e-04
8.374916842611212836e-04
8.351104218106935977e-04
8.325079655971141107e-04
8.294051236775935214e-04
8.266233469084313060e-04
8.234080919786466784e-04
8.200113691281824945e-04
8.163238929896685222e-04
8.146090173801801872e-04
8.124410213257390358e-04
8.129237077826902136e-04
8.106258476389879017e-04
8.086820337597734262e-04
8.088332252209878143e-04
8.066671119312917703e-04
8.054276560831995398e-04
8.035705955894957781e-04
8.017900943580381261e-04
7.995300147902132271e-04
7.972500951811380349e-04
7.946967437147627435e-04
7.924774109569504175e-04
7.909736493989064391e-04
7.899524456123165929e-04
7.880696427018757345e-04
7.864646336791723509e-04
7.860305526559471095e-04
7.856131323421244568e-04
7.827580346257355902e-04
7.812047256326926830e-04
7.797057680659604450e-04
7.776830427756062326e-04
7.760581196102009100e-04
7.747099208412386003e-04
7.735225456175669808e-04
7.721959788294613207e-04
7.704388953651705946e-04
7.680660182330729035e-04
7.664638628580164792e-04
7.648901047317674786e-04
7.626036904667222527e-04
7.606904297793782741e-04
7.596205826424464640e-04
7.595444197518386653e-04
7.578005804963186456e-04
7.565493422077682224e-04
7.553546091554029507e-04
7.541658546100213139e-04
7.526134206818097666e-04
7.509192694116982028e-04
7.493230804892790685e-04
7.476314462491466962e-04
7.460223466990638201e-04
7.450210668053825229e-04
7.448112787089079031e-04
7.426861861697833626e-04
7.418342855430785747e-04
7.405546561282072516e-04
7.391654805657298577e-04
7.376537912081147655e-04
7.364225123060904850e-04
7.344964481489632069e-04
7.329914308282960015e-04
7.312722054749503557e-04
7.298815465336468307e-04
7.291630044745523592e-04
7.282228236213864189e-04
7.270289511323081190e-04
7.262185326146226990e-04
7.253041523216748792e-04
7.238671799058556209e-04
7.225623514358742693e-04
7.212170472578148658e-04
7.197571929233213209e-04
7.180962096117108999e-04
7.160304299017762738e-04
7.140545943414768493e-04
7.139563846660296805e-04
7.127640029401814724e-04
7.128097616918938149e-04
7.112100455768449129e-04
7.103495336157986681e-04
7.089354972963706966e-04
7.075761384287167482e-04
7.061232070578704308e-04
7.044019621581712855e-04
7.026001159117284053e-04
7.006481683088126378e-04
6.988960908239281967e-04
6.975436539245429999e-04
6.976361737191761562e-04
6.958768799012843244e-04
6.944051786585092546e-04
6.931818299892613094e-04
6.923480075743134289e-04
6.906331974714255634e-04
6.893544207972959748e-04
6.880868923834049895e-04
6.867056629637369874e-04
6.858028723795472946e-04
6.847518975587493740e-04
6.844792876615916942e-04
6.829276433273215926e-04
6.816423580882290893e-04
6.801451324792823737e-04
6.788613335366837365e-04
6.779710091252628057e-04
6.768261861371849307e-04
6.758751705492920718e-04
6.747361462917092143e-04
6.735453464261426581e-04
6.726555212039539954e-04
6.715061650922243873e-04
6.700512570266450429e-04
6.692954458098735902e-04
6.679511242753641579e-04
6.666992841012617027e-04
6.649268160139414595e-04
6.637016992759225877e-04
6.619717720929861387e-04
6.605572131679817317e-04
6.597358374426453382e-04
6.601641239975696756e-04
6.588606717774372163e-04
6.579173295755671915e-04
6.569439602076624068e-04
6.557954915006215931e-04
6.542211852655077653e-04
6.528053472886021814e-04
6.512520290503321860e-04
6.504619469775962384e-04
6.491802458811344245e-04
6.487172803516012441e-04
6.479352926476843882e-04
6.463489273663697169e-04
6.448451896508096068e-04
6.432099151078975001e-04
6.415648397229496615e-04
6.398510550812917244e-04
6.384699837008651381e-04
6.393534297164372949e-04
6.379224950777775700e-04
6.370755068180928866e-04
6.361367856907874235e-04
6.355032079225441353e-04
6.340176374063774198e-04
6.326289560050662227e-04
6.311101265035907451e-04
6.296088599176303006e-04
6.283693383840409895e-04
6.291896512656436780e-04
6.280555624383950958e-04
6.277069443951259139e-04
6.265815857907560413e-04
6.258229589957344397e-04
6.247016178501989215e-04
6.235104995678526600e-04
6.222147594185782095e-04
6.207861806499018458e-04
6.193498615973089564e-04
6.179497923073331471e-04
6.164254740863050249e-04
6.156874513226570514e-04
6.147151941253801034e-04
6.142677938505509885e-04
6.136054592447212760e-04
6.129617872127099236e-04
6.122639606164378924e-04
6.114328888265393568e-04
6.105168869641033674e-04
6.095289029223504088e-04
6.082617453950997250e-04
6.068949854084443709e-04
6.054618564186383268e-04
6.046986422018778068e-04
6.035876940603028757e-04
6.027176488936843461e-04
6.022839214523692747e-04
6.024080582212128134e-04
6.011851675407660486e-04
6.009711402693668171e-04
5.999483379657148717e-04
5.991362342721833628e-04
5.980912065522992751e-04
5.969993540950024186e-04
5.956030267977099890e-04
5.941838842442153648e-04
5.927223430691676460e-04
5.912946118875755681e-04
5.902735531529138728e-04
5.893479543938427581e-04
5.891383131224860658e-04
5.881705666296148122e-04
5.879345021868109334e-04
5.870913250678096726e-04
5.862342668281025123e-04
5.853685452792068344e-04
5.843572524466568701e-04
5.832679101845442138e-04
5.818785164663179289e-04
5.806179520464555205e-04
5.798797400848607411e-04
5.801163369284931216e-04
5.796675838383382080e-04
5.789473005083996433e-04
5.781906316461763546e-04
5.772014601880235980e-04
5.761098394793907288e-04
5.752331210735598960e-04
5.743253704448573940e-04
5.734598363932510035e-04
5.725193970546116947e-04
5.712325904496858573e-04
5.706918815215745013e-04
5.712231265341909375e-04
5.698586099268874430e-04
5.692575571252414361e-04
5.686690600733631130e-04
5.680197570203987436e-04
5.672507216484679168e-04
5.663257424824518329e-04
5.653835717159446913e-04
5.644306682637182217e-04
5.639245112033368671e-04
5.639422371198740853e-04
5.636904028369204428e-04
5.631568433014089419e-04
5.626150229331881511e-04
5.620000001146757381e-04
5.612493547193834163e-04
5.603732611066085259e-04
5.593965232669103607e-04
5.582922418194843049e-04
5.571181808574482679e-04
5.561804608906065813e-04
5.549180609561170548e-04
5.550775371715659752e-04
5.549928518021957557e-04
5.540857139537905696e-04
5.538781279631790596e-04
5.529847653405582522e-04
5.522822319699906019e-04
5.513160309949666216e-04
5.503561619037803136e-04
5.492000141097799814e-04
5.479698186078907135e-04
5.467656376550715947e-04
5.464549485180487552e-04
5.469267303854725764e-04
5.459409392492658953e-04
5.456175053994350614e-04
5.450215784377842416e-04
5.442591971076984978e-04
5.434152627791557491e-04
5.421839725575857988e-04
5.413425831693176272e-04
5.422380344483193138e-04
5.408573091454028014e-04
5.405223893176894006e-04
5.397162701699889003e-04
5.391590427478913736e-04
5.386166002374556672e-04
5.378770434637277073e-04
5.372019854910688045e-04
5.368140107527410781e-04
5.361211978203671551e-04
5.357574872254221039e-04
5.351092941046853508e-04
5.342577105282323921e-04
5.336093034026544472e-04
5.328089239711691731e-04
