1.392499999999999716e+01
1.647222222222222854e+01
1.666666666666667140e+01
1.654166666666667140e+01
1.672777777777777430e+01
1.721666666666666856e+01
1.655277777777777715e+01
2.327222222222222570e+01
1.680555555555555713e+01
2.104999999999999716e+01
1.699444444444444002e+01
3.443055555555555713e+01
2.629999999999999716e+01
3.362222222222222001e+01
5.681111111111111001e+01
3.851111111111111285e+01
6.397222222222222143e+01
7.361944444444444002e+01
7.073611111111111427e+01
7.664722222222222570e+01
8.663333333333332575e+01
7.500277777777777999e+01
8.499444444444444002e+01
9.477777777777777146e+01
8.036666666666667425e+01
9.098333333333333428e+01
9.529722222222221717e+01
9.375833333333333997e+01
9.569722222222222285e+01
9.583055555555554861e+01
9.591111111111111143e+01
9.624444444444444002e+01
9.666666666666667140e+01
9.626111111111110574e+01
9.646388888888888857e+01
9.650000000000000000e+01
9.683055555555554861e+01
9.595000000000000284e+01
9.693333333333333712e+01
9.703333333333333144e+01
9.691666666666667140e+01
9.663055555555555998e+01
9.688611111111110574e+01
9.729722222222221717e+01
9.709722222222222854e+01
9.719722222222222285e+01
9.730277777777777715e+01
9.730833333333333712e+01
9.733611111111110858e+01
9.770000000000000284e+01
9.724166666666666003e+01
9.754166666666667140e+01
9.743611111111111711e+01
9.740833333333333144e+01
9.753055555555555145e+01
9.765000000000000568e+01
9.802500000000000568e+01
9.803055555555555145e+01
9.797777777777777430e+01
9.801388888888888573e+01
9.818055555555555713e+01
9.831666666666666288e+01
9.842777777777777715e+01
9.852500000000000568e+01
9.841111111111111143e+01
9.854722222222221717e+01
9.850833333333333997e+01
9.856111111111111711e+01
9.860833333333333428e+01
9.861388888888889426e+01
9.871944444444444855e+01
9.868888888888888289e+01
9.875000000000000000e+01
9.879166666666667140e+01
9.885555555555555429e+01
9.887500000000000000e+01
9.897777777777777430e+01
9.897222222222222854e+01
9.911666666666666003e+01
9.905555555555555713e+01
9.906666666666666288e+01
9.918055555555555713e+01
9.910555555555555429e+01
9.913888888888888573e+01
9.918055555555555713e+01
9.921111111111110858e+01
9.924166666666666003e+01
9.927500000000000568e+01
9.931388888888888289e+01
9.936111111111111427e+01
9.931944444444444287e+01
9.938333333333333997e+01
9.937777777777777999e+01
9.938333333333333997e+01
9.941388888888889142e+01
9.942222222222221717e+01
9.944722222222222285e+01
9.945555555555554861e+01
9.946388888888888857e+01
9.947777777777777430e+01
9.947499999999999432e+01
9.950555555555555998e+01
9.947222222222222854e+01
9.948888888888889426e+01
9.948055555555555429e+01
9.948333333333333428e+01
9.951388888888888573e+01
9.949444444444444002e+01
9.952222222222222570e+01
9.951666666666666572e+01
9.952500000000000568e+01
9.954444444444445139e+01
9.954722222222221717e+01
9.954722222222221717e+01
9.951944444444444571e+01
9.954999999999999716e+01
9.956111111111111711e+01
9.956388888888888289e+01
9.956388888888888289e+01
9.956666666666666288e+01
9.958055555555554861e+01
9.956944444444444287e+01
9.959444444444444855e+01
9.957777777777778283e+01
9.959722222222222854e+01
9.959722222222222854e+01
9.959722222222222854e+01
9.959722222222222854e+01
9.960555555555555429e+01
9.960555555555555429e+01
9.960277777777777430e+01
9.961111111111111427e+01
9.960833333333333428e+01
9.961944444444444002e+01
9.963611111111110574e+01
9.962500000000000000e+01
9.963611111111110574e+01
9.962777777777777999e+01
9.962222222222222001e+01
9.963611111111110574e+01
9.964166666666666572e+01
9.965555555555555145e+01
9.963611111111110574e+01
9.965555555555555145e+01
9.964166666666666572e+01
9.964722222222222570e+01
9.965555555555555145e+01
9.966111111111111143e+01
9.967222222222221717e+01
9.967222222222221717e+01
9.969166666666666288e+01
9.968611111111111711e+01
9.969444444444444287e+01
9.970000000000000284e+01
9.969444444444444287e+01
9.970000000000000284e+01
9.970277777777778283e+01
9.970277777777778283e+01
9.971388888888888857e+01
9.972499999999999432e+01
9.971666666666666856e+01
9.972499999999999432e+01
9.972222222222222854e+01
9.972777777777777430e+01
9.973333333333333428e+01
9.972777777777777430e+01
9.973333333333333428e+01
9.972777777777777430e+01
9.973888888888889426e+01
9.973611111111111427e+01
9.973611111111111427e+01
9.973611111111111427e+01
9.973888888888889426e+01
9.974166666666666003e+01
9.973888888888889426e+01
9.974166666666666003e+01
9.974166666666666003e+01
9.975277777777777999e+01
9.974722222222222001e+01
9.976111111111110574e+01
9.975833333333333997e+01
9.976388888888888573e+01
9.975277777777777999e+01
9.976111111111110574e+01
9.976111111111110574e+01
9.974722222222222001e+01
9.975555555555555998e+01
9.975555555555555998e+01
9.975555555555555998e+01
9.975833333333333997e+01
9.975555555555555998e+01
9.975833333333333997e+01
9.976111111111110574e+01
9.976388888888888573e+01
9.976666666666666572e+01
9.976944444444444571e+01
9.978055555555555145e+01
9.978333333333333144e+01
9.977500000000000568e+01
9.977777777777777146e+01
9.978333333333333144e+01
9.978333333333333144e+01
9.978333333333333144e+01
9.979166666666667140e+01
9.979444444444445139e+01
9.979999999999999716e+01
9.979999999999999716e+01
9.980277777777777715e+01
9.980277777777777715e+01
9.980277777777777715e+01
9.979999999999999716e+01
9.980833333333333712e+01
9.981111111111111711e+01
9.981944444444444287e+01
9.981388888888888289e+01
9.981666666666666288e+01
9.981666666666666288e+01
9.981666666666666288e+01
9.981944444444444287e+01
9.981388888888888289e+01
9.982222222222222285e+01
9.983055555555554861e+01
9.983333333333332860e+01
9.983055555555554861e+01
9.983055555555554861e+01
9.983055555555554861e+01
9.983888888888888857e+01
9.983611111111110858e+01
9.983611111111110858e+01
9.984166666666666856e+01
9.983888888888888857e+01
9.984999999999999432e+01
9.984999999999999432e+01
9.986388888888889426e+01
9.985277777777777430e+01
9.984999999999999432e+01
9.985833333333333428e+01
9.985555555555555429e+01
9.986111111111111427e+01
9.986111111111111427e+01
9.986388888888889426e+01
9.985833333333333428e+01
9.986944444444444002e+01
9.986944444444444002e+01
9.987222222222222001e+01
9.987222222222222001e+01
9.987500000000000000e+01
9.987500000000000000e+01
9.987777777777777999e+01
9.988055555555555998e+01
9.988055555555555998e+01
9.988333333333333997e+01
9.989444444444444571e+01
9.989444444444444571e+01
9.989166666666666572e+01
9.989722222222222570e+01
9.990000000000000568e+01
9.990277777777777146e+01
9.990555555555555145e+01
9.991111111111111143e+01
9.991944444444445139e+01
9.992222222222221717e+01
9.992499999999999716e+01
9.993611111111111711e+01
9.992499999999999716e+01
9.992499999999999716e+01
9.993055555555555713e+01
9.992499999999999716e+01
9.992777777777777715e+01
9.992777777777777715e+01
9.993055555555555713e+01
9.992499999999999716e+01
9.992499999999999716e+01
9.992499999999999716e+01
9.992777777777777715e+01
9.991944444444445139e+01
9.991944444444445139e+01
9.993611111111111711e+01
9.992222222222221717e+01
9.992777777777777715e+01
9.993333333333333712e+01
9.993611111111111711e+01
9.993055555555555713e+01
9.993888888888888289e+01
9.995000000000000284e+01
9.994166666666666288e+01
9.992222222222221717e+01
9.995000000000000284e+01
9.994444444444444287e+01
9.994166666666666288e+01
9.994444444444444287e+01
9.995555555555554861e+01
9.994444444444444287e+01
9.993888888888888289e+01
9.994722222222222285e+01
9.993888888888888289e+01
9.995000000000000284e+01
9.993888888888888289e+01
9.994166666666666288e+01
9.994722222222222285e+01
9.994722222222222285e+01
9.995000000000000284e+01
9.993888888888888289e+01
9.995000000000000284e+01
9.994444444444444287e+01
9.994722222222222285e+01
9.994444444444444287e+01
9.994444444444444287e+01
9.994444444444444287e+01
9.995277777777778283e+01
9.995555555555554861e+01
9.995555555555554861e+01
9.994722222222222285e+01
9.995000000000000284e+01
9.995555555555554861e+01
9.995833333333332860e+01
9.994722222222222285e+01
9.995277777777778283e+01
9.995833333333332860e+01
9.995000000000000284e+01
9.995277777777778283e+01
9.995000000000000284e+01
9.995277777777778283e+01
9.996111111111110858e+01
9.995833333333332860e+01
9.996388888888888857e+01
9.996111111111110858e+01
9.996388888888888857e+01
9.996111111111110858e+01
9.996944444444444855e+01
9.996388888888888857e+01
9.996944444444444855e+01
9.996388888888888857e+01
9.996944444444444855e+01
9.996666666666666856e+01
9.996666666666666856e+01
9.996666666666666856e+01
9.996944444444444855e+01
9.996666666666666856e+01
9.997222222222222854e+01
9.996944444444444855e+01
9.997499999999999432e+01
9.996666666666666856e+01
9.997222222222222854e+01
9.996944444444444855e+01
9.996944444444444855e+01
9.997222222222222854e+01
9.997222222222222854e+01
9.997222222222222854e+01
9.997222222222222854e+01
9.997222222222222854e+01
9.996944444444444855e+01
9.996944444444444855e+01
9.997222222222222854e+01
9.997222222222222854e+01
9.997222222222222854e+01
9.997222222222222854e+01
9.997499999999999432e+01
9.997222222222222854e+01
9.997499999999999432e+01
9.997499999999999432e+01
9.997499999999999432e+01
9.997222222222222854e+01
9.997222222222222854e+01
9.997222222222222854e+01
9.997499999999999432e+01
9.997222222222222854e+01
9.997499999999999432e+01
9.997499999999999432e+01
9.997777777777777430e+01
9.997777777777777430e+01
9.997222222222222854e+01
9.998055555555555429e+01
9.998333333333333428e+01
9.997499999999999432e+01
9.997777777777777430e+01
9.998055555555555429e+01
9.997499999999999432e+01
9.997777777777777430e+01
9.997499999999999432e+01
9.997777777777777430e+01
9.998055555555555429e+01
9.997777777777777430e+01
9.998055555555555429e+01
9.998333333333333428e+01
9.998055555555555429e+01
9.998055555555555429e+01
9.998333333333333428e+01
9.998055555555555429e+01
9.998333333333333428e+01
9.998055555555555429e+01
9.998333333333333428e+01
9.998333333333333428e+01
9.998333333333333428e+01
9.998333333333333428e+01
9.998611111111111427e+01
9.998055555555555429e+01
9.998333333333333428e+01
9.998333333333333428e+01
9.998333333333333428e+01
9.998055555555555429e+01
9.998333333333333428e+01
9.998611111111111427e+01
9.998888888888889426e+01
9.998333333333333428e+01
9.998611111111111427e+01
9.998055555555555429e+01
9.998611111111111427e+01
9.998611111111111427e+01
9.998611111111111427e+01
9.998611111111111427e+01
9.998888888888889426e+01
9.998888888888889426e+01
9.998888888888889426e+01
9.998888888888889426e+01
9.998888888888889426e+01
9.998888888888889426e+01
9.998888888888889426e+01
9.998888888888889426e+01
9.998888888888889426e+01
9.998888888888889426e+01
9.998888888888889426e+01
9.998888888888889426e+01
9.998888888888889426e+01
9.998888888888889426e+01
9.998888888888889426e+01
9.998888888888889426e+01
9.998611111111111427e+01
9.998611111111111427e+01
9.998888888888889426e+01
9.998611111111111427e+01
9.998611111111111427e+01
9.998611111111111427e+01
9.998611111111111427e+01
9.998611111111111427e+01
9.998611111111111427e+01
9.998611111111111427e+01
9.998888888888889426e+01
9.998611111111111427e+01
9.998888888888889426e+01
9.998888888888889426e+01
9.998888888888889426e+01
9.998888888888889426e+01
9.998888888888889426e+01
9.998888888888889426e+01
9.999166666666666003e+01
9.998888888888889426e+01
9.998888888888889426e+01
9.998611111111111427e+01
9.998888888888889426e+01
9.998611111111111427e+01
9.998888888888889426e+01
9.998611111111111427e+01
9.998611111111111427e+01
9.998888888888889426e+01
9.998611111111111427e+01
9.999166666666666003e+01
9.999166666666666003e+01
9.999166666666666003e+01
9.999166666666666003e+01
9.998888888888889426e+01
9.998888888888889426e+01
9.999166666666666003e+01
9.999166666666666003e+01
9.999444444444444002e+01
9.999166666666666003e+01
9.999166666666666003e+01
9.999444444444444002e+01
9.999444444444444002e+01
9.999444444444444002e+01
9.999444444444444002e+01
9.999166666666666003e+01
9.999444444444444002e+01
9.999166666666666003e+01
9.999444444444444002e+01
9.999444444444444002e+01
9.999444444444444002e+01
9.999166666666666003e+01
9.999444444444444002e+01
9.999444444444444002e+01
9.999166666666666003e+01
9.999444444444444002e+01
9.999444444444444002e+01
9.999444444444444002e+01
9.999444444444444002e+01
9.999166666666666003e+01
9.999444444444444002e+01
9.999166666666666003e+01
9.999166666666666003e+01
9.999166666666666003e+01
9.999166666666666003e+01
9.999166666666666003e+01
9.999166666666666003e+01
9.999166666666666003e+01
9.999166666666666003e+01
9.999166666666666003e+01
9.999166666666666003e+01
9.999166666666666003e+01
9.999166666666666003e+01
9.999166666666666003e+01
9.999166666666666003e+01
9.999166666666666003e+01
9.999166666666666003e+01
9.999166666666666003e+01
9.999166666666666003e+01
9.999166666666666003e+01
9.999166666666666003e+01
9.999166666666666003e+01
9.999166666666666003e+01
9.999166666666666003e+01
9.999166666666666003e+01
9.999166666666666003e+01
9.999166666666666003e+01
9.999166666666666003e+01
9.999166666666666003e+01
9.999166666666666003e+01
9.999166666666666003e+01
9.999166666666666003e+01
9.999166666666666003e+01
9.999166666666666003e+01
9.999166666666666003e+01
9.999166666666666003e+01
9.999166666666666003e+01
9.999166666666666003e+01
9.999166666666666003e+01
9.999166666666666003e+01
9.999166666666666003e+01
9.999166666666666003e+01
9.998888888888889426e+01
9.999166666666666003e+01
9.999166666666666003e+01
9.999166666666666003e+01
9.999166666666666003e+01
9.999166666666666003e+01
9.999166666666666003e+01
9.998888888888889426e+01
9.999166666666666003e+01
9.999166666666666003e+01
9.999166666666666003e+01
9.999166666666666003e+01
9.999166666666666003e+01
9.999166666666666003e+01
9.999166666666666003e+01
9.999166666666666003e+01
9.999166666666666003e+01
9.999166666666666003e+01
9.999166666666666003e+01
9.999166666666666003e+01
9.999166666666666003e+01
9.999166666666666003e+01
9.999166666666666003e+01
9.999166666666666003e+01
9.999444444444444002e+01
9.999166666666666003e+01
9.999166666666666003e+01
9.999444444444444002e+01
9.999444444444444002e+01
9.999166666666666003e+01
9.999444444444444002e+01
9.999444444444444002e+01
9.999444444444444002e+01
9.999444444444444002e+01
9.999444444444444002e+01
9.999444444444444002e+01
9.999444444444444002e+01
9.999444444444444002e+01
9.999444444444444002e+01
9.999444444444444002e+01
9.999166666666666003e+01
9.999166666666666003e+01
9.999166666666666003e+01
9.999444444444444002e+01
9.999166666666666003e+01
9.999444444444444002e+01
9.999166666666666003e+01
9.999444444444444002e+01
9.999166666666666003e+01
9.999166666666666003e+01
9.999166666666666003e+01
9.999166666666666003e+01
9.999444444444444002e+01
9.999166666666666003e+01
9.999444444444444002e+01
9.999166666666666003e+01
9.999444444444444002e+01
9.999166666666666003e+01
9.999166666666666003e+01
9.999166666666666003e+01
9.999166666666666003e+01
9.999166666666666003e+01
9.999166666666666003e+01
9.999166666666666003e+01
9.999166666666666003e+01
9.999166666666666003e+01
9.999166666666666003e+01
9.999166666666666003e+01
9.999166666666666003e+01
9.999166666666666003e+01
9.999166666666666003e+01
9.999166666666666003e+01
9.999166666666666003e+01
9.999166666666666003e+01
9.999166666666666003e+01
9.999166666666666003e+01
9.999444444444444002e+01
9.999166666666666003e+01
9.999166666666666003e+01
9.999166666666666003e+01
9.999166666666666003e+01
9.999166666666666003e+01
9.999166666666666003e+01
9.999166666666666003e+01
9.999166666666666003e+01
9.999166666666666003e+01
9.999444444444444002e+01
9.999166666666666003e+01
9.999166666666666003e+01
9.999444444444444002e+01
9.999166666666666003e+01
9.999444444444444002e+01
9.999166666666666003e+01
9.999166666666666003e+01
9.999166666666666003e+01
9.999166666666666003e+01
9.999166666666666003e+01
9.999166666666666003e+01
9.999166666666666003e+01
9.999444444444444002e+01
9.999444444444444002e+01
9.999444444444444002e+01
9.999444444444444002e+01
9.999166666666666003e+01
9.999444444444444002e+01
9.999444444444444002e+01
9.999166666666666003e+01
9.999444444444444002e+01
9.999444444444444002e+01
9.999166666666666003e+01
9.999166666666666003e+01
9.999166666666666003e+01
9.999444444444444002e+01
9.999166666666666003e+01
9.999166666666666003e+01
9.999444444444444002e+01
9.999166666666666003e+01
9.999166666666666003e+01
9.999166666666666003e+01
9.999166666666666003e+01
9.999444444444444002e+01
9.999166666666666003e+01
9.999444444444444002e+01
9.999166666666666003e+01
9.999166666666666003e+01
9.999166666666666003e+01
9.999166666666666003e+01
9.999166666666666003e+01
9.999166666666666003e+01
9.999166666666666003e+01
9.999166666666666003e+01
9.999166666666666003e+01
9.999166666666666003e+01
9.999444444444444002e+01
9.999166666666666003e+01
9.999444444444444002e+01
9.999166666666666003e+01
9.999166666666666003e+01
9.999166666666666003e+01
9.999166666666666003e+01
9.999166666666666003e+01
9.999444444444444002e+01
9.999444444444444002e+01
9.999444444444444002e+01
9.999444444444444002e+01
9.999444444444444002e+01
9.999444444444444002e+01
9.999444444444444002e+01
9.999166666666666003e+01
9.999444444444444002e+01
9.999444444444444002e+01
9.999166666666666003e+01
9.999166666666666003e+01
9.999166666666666003e+01
9.999166666666666003e+01
9.999166666666666003e+01
9.999444444444444002e+01
9.999444444444444002e+01
9.999444444444444002e+01
9.999444444444444002e+01
9.999444444444444002e+01
9.999444444444444002e+01
9.999444444444444002e+01
9.999444444444444002e+01
9.999444444444444002e+01
9.999444444444444002e+01
9.999444444444444002e+01
9.999166666666666003e+01
9.999444444444444002e+01
9.999444444444444002e+01
9.999444444444444002e+01
9.999444444444444002e+01
9.999444444444444002e+01
9.999444444444444002e+01
9.999444444444444002e+01
9.999444444444444002e+01
9.999444444444444002e+01
9.999444444444444002e+01
9.999444444444444002e+01
9.999444444444444002e+01
9.999444444444444002e+01
9.999444444444444002e+01
9.999444444444444002e+01
