4.800387238889038066e+00
2.383006681641008040e+00
9.752486380473683880e-01
4.120332666664480392e+00
6.810592482000739079e-01
3.884732732177252901e-01
9.548368028890308334e-01
2.189912958754550165e-01
3.014672405946227096e-01
1.202619214834956957e-01
1.823670400487774068e-01
9.845814810788211524e-02
1.008889228303676000e-01
9.757669276889106846e-02
6.255705877320111297e-02
1.581427751919961266e-01
8.375326012804247544e-02
5.199128900564197603e-02
5.950624475609830183e-02
4.784531538273127660e-02
4.229641826037978947e-02
4.661421235858120848e-02
4.000064928590871954e-02
3.644557551209897522e-02
3.851936177343559531e-02
3.587793284669158617e-02
3.310593094198543279e-02
3.251023754469115068e-02
3.018477941834395162e-02
2.878380244158184470e-02
2.805833068596359781e-02
2.725612480016267533e-02
2.537649227270469612e-02
2.417671933305146417e-02
2.248865121983594992e-02
2.130826005747614785e-02
2.068730049724814071e-02
2.013174482288853859e-02
1.947735924419562517e-02
1.856913933560901467e-02
1.761314762756548830e-02
1.736342434989947628e-02
1.690549968084322299e-02
1.605090909520890188e-02
1.613059319402039560e-02
1.507413313210131597e-02
1.432984600815726504e-02
1.374108181243200409e-02
1.361985048860000179e-02
1.293251960712362737e-02
1.293725437292432556e-02
1.285361429867945375e-02
1.245877776308896775e-02
1.233557463941597002e-02
1.182545637386658854e-02
1.154237949786919917e-02
1.119425069571619406e-02
1.104159452183600329e-02
1.129936135134135787e-02
1.076364477441460639e-02
1.060066315789633118e-02
1.030253030523925646e-02
1.009007519754383242e-02
9.941771732130851025e-03
1.013153925088996002e-02
9.841701027512316652e-03
9.764389325720643220e-03
9.594455104938674067e-03
9.501593976754102097e-03
9.374174082200207453e-03
9.231439985861698838e-03
9.305715307008584347e-03
9.030307570005004572e-03
8.940642332639830991e-03
8.796991743391834734e-03
8.758535685351516442e-03
8.560590957459738096e-03
8.580962607153127392e-03
8.323349836742321983e-03
8.426974971800171854e-03
8.252265056761578024e-03
8.174078497656344505e-03
8.216215133509757740e-03
8.139163911919697347e-03
8.043361257683734333e-03
7.966055023955823100e-03
7.881451641069688041e-03
7.777743857320836875e-03
7.785091578463108203e-03
7.636497600810219187e-03
7.677060193227150733e-03
7.573360252038746979e-03
7.517063306182280094e-03
7.472422370905655413e-03
7.354680290605994722e-03
7.313344447271145736e-03
7.205404036881350727e-03
7.100491741342216355e-03
7.001448579054554699e-03
6.914294733555793014e-03
6.883997282936517303e-03
6.875699773137305786e-03
6.975897631512448238e-03
6.866923528313405647e-03
6.845445603987461089e-03
6.772866192478805246e-03
6.687256910502798087e-03
6.646065084699119725e-03
6.547274605239172644e-03
6.464972747680087367e-03
6.419277353320858824e-03
6.281132959203465822e-03
6.373992440556449160e-03
6.332093310560729486e-03
6.309188709958724918e-03
6.269844394826991525e-03
6.145907637029190615e-03
6.118092263974185714e-03
6.044580936324184771e-03
5.983906427408415725e-03
6.021713937189577398e-03
6.002234821996845111e-03
5.935820057588787543e-03
5.956140064635504806e-03
5.897373571282596774e-03
5.859570543219550648e-03
5.789890585281539173e-03
5.776310778735391921e-03
5.795989873615427918e-03
5.773080546023499730e-03
5.811133287353368107e-03
5.737766641542552636e-03
5.713431197550166048e-03
5.673376582950041477e-03
5.618373401860542529e-03
5.584051428850723628e-03
5.554680794705966172e-03
5.472433509521271167e-03
5.573694164236175572e-03
5.336537462548968450e-03
5.607877863385467114e-03
5.413042705339377036e-03
5.486045393272956892e-03
5.415703484875534698e-03
5.444913022337028070e-03
5.384017906081010191e-03
5.359803047037019035e-03
5.323607044166854367e-03
5.282146076303203056e-03
5.265323904175616895e-03
5.240013098067687614e-03
5.340706557993738640e-03
5.195417183939311616e-03
5.251290189140524894e-03
5.307587013411141884e-03
5.283944960032076026e-03
5.252004779867203155e-03
5.215739017021793315e-03
5.169549936111011469e-03
5.121049409869600846e-03
5.056942667611664770e-03
5.534917442234026617e-03
5.154400355927716074e-03
5.099776844154749883e-03
5.055465427202495039e-03
4.963890375157035961e-03
5.257056251552946410e-03
4.966429560851378863e-03
5.105818046612707432e-03
4.980832665380984826e-03
4.928242637690746775e-03
4.907632981138501486e-03
4.873437191635647883e-03
4.861731793408781595e-03
4.894299526417152449e-03
4.780197835755057960e-03
4.757052511919838446e-03
4.703777759022542866e-03
4.650978510211032334e-03
4.599318081905043321e-03
4.599662982429118981e-03
4.524501440108619037e-03
4.614785223265073684e-03
4.603917350793418524e-03
4.541696362451033177e-03
4.570666347492251258e-03
4.505035705629930470e-03
4.448489366414246082e-03
4.507648863153598459e-03
4.444986397429627131e-03
4.468996822681781458e-03
4.404058283615115525e-03
4.328071261763788771e-03
4.308060599203394209e-03
4.249700976887568586e-03
4.244244211675196783e-03
4.257830803886417277e-03
4.206685610868547524e-03
4.220076827858980709e-03
4.175281288252493360e-03
4.176843703866021419e-03
4.147061580601144049e-03
4.143901416789962100e-03
4.113486288157596274e-03
4.140602828300718116e-03
4.021890409221043523e-03
4.065244827822096438e-03
4.085479627751500455e-03
4.014637609768583436e-03
3.994803790432421668e-03
3.983287546616647197e-03
3.969893412223902962e-03
3.955993317573877448e-03
3.915908131776001631e-03
3.927542837001404830e-03
3.899951442083021691e-03
3.924394756693564031e-03
3.886590068527383517e-03
3.875168757330251044e-03
3.870716648279446791e-03
3.847124016715943676e-03
3.827102811274844373e-03
3.818337852653374762e-03
3.830026100567186353e-03
3.788761299752643145e-03
3.784544247510132110e-03
3.768252380780626361e-03
3.735057367727720630e-03
3.709904613812649125e-03
3.697881077469223395e-03
3.678211493645120681e-03
3.651684058406667183e-03
3.654613295071432698e-03
3.607347388611119744e-03
3.623215758151013266e-03
3.602895835322342168e-03
3.580773748702276160e-03
3.561314019958975331e-03
3.545253545010486340e-03
3.520115945081312998e-03
3.553083921818394903e-03
3.503167426235616853e-03
3.508444685842753135e-03
3.466543754797328687e-03
3.447694681400010046e-03
3.418594853031664462e-03
3.410734446518748526e-03
3.383912527468443260e-03
3.369438737231791447e-03
3.392603215148501123e-03
3.358722848078602753e-03
3.396391953687350786e-03
3.327650955147026714e-03
3.348580375313542704e-03
3.351134490080397241e-03
3.295256696619345855e-03
3.308124864652204396e-03
3.256695852950144965e-03
3.226528504922868482e-03
3.250148845669112874e-03
3.235510714997768926e-03
3.197259500874948760e-03
3.167064575678957012e-03
3.137371001953378775e-03
3.140309811712200042e-03
3.078325820156341524e-03
3.117348362864323479e-03
3.083569573407281706e-03
3.095003112816078344e-03
3.085501074573946886e-03
3.069190827533783104e-03
3.059654777325008807e-03
3.039077319934165803e-03
3.032101481494902263e-03
3.011065206136856551e-03
2.994587851370956316e-03
3.019294146974626104e-03
2.972464557732758597e-03
2.967106473367365875e-03
2.971248915047551738e-03
2.901543633973793085e-03
2.951266469626300654e-03
2.916522169300822878e-03
2.915900977234418736e-03
2.895547064122805641e-03
2.886228769093075481e-03
2.888784692512909574e-03
2.826554520343115603e-03
2.873623312404052776e-03
2.812730680277716368e-03
2.846087663735894554e-03
2.874778313374661866e-03
2.828366884637483186e-03
2.820182008468069199e-03
2.767308788146142107e-03
2.826191403948128886e-03
2.792040197487980803e-03
2.807545420207711775e-03
2.788482222201483021e-03
2.771377463533499126e-03
2.772084880932247468e-03
2.752850683165906486e-03
2.750768172322835912e-03
2.735563124624063123e-03
2.763321542545449979e-03
2.715364998141170470e-03
2.715832459455663674e-03
2.756687581959284435e-03
2.715248979198908990e-03
2.738240076617396313e-03
2.727249950186374193e-03
2.718360540635700665e-03
2.705646240804899377e-03
2.691978682864610162e-03
2.690168138333736553e-03
2.682154982850920837e-03
2.625912579344274154e-03
2.728627804075206553e-03
2.652068323472371765e-03
2.694228955080135539e-03
2.644257533341509096e-03
2.666135153714441815e-03
2.663475571217097278e-03
2.656654039751378451e-03
2.645474500107184487e-03
2.646426933888423524e-03
2.636109455133372158e-03
2.614165622738463552e-03
2.638703291293619923e-03
2.641106008386044732e-03
2.560381957200291714e-03
2.621461341188724252e-03
2.571271940225953057e-03
2.591698262975734857e-03
2.580612531828381604e-03
2.571852018613702065e-03
2.561187637108009070e-03
2.547586604589206077e-03
2.546337760643375189e-03
2.533716282886534603e-03
2.478803010981813024e-03
2.541308287439461491e-03
2.469912804729934488e-03
2.524306660347326332e-03
2.501585840959466740e-03
2.519317315562991620e-03
2.500427700984441445e-03
2.510434005644111236e-03
2.462543481978858931e-03
2.502537236067832807e-03
2.502679290431198030e-03
2.498995159712059065e-03
2.494069051991537177e-03
2.474156784885936985e-03
2.516166363426848747e-03
2.487006684137928539e-03
2.483526370722099075e-03
2.494490752674031857e-03
2.459869267933329981e-03
2.455854926537322062e-03
2.451298416305359735e-03
2.476612747895979086e-03
2.469941585402206114e-03
2.470683622114119328e-03
2.429859156541965080e-03
2.470771690615504532e-03
2.435676683844374690e-03
2.450254289551039195e-03
2.429810207622643600e-03
2.438543907203366296e-03
2.435171010367393439e-03
2.422574612453128398e-03
2.383818154013170060e-03
2.437889490845883845e-03
2.391615653925226181e-03
2.425566128153526513e-03
2.432964308006554856e-03
2.378261589845702666e-03
2.418231505147041670e-03
2.389877500499477687e-03
2.384922294150647673e-03
2.378502654437688723e-03
2.358925101675178257e-03
2.391035040994910713e-03
2.399046801491780227e-03
2.382652826006865197e-03
2.398039334858243811e-03
2.358341571872523638e-03
2.365293758450823930e-03
2.366547472992973009e-03
2.349566701594820849e-03
2.356076061979323934e-03
2.349422241339589254e-03
2.356731722480151590e-03
2.310642134020044966e-03
2.385870745933482088e-03
2.332726617194447703e-03
2.326387378097191216e-03
2.368885901116555767e-03
2.321875605238796735e-03
2.370022878989483904e-03
2.361546266894953144e-03
2.355314768804224988e-03
2.348333962991146651e-03
2.287998565956365395e-03
2.346737336110198916e-03
2.310470696923581143e-03
2.331664974910486327e-03
2.322345717196857423e-03
2.333819332608598647e-03
2.328612064414939398e-03
2.323869338256597753e-03
2.291053920029784488e-03
2.333317785390673620e-03
2.288513234118091065e-03
2.339049519499244133e-03
2.299215382383955081e-03
2.286808527783614105e-03
2.284312457066243508e-03
2.269892609051572547e-03
2.288096588894667719e-03
2.278303355804538795e-03
2.278775114757155412e-03
2.282092422930700332e-03
2.249195893613938763e-03
2.315438073193533657e-03
2.257441735047693940e-03
2.280772549359294521e-03
2.255220797438563587e-03
2.273802379924341234e-03
2.268811025274209726e-03
2.270385352699460981e-03
2.259998555761178005e-03
2.260610632221628918e-03
2.226224956087052582e-03
2.238507998728643013e-03
2.260309277146464041e-03
2.243073633045656202e-03
2.213794057667718956e-03
2.267122022926021645e-03
2.230974485016246935e-03
2.240496656720938288e-03
2.237829747149757201e-03
2.240025282974006295e-03
2.235373200034614007e-03
2.244667616872827662e-03
2.231109625264080746e-03
2.225823641602970443e-03
2.229348282118626557e-03
2.225690749004794172e-03
2.231959213824836249e-03
2.204768612097641415e-03
2.290007267623199363e-03
2.207365457169067988e-03
2.254677027699132988e-03
2.211047886177317130e-03
2.230748597509690876e-03
2.230468072192950176e-03
2.230411695651179742e-03
2.231897594339562422e-03
2.237404038040274185e-03
2.251873464306004390e-03
2.248447291396576779e-03
2.245178634342057198e-03
2.276339245744836860e-03
2.256408532856608775e-03
2.362399037468229310e-03
2.259645177628170215e-03
2.300616377037328127e-03
2.252127005175711457e-03
2.292308782809995057e-03
2.274518317325758231e-03
2.271771244966819085e-03
2.280409004605455942e-03
2.289265680637492945e-03
2.291749500801787236e-03
2.277891705025597135e-03
2.293168874358548180e-03
2.305154950219011345e-03
2.256197085826956803e-03
2.286439221363453095e-03
2.251553335369325948e-03
2.298767011728870217e-03
2.266791163085420373e-03
2.270074472211790467e-03
2.260822988870722725e-03
2.253590134999846131e-03
2.259379241057790644e-03
2.254212763776416474e-03
2.267570189529319758e-03
2.270721403408915932e-03
2.272220325478340602e-03
2.277457143423111154e-03
2.260300858445266937e-03
2.257101832068782437e-03
2.286165332207293517e-03
2.259809384447731672e-03
2.272006811528132046e-03
2.269340653588822719e-03
2.263439645708517807e-03
2.253187695669906041e-03
2.265388807588430715e-03
2.265220424165083780e-03
2.269621648854221966e-03
2.244817611625851608e-03
2.264605411653654570e-03
2.230050497745170082e-03
2.268604447286215030e-03
2.242736423134771961e-03
2.242982095819378609e-03
2.242369839513977565e-03
2.231051376800580275e-03
2.240323927218925565e-03
2.241710043809820412e-03
2.244773481050333936e-03
2.244341257194782790e-03
2.253246049608905073e-03
2.213692740334510019e-03
2.251867032453246532e-03
2.223315488585906122e-03
2.239176554631115614e-03
2.236835042635794586e-03
2.241541034037447012e-03
2.234029613327826250e-03
2.239125409220861854e-03
2.239612784416457770e-03
2.241116742044576421e-03
2.231085114918829933e-03
2.232971652784131265e-03
2.252390810936327151e-03
2.218410546583201529e-03
2.237932243593943396e-03
2.217863005493449051e-03
2.241604484073709842e-03
2.201942352118999458e-03
2.238817686688832683e-03
2.201567233541294570e-03
2.198310270325475307e-03
2.206859867085196863e-03
2.186930884877189441e-03
2.214124049068449430e-03
2.200948560827692760e-03
2.205369696903336247e-03
2.207683094444745642e-03
2.183941133400515468e-03
2.219156964238512292e-03
2.186652308296438592e-03
2.221072154070651786e-03
2.212516259835707946e-03
2.194094674520200277e-03
2.196545510912158768e-03
2.199126021577397019e-03
2.177957009273894049e-03
2.209726785973186673e-03
2.174908225751635837e-03
2.186969772114910615e-03
2.172569294961385240e-03
2.178953044199016809e-03
2.177268565301716894e-03
2.174627388785316164e-03
2.182603630308356697e-03
2.149930891918691665e-03
2.167791743792767904e-03
2.185629081923000632e-03
2.170035499709126788e-03
2.171438300377259885e-03
2.165238781081206109e-03
2.160597200071228460e-03
2.156915412808133297e-03
2.146506005182058623e-03
2.156026258310152037e-03
2.128529851123214106e-03
2.174066121787534157e-03
2.134728790749158660e-03
2.140652531609741303e-03
2.131437673291552200e-03
2.138934499295573523e-03
2.133235998873298563e-03
2.133578898469022395e-03
2.124645911231134044e-03
2.098309225116396035e-03
2.136091383879680766e-03
2.117259005964992630e-03
2.126124526900117790e-03
2.113600507299851633e-03
2.105680932073615303e-03
2.101567011111467580e-03
2.090580152112867744e-03
2.078384832108483207e-03
2.112867529942117576e-03
2.085370300596151288e-03
2.106535537512312529e-03
2.085717761826131646e-03
2.091517462473701898e-03
2.087163719512464752e-03
2.082550415761165799e-03
2.082384183782591200e-03
2.077516723181685714e-03
2.069511593276741543e-03
2.078528649713893856e-03
2.074440823816272456e-03
2.082943601752585555e-03
2.063772325691058500e-03
2.097113436807548307e-03
2.059761213449262836e-03
2.067044140954218869e-03
2.054633124031868263e-03
2.065739742345639850e-03
2.066467085616070874e-03
2.063074627615314564e-03
2.075873699128844875e-03
2.062022650080312224e-03
2.066024963291832224e-03
2.063522729211953767e-03
2.075171857988803489e-03
2.067922872055085078e-03
2.073932445146251576e-03
2.068646578516871934e-03
2.074666894715857142e-03
2.055436188353373592e-03
2.077721605545434797e-03
2.063651936977000008e-03
2.066657848685946562e-03
2.057328104414110799e-03
2.064623063221906682e-03
2.063622227753073111e-03
2.066232227707130373e-03
2.061491209193443315e-03
2.063789101071170865e-03
2.066396406689409871e-03
2.045766548293560371e-03
2.058912419919183608e-03
2.067138073704352132e-03
2.044068967046708783e-03
2.049324479084106525e-03
2.052875963468150326e-03
2.044076016324198643e-03
2.051064413859595911e-03
2.049353711493901841e-03
2.044151688635696337e-03
2.054776450229158988e-03
2.068116626088707406e-03
2.039597848425564811e-03
2.061175459081771022e-03
2.053909584843520864e-03
2.055118705418162994e-03
2.055650696248009345e-03
2.056333051199296137e-03
2.054060654791223760e-03
2.057789253549147362e-03
2.069512213650006455e-03
2.064156971097740566e-03
2.041975148679774782e-03
2.092688257505540862e-03
2.042619544048664051e-03
2.066529037318502997e-03
2.045458050268528487e-03
2.060071131075069326e-03
2.046301914278311415e-03
2.045114680444203373e-03
2.045541986883221523e-03
2.046079837085911565e-03
2.043453238750524321e-03
2.051670866371375912e-03
2.051404580617026841e-03
2.069411990683260854e-03
2.056080949111256662e-03
2.060967225900902505e-03
2.058132789338321111e-03
2.059744263139429155e-03
2.061291909723866368e-03
2.063377582644645557e-03
2.071724933080513077e-03
2.062416491465554960e-03
2.049381628482698902e-03
2.069273242423050330e-03
2.040921873817654313e-03
2.064690787877711525e-03
2.047897993597686244e-03
2.049142613138148650e-03
2.052090112089127380e-03
2.046668525837570286e-03
2.045465813497649669e-03
2.043125615318009455e-03
2.040152561090633962e-03
2.045521389580208169e-03
2.044584034262335488e-03
2.060468424619453075e-03
2.034156867936690906e-03
2.058087770493831174e-03
2.038422587493792567e-03
2.042018133720660024e-03
2.044772287317216716e-03
2.041784310300072576e-03
2.047070742288677799e-03
2.034754018381202106e-03
2.068180478834797092e-03
2.042996907521847216e-03
2.076636658685673906e-03
2.057889528851036126e-03
2.049827020741079586e-03
2.051689479203516481e-03
2.052702254671353449e-03
2.064437232883734128e-03
2.072440975566210760e-03
2.079247374528406765e-03
2.050284772303324465e-03
2.056241675056321057e-03
2.060982704085724017e-03
2.070244346195224561e-03
2.064959981993873261e-03
