1.203333333333333144e+01
1.640000000000000568e+01
1.666666666666667140e+01
1.655833333333333712e+01
1.683333333333332860e+01
1.951666666666666572e+01
1.654166666666667140e+01
1.790000000000000568e+01
1.677500000000000568e+01
1.782500000000000284e+01
1.689166666666666572e+01
3.220000000000000284e+01
3.120833333333332860e+01
3.408333333333332860e+01
6.098333333333333428e+01
3.790833333333333144e+01
6.231666666666666998e+01
7.717499999999999716e+01
6.879166666666667140e+01
7.393333333333333712e+01
8.503333333333333144e+01
7.276666666666666572e+01
8.337500000000000000e+01
9.219166666666666288e+01
7.809166666666666856e+01
8.863333333333332575e+01
9.283333333333332860e+01
9.115000000000000568e+01
9.318333333333333712e+01
9.315833333333333144e+01
9.361666666666666003e+01
9.390000000000000568e+01
9.435833333333333428e+01
9.416666666666667140e+01
9.404166666666667140e+01
9.429999999999999716e+01
9.458333333333332860e+01
9.375833333333333997e+01
9.445833333333332860e+01
9.477500000000000568e+01
9.489166666666666572e+01
9.459999999999999432e+01
9.444166666666666288e+01
9.527500000000000568e+01
9.479166666666667140e+01
9.515000000000000568e+01
9.548333333333333428e+01
9.540833333333333144e+01
9.565833333333333144e+01
9.590000000000000568e+01
9.531666666666666288e+01
9.571666666666666856e+01
9.550000000000000000e+01
9.542499999999999716e+01
9.571666666666666856e+01
9.575000000000000000e+01
9.638333333333333997e+01
9.600833333333333997e+01
9.590833333333333144e+01
9.609166666666666856e+01
9.643333333333333712e+01
9.666666666666667140e+01
9.690000000000000568e+01
9.710833333333333428e+01
9.693333333333333712e+01
9.722499999999999432e+01
9.700833333333333997e+01
9.719166666666666288e+01
9.735833333333333428e+01
9.720833333333332860e+01
9.745000000000000284e+01
9.748333333333333428e+01
9.760833333333333428e+01
9.779999999999999716e+01
9.797499999999999432e+01
9.799166666666666003e+01
9.825000000000000000e+01
9.833333333333332860e+01
9.868333333333333712e+01
9.895000000000000284e+01
9.830833333333333712e+01
9.878333333333333144e+01
9.838333333333333997e+01
9.869166666666666288e+01
9.875000000000000000e+01
9.889166666666666572e+01
9.904166666666667140e+01
9.899166666666666003e+01
9.915833333333333144e+01
9.932500000000000284e+01
9.923333333333333428e+01
9.944166666666666288e+01
9.928333333333333144e+01
9.940833333333333144e+01
9.947499999999999432e+01
9.949166666666666003e+01
9.952500000000000568e+01
9.959166666666666856e+01
9.958333333333332860e+01
9.959166666666666856e+01
9.958333333333332860e+01
9.958333333333332860e+01
9.965000000000000568e+01
9.959166666666666856e+01
9.963333333333333997e+01
9.958333333333332860e+01
9.959999999999999432e+01
9.961666666666666003e+01
9.959999999999999432e+01
9.959999999999999432e+01
9.961666666666666003e+01
9.961666666666666003e+01
9.961666666666666003e+01
9.961666666666666003e+01
9.965000000000000568e+01
9.960833333333333428e+01
9.965000000000000568e+01
9.964166666666666572e+01
9.965833333333333144e+01
9.965833333333333144e+01
9.965833333333333144e+01
9.968333333333333712e+01
9.964166666666666572e+01
9.968333333333333712e+01
9.969166666666666288e+01
9.970000000000000284e+01
9.969166666666666288e+01
9.969166666666666288e+01
9.969166666666666288e+01
9.969166666666666288e+01
9.970833333333332860e+01
9.970833333333332860e+01
9.970000000000000284e+01
9.970000000000000284e+01
9.970833333333332860e+01
9.970833333333332860e+01
9.971666666666666856e+01
9.971666666666666856e+01
9.974166666666666003e+01
9.970833333333332860e+01
9.971666666666666856e+01
9.972499999999999432e+01
9.971666666666666856e+01
9.972499999999999432e+01
9.973333333333333428e+01
9.973333333333333428e+01
9.974166666666666003e+01
9.975000000000000000e+01
9.973333333333333428e+01
9.975000000000000000e+01
9.975000000000000000e+01
9.974166666666666003e+01
9.975000000000000000e+01
9.975000000000000000e+01
9.975000000000000000e+01
9.974166666666666003e+01
9.975833333333333997e+01
9.976666666666666572e+01
9.975000000000000000e+01
9.976666666666666572e+01
9.976666666666666572e+01
9.976666666666666572e+01
9.978333333333333144e+01
9.975833333333333997e+01
9.977500000000000568e+01
9.977500000000000568e+01
9.977500000000000568e+01
9.977500000000000568e+01
9.978333333333333144e+01
9.979166666666667140e+01
9.979166666666667140e+01
9.979166666666667140e+01
9.978333333333333144e+01
9.979999999999999716e+01
9.979166666666667140e+01
9.978333333333333144e+01
9.978333333333333144e+01
9.979999999999999716e+01
9.979999999999999716e+01
9.979999999999999716e+01
9.979999999999999716e+01
9.980833333333333712e+01
9.979999999999999716e+01
9.980833333333333712e+01
9.982500000000000284e+01
9.981666666666666288e+01
9.982500000000000284e+01
9.982500000000000284e+01
9.982500000000000284e+01
9.983333333333332860e+01
9.983333333333332860e+01
9.984999999999999432e+01
9.985833333333333428e+01
9.986666666666666003e+01
9.985833333333333428e+01
9.984999999999999432e+01
9.987500000000000000e+01
9.989166666666666572e+01
9.988333333333333997e+01
9.987500000000000000e+01
9.988333333333333997e+01
9.989166666666666572e+01
9.988333333333333997e+01
9.990000000000000568e+01
9.989166666666666572e+01
9.989166666666666572e+01
9.989166666666666572e+01
9.990833333333333144e+01
9.989166666666666572e+01
9.989166666666666572e+01
9.990833333333333144e+01
9.990833333333333144e+01
9.990833333333333144e+01
9.990833333333333144e+01
9.991666666666667140e+01
9.990833333333333144e+01
9.990833333333333144e+01
9.990833333333333144e+01
9.990833333333333144e+01
9.990833333333333144e+01
9.991666666666667140e+01
9.991666666666667140e+01
9.991666666666667140e+01
9.991666666666667140e+01
9.991666666666667140e+01
9.991666666666667140e+01
9.991666666666667140e+01
9.991666666666667140e+01
9.990833333333333144e+01
9.990000000000000568e+01
9.990000000000000568e+01
9.990000000000000568e+01
9.992499999999999716e+01
9.990833333333333144e+01
9.992499999999999716e+01
9.991666666666667140e+01
9.992499999999999716e+01
9.992499999999999716e+01
9.992499999999999716e+01
9.992499999999999716e+01
9.990833333333333144e+01
9.993333333333333712e+01
9.992499999999999716e+01
9.992499999999999716e+01
9.991666666666667140e+01
9.991666666666667140e+01
9.992499999999999716e+01
9.992499999999999716e+01
9.993333333333333712e+01
9.993333333333333712e+01
9.994166666666666288e+01
9.994166666666666288e+01
9.992499999999999716e+01
9.990000000000000568e+01
9.992499999999999716e+01
9.992499999999999716e+01
9.992499999999999716e+01
9.992499999999999716e+01
9.992499999999999716e+01
9.992499999999999716e+01
9.992499999999999716e+01
9.992499999999999716e+01
9.992499999999999716e+01
9.992499999999999716e+01
9.992499999999999716e+01
9.993333333333333712e+01
9.993333333333333712e+01
9.992499999999999716e+01
9.993333333333333712e+01
9.992499999999999716e+01
9.992499999999999716e+01
9.992499999999999716e+01
9.992499999999999716e+01
9.992499999999999716e+01
9.993333333333333712e+01
9.993333333333333712e+01
9.992499999999999716e+01
9.993333333333333712e+01
9.992499999999999716e+01
9.993333333333333712e+01
9.993333333333333712e+01
9.993333333333333712e+01
9.993333333333333712e+01
9.993333333333333712e+01
9.993333333333333712e+01
9.992499999999999716e+01
9.992499999999999716e+01
9.993333333333333712e+01
9.993333333333333712e+01
9.992499999999999716e+01
9.993333333333333712e+01
9.993333333333333712e+01
9.992499999999999716e+01
9.993333333333333712e+01
9.993333333333333712e+01
9.992499999999999716e+01
9.993333333333333712e+01
9.992499999999999716e+01
9.993333333333333712e+01
9.993333333333333712e+01
9.993333333333333712e+01
9.993333333333333712e+01
9.992499999999999716e+01
9.993333333333333712e+01
9.993333333333333712e+01
9.993333333333333712e+01
9.993333333333333712e+01
9.992499999999999716e+01
9.993333333333333712e+01
9.994166666666666288e+01
9.994166666666666288e+01
9.994166666666666288e+01
9.993333333333333712e+01
9.993333333333333712e+01
9.993333333333333712e+01
9.993333333333333712e+01
9.992499999999999716e+01
9.993333333333333712e+01
9.993333333333333712e+01
9.993333333333333712e+01
9.993333333333333712e+01
9.993333333333333712e+01
9.993333333333333712e+01
9.993333333333333712e+01
9.993333333333333712e+01
9.994166666666666288e+01
9.993333333333333712e+01
9.994166666666666288e+01
9.994166666666666288e+01
9.995000000000000284e+01
9.995833333333332860e+01
9.995000000000000284e+01
9.995833333333332860e+01
9.995833333333332860e+01
9.995833333333332860e+01
9.995833333333332860e+01
9.995833333333332860e+01
9.995833333333332860e+01
9.995833333333332860e+01
9.995833333333332860e+01
9.995833333333332860e+01
9.995833333333332860e+01
9.995833333333332860e+01
9.995833333333332860e+01
9.995833333333332860e+01
9.995833333333332860e+01
9.995833333333332860e+01
9.995833333333332860e+01
9.995833333333332860e+01
9.995833333333332860e+01
9.995833333333332860e+01
9.995833333333332860e+01
9.995833333333332860e+01
9.995833333333332860e+01
9.995833333333332860e+01
9.995833333333332860e+01
9.995833333333332860e+01
9.995833333333332860e+01
9.996666666666666856e+01
9.996666666666666856e+01
9.995833333333332860e+01
9.997499999999999432e+01
9.995833333333332860e+01
9.996666666666666856e+01
9.996666666666666856e+01
9.997499999999999432e+01
9.996666666666666856e+01
9.997499999999999432e+01
9.997499999999999432e+01
9.997499999999999432e+01
9.998333333333333428e+01
9.996666666666666856e+01
9.997499999999999432e+01
9.997499999999999432e+01
9.997499999999999432e+01
9.997499999999999432e+01
9.997499999999999432e+01
9.998333333333333428e+01
9.998333333333333428e+01
9.998333333333333428e+01
9.998333333333333428e+01
9.998333333333333428e+01
9.998333333333333428e+01
9.998333333333333428e+01
9.998333333333333428e+01
9.998333333333333428e+01
9.998333333333333428e+01
9.998333333333333428e+01
9.998333333333333428e+01
9.998333333333333428e+01
9.998333333333333428e+01
9.998333333333333428e+01
9.998333333333333428e+01
9.998333333333333428e+01
9.998333333333333428e+01
9.998333333333333428e+01
9.998333333333333428e+01
9.998333333333333428e+01
9.998333333333333428e+01
9.998333333333333428e+01
9.998333333333333428e+01
9.998333333333333428e+01
9.998333333333333428e+01
9.998333333333333428e+01
9.998333333333333428e+01
9.998333333333333428e+01
9.998333333333333428e+01
9.998333333333333428e+01
9.998333333333333428e+01
9.998333333333333428e+01
9.998333333333333428e+01
9.998333333333333428e+01
9.998333333333333428e+01
9.998333333333333428e+01
9.998333333333333428e+01
9.998333333333333428e+01
9.998333333333333428e+01
9.998333333333333428e+01
9.998333333333333428e+01
9.998333333333333428e+01
9.998333333333333428e+01
9.998333333333333428e+01
9.998333333333333428e+01
9.998333333333333428e+01
9.998333333333333428e+01
9.998333333333333428e+01
9.998333333333333428e+01
9.998333333333333428e+01
9.998333333333333428e+01
9.998333333333333428e+01
9.998333333333333428e+01
9.998333333333333428e+01
9.998333333333333428e+01
9.998333333333333428e+01
9.998333333333333428e+01
9.998333333333333428e+01
9.998333333333333428e+01
9.998333333333333428e+01
9.998333333333333428e+01
9.998333333333333428e+01
9.998333333333333428e+01
9.998333333333333428e+01
9.998333333333333428e+01
9.998333333333333428e+01
9.998333333333333428e+01
9.998333333333333428e+01
9.998333333333333428e+01
9.998333333333333428e+01
9.998333333333333428e+01
9.998333333333333428e+01
9.998333333333333428e+01
9.998333333333333428e+01
9.998333333333333428e+01
9.998333333333333428e+01
9.998333333333333428e+01
9.998333333333333428e+01
9.998333333333333428e+01
9.998333333333333428e+01
9.998333333333333428e+01
9.998333333333333428e+01
9.998333333333333428e+01
9.998333333333333428e+01
9.998333333333333428e+01
9.998333333333333428e+01
9.998333333333333428e+01
9.998333333333333428e+01
9.998333333333333428e+01
9.998333333333333428e+01
9.998333333333333428e+01
9.998333333333333428e+01
9.998333333333333428e+01
9.998333333333333428e+01
9.998333333333333428e+01
9.998333333333333428e+01
9.998333333333333428e+01
9.998333333333333428e+01
9.998333333333333428e+01
9.998333333333333428e+01
9.998333333333333428e+01
9.998333333333333428e+01
9.998333333333333428e+01
9.998333333333333428e+01
9.998333333333333428e+01
9.998333333333333428e+01
9.998333333333333428e+01
9.998333333333333428e+01
9.998333333333333428e+01
9.998333333333333428e+01
9.998333333333333428e+01
9.998333333333333428e+01
9.998333333333333428e+01
9.998333333333333428e+01
9.998333333333333428e+01
9.998333333333333428e+01
9.998333333333333428e+01
9.998333333333333428e+01
9.998333333333333428e+01
9.998333333333333428e+01
9.998333333333333428e+01
9.998333333333333428e+01
9.998333333333333428e+01
9.998333333333333428e+01
9.998333333333333428e+01
9.998333333333333428e+01
9.998333333333333428e+01
9.998333333333333428e+01
9.998333333333333428e+01
9.998333333333333428e+01
9.998333333333333428e+01
9.998333333333333428e+01
9.998333333333333428e+01
9.998333333333333428e+01
9.998333333333333428e+01
9.998333333333333428e+01
9.998333333333333428e+01
9.998333333333333428e+01
9.998333333333333428e+01
9.998333333333333428e+01
9.998333333333333428e+01
9.998333333333333428e+01
9.998333333333333428e+01
9.998333333333333428e+01
9.998333333333333428e+01
9.998333333333333428e+01
9.998333333333333428e+01
9.998333333333333428e+01
9.998333333333333428e+01
9.998333333333333428e+01
9.998333333333333428e+01
9.998333333333333428e+01
9.998333333333333428e+01
9.998333333333333428e+01
9.998333333333333428e+01
9.998333333333333428e+01
9.998333333333333428e+01
9.998333333333333428e+01
9.998333333333333428e+01
9.998333333333333428e+01
9.998333333333333428e+01
9.998333333333333428e+01
9.998333333333333428e+01
9.998333333333333428e+01
9.998333333333333428e+01
9.998333333333333428e+01
9.998333333333333428e+01
9.998333333333333428e+01
9.998333333333333428e+01
9.998333333333333428e+01
9.998333333333333428e+01
9.998333333333333428e+01
9.998333333333333428e+01
9.998333333333333428e+01
9.998333333333333428e+01
9.998333333333333428e+01
9.998333333333333428e+01
9.998333333333333428e+01
9.998333333333333428e+01
9.998333333333333428e+01
9.998333333333333428e+01
9.998333333333333428e+01
9.998333333333333428e+01
9.998333333333333428e+01
9.998333333333333428e+01
9.998333333333333428e+01
9.998333333333333428e+01
9.998333333333333428e+01
9.998333333333333428e+01
9.998333333333333428e+01
9.998333333333333428e+01
9.998333333333333428e+01
9.998333333333333428e+01
9.998333333333333428e+01
9.998333333333333428e+01
9.998333333333333428e+01
9.998333333333333428e+01
9.998333333333333428e+01
9.998333333333333428e+01
9.998333333333333428e+01
9.998333333333333428e+01
9.998333333333333428e+01
9.998333333333333428e+01
9.998333333333333428e+01
9.998333333333333428e+01
9.998333333333333428e+01
9.998333333333333428e+01
9.998333333333333428e+01
9.998333333333333428e+01
9.998333333333333428e+01
9.998333333333333428e+01
9.998333333333333428e+01
9.998333333333333428e+01
9.998333333333333428e+01
9.998333333333333428e+01
9.998333333333333428e+01
9.998333333333333428e+01
9.998333333333333428e+01
9.998333333333333428e+01
9.998333333333333428e+01
9.998333333333333428e+01
9.998333333333333428e+01
9.998333333333333428e+01
9.998333333333333428e+01
9.998333333333333428e+01
9.998333333333333428e+01
9.998333333333333428e+01
9.998333333333333428e+01
9.998333333333333428e+01
9.998333333333333428e+01
9.998333333333333428e+01
9.998333333333333428e+01
9.998333333333333428e+01
9.998333333333333428e+01
9.998333333333333428e+01
9.998333333333333428e+01
9.998333333333333428e+01
9.998333333333333428e+01
9.998333333333333428e+01
9.998333333333333428e+01
9.998333333333333428e+01
9.998333333333333428e+01
9.998333333333333428e+01
9.998333333333333428e+01
9.998333333333333428e+01
9.998333333333333428e+01
9.998333333333333428e+01
9.998333333333333428e+01
9.998333333333333428e+01
9.998333333333333428e+01
9.998333333333333428e+01
9.998333333333333428e+01
9.998333333333333428e+01
9.998333333333333428e+01
9.998333333333333428e+01
9.998333333333333428e+01
9.998333333333333428e+01
9.998333333333333428e+01
9.998333333333333428e+01
9.998333333333333428e+01
9.998333333333333428e+01
9.998333333333333428e+01
9.998333333333333428e+01
9.998333333333333428e+01
9.998333333333333428e+01
9.998333333333333428e+01
9.998333333333333428e+01
9.998333333333333428e+01
9.998333333333333428e+01
9.998333333333333428e+01
9.998333333333333428e+01
9.998333333333333428e+01
9.998333333333333428e+01
9.998333333333333428e+01
9.998333333333333428e+01
9.998333333333333428e+01
9.998333333333333428e+01
9.998333333333333428e+01
9.998333333333333428e+01
9.998333333333333428e+01
9.998333333333333428e+01
9.998333333333333428e+01
9.998333333333333428e+01
9.998333333333333428e+01
9.998333333333333428e+01
9.998333333333333428e+01
9.998333333333333428e+01
9.998333333333333428e+01
9.998333333333333428e+01
9.998333333333333428e+01
9.998333333333333428e+01
9.998333333333333428e+01
9.998333333333333428e+01
9.998333333333333428e+01
9.998333333333333428e+01
9.998333333333333428e+01
9.998333333333333428e+01
9.998333333333333428e+01
9.998333333333333428e+01
9.998333333333333428e+01
9.998333333333333428e+01
9.998333333333333428e+01
9.998333333333333428e+01
9.998333333333333428e+01
9.998333333333333428e+01
9.998333333333333428e+01
9.998333333333333428e+01
9.998333333333333428e+01
9.998333333333333428e+01
9.998333333333333428e+01
9.998333333333333428e+01
9.998333333333333428e+01
9.998333333333333428e+01
9.998333333333333428e+01
9.998333333333333428e+01
9.998333333333333428e+01
9.998333333333333428e+01
9.998333333333333428e+01
9.998333333333333428e+01
9.998333333333333428e+01
9.998333333333333428e+01
9.998333333333333428e+01
9.998333333333333428e+01
9.998333333333333428e+01
9.998333333333333428e+01
9.998333333333333428e+01
9.998333333333333428e+01
9.998333333333333428e+01
9.998333333333333428e+01
9.998333333333333428e+01
9.998333333333333428e+01
9.998333333333333428e+01
9.998333333333333428e+01
