1.334284122465362876e-01
1.263504592573236607e-01
9.218568452271788671e-02
1.042753600351179338e-01
7.918923828742480131e-02
1.186178916079746598e-01
9.847074183672692438e-02
7.920457279904925818e-02
7.862688691168552568e-02
7.200273611557114761e-02
7.466914064573411391e-02
7.575772558409858692e-02
7.728688262742899884e-02
7.347812881612318658e-02
7.582300264546001922e-02
7.731034478141270150e-02
7.145292205131641150e-02
7.487749864639310637e-02
7.199374171579318860e-02
7.139839963622865437e-02
7.319434612393241335e-02
7.117041021957713764e-02
7.114731266673608723e-02
6.629393029049263086e-02
6.554874998045176482e-02
6.077251772553272230e-02
6.599856921773528118e-02
6.326547171274944648e-02
5.052367602643913908e-02
4.615262920693840448e-02
4.747004483724269475e-02
3.785297341689868728e-02
2.938585104157431446e-02
2.006619680852897089e-02
1.432902776844773018e-02
1.146320218293401388e-02
7.763593283102958667e-03
6.379827366084383534e-03
4.241191597426515435e-03
2.890206430193585380e-03
2.008859065685577195e-03
1.397166659675799696e-03
9.413271198152060914e-04
6.744826442175405438e-04
4.517851336805074310e-04
3.254772411258880426e-04
2.463185517730120283e-04
1.731894000447057203e-04
1.236085145111332829e-04
8.333593828796746490e-05
5.974252621704815116e-05
4.547997369211604669e-05
3.815203568573046991e-05
2.987146733003166640e-05
1.920527379727802531e-05
1.791648948559100218e-05
1.588841462999333483e-05
1.441416206432203136e-05
1.036906401262481456e-05
9.605359736418512230e-06
8.551427810624287701e-06
7.627353193342258015e-06
7.442918113295987494e-06
6.191789005833626516e-06
5.363576388012825021e-06
5.068383904322068707e-06
6.575426147102628051e-06
7.212093072456984667e-06
5.802076508187002657e-06
4.426641816254130387e-06
3.939537378601653427e-06
3.855684871829938189e-06
3.563565499850767897e-06
4.750348712847840762e-06
3.542993104186468136e-06
4.018722258711904313e-06
4.414614994153055485e-06
4.110732361663446449e-06
3.636168763456341853e-06
3.901294828453787426e-06
3.465431357962250209e-06
3.757250380994044416e-06
3.630227286408042106e-06
4.159434353697057225e-06
3.953706226014332935e-06
3.651024092724325408e-06
3.286673411168286832e-06
3.613578994668228361e-06
4.080522563417446576e-06
4.012426074495812684e-06
4.522393838901367555e-06
3.742206710758328613e-06
3.742848126182712907e-06
4.129098246077752310e-06
4.600787798161017634e-06
4.369202589711009193e-06
4.623725876442499899e-06
4.484326997953904775e-06
3.573466067561588359e-06
3.524101707257383041e-06
3.903228943905309472e-06
4.730457845553534482e-06
6.342449225746104512e-06
4.351836168910040664e-06
4.040955399399137629e-06
3.980494784285576285e-06
3.974022252206016435e-06
4.210279745747926552e-06
4.008866570051582112e-06
4.005515628668228063e-06
3.813282794630805799e-06
3.872612319341969536e-06
4.099004010281945920e-06
3.994835954598075608e-06
4.111694323798765415e-06
4.076747508694430896e-06
4.249936293302845623e-06
4.050362702503487204e-06
4.157160350639586256e-06
4.620745946063770661e-06
3.932593435403602151e-06
3.624541676049983170e-06
3.386631832721243644e-06
3.451010119997820526e-06
3.371910156747629667e-06
3.309146587937769991e-06
3.125632403445561881e-06
3.094330282074621603e-06
3.034500114254565281e-06
3.016151751235139329e-06
2.885005374408896392e-06
3.226356060188050626e-06
3.085456722333356873e-06
3.092438534707989999e-06
2.996983745384064716e-06
3.033820667270439596e-06
3.108987956026174740e-06
2.980195584983789738e-06
2.803224495847564597e-06
2.745230658579553102e-06
2.746874439181313796e-06
2.740944369049144214e-06
2.794978466197396739e-06
2.848542930475643308e-06
2.977140007092511047e-06
2.971997206112518917e-06
2.891547333646825952e-06
2.731369668547320390e-06
2.805626583014519683e-06
2.901702996656299721e-06
3.013744396079796166e-06
2.916762720688074133e-06
2.816693893427280521e-06
2.750184954734797056e-06
2.759074502194834116e-06
2.753929532422729991e-06
2.765197129711115367e-06
2.805545740299118652e-06
3.032831504452108425e-06
3.391202821350499476e-06
2.906441946025781290e-06
2.806622698175014703e-06
2.789309505139526852e-06
2.811790141618816479e-06
2.891779859125274786e-06
2.885417672927452887e-06
2.991174810236670899e-06
3.435401063551894384e-06
3.390751721586178028e-06
2.929440732312657450e-06
2.911750767806489755e-06
2.860178367677102188e-06
2.829253842178585270e-06
2.837524359774486160e-06
2.876049176960363577e-06
2.946445813658634955e-06
2.885734249902238532e-06
2.926121277443026421e-06
2.733464488207296591e-06
2.844861545849766976e-06
2.882783518529480176e-06
2.700607572765547075e-06
2.657823106474675943e-06
2.625724673045748825e-06
2.611730127849701987e-06
2.617206376873652603e-06
2.643486431794592489e-06
2.570183379607261562e-06
2.568864311692246474e-06
2.537301241288805192e-06
2.746451689697896563e-06
2.506680110008461990e-06
2.473303209654037541e-06
2.428260803995117932e-06
2.417049175814246081e-06
2.420766900183549891e-06
2.419196590534612655e-06
2.433986304604143906e-06
2.538344023332565926e-06
2.635128528669013005e-06
2.497264688825715267e-06
2.399462851996203588e-06
2.505201109456950412e-06
2.420012584021340604e-06
2.512901792201356511e-06
2.402338157306009381e-06
2.423689401669039737e-06
2.427508311219551176e-06
2.464413901850782331e-06
2.476901459910408643e-06
2.502729321659710489e-06
2.463624366760875816e-06
2.519269136972376057e-06
2.504048264286152117e-06
2.931472368745776026e-06
2.403812094584883240e-06
2.442423165805723331e-06
2.382911667436228486e-06
2.380209571657537472e-06
2.336588249776360159e-06
2.426911027914358393e-06
2.469381279280251420e-06
2.425075545363062879e-06
2.368275626061785274e-06
2.384680104575733849e-06
2.386768956911212424e-06
2.409578821912079061e-06
2.501834494719157548e-06
3.363413944422715213e-06
2.532309844146685790e-06
2.669649938771988707e-06
2.491003509192923482e-06
2.509030258852229810e-06
2.452432283452993982e-06
2.460860570245259161e-06
2.456045767962974787e-06
2.466476192000671748e-06
2.494468175939133241e-06
2.505388156970111067e-06
2.481820120054934146e-06
2.573209469772558559e-06
2.773404320233270749e-06
2.784949583701752592e-06
2.547350711460237458e-06
2.490931749815111263e-06
2.468956418986830313e-06
2.443333215175577930e-06
2.450211301119990769e-06
2.445018326671719231e-06
2.434061986434466999e-06
2.462786678418537732e-06
2.531812050403088086e-06
2.462038704990988843e-06
2.440637603127983829e-06
2.421314910747859462e-06
2.420103599034582189e-06
2.386567486672845864e-06
