1.250805431451469107e-01
9.176450437191177589e-02
1.042445443803129979e-01
7.901391864985643498e-02
1.187767967216905585e-01
9.834525232495108793e-02
7.921198693276378100e-02
7.861460390265860576e-02
7.174076403180836004e-02
7.467156948541547878e-02
7.572793217549560196e-02
7.735485913017070558e-02
7.347016283736540476e-02
7.582370020180695391e-02
7.730245035935506825e-02
7.146075065232228296e-02
7.479643071937921994e-02
7.198892712513114966e-02
7.126863421819307209e-02
7.342142596732376125e-02
7.115137622562839326e-02
7.113505863104378768e-02
6.635715117102060356e-02
6.551486024222410998e-02
6.085740044785756253e-02
6.573559464841506605e-02
6.259534511884061458e-02
5.107806088926674509e-02
4.628361481098727803e-02
4.821481165663797641e-02
3.850390079316368119e-02
3.137392385034826897e-02
2.088740751809289517e-02
1.519090110955808454e-02
1.229069542093140337e-02
8.197401231022185750e-03
6.891687162045218029e-03
4.533012426935493361e-03
3.048800874856474104e-03
2.145572352201293841e-03
1.492582137232009937e-03
9.987770738649061168e-04
7.258322930294777839e-04
4.832544014703969303e-04
3.422957553649741847e-04
2.694338270412740275e-04
1.954389670836787440e-04
1.351934192248439176e-04
9.438462503700615724e-05
6.715413947991328387e-05
5.126661116273429220e-05
4.540053605134294809e-05
3.534282125057109633e-05
2.622124458402547593e-05
2.101542041952113792e-05
2.454589363861055904e-05
1.729879558613104886e-05
1.477682518411566616e-05
1.200844013039009316e-05
1.277357925545263472e-05
9.808678598030424019e-06
1.146317231171515059e-05
8.054139423095811351e-06
8.253823520700031489e-06
7.060514428923064981e-06
1.896223829587925070e-05
1.036141435023183904e-05
1.444745275637260926e-05
5.942038235734744250e-06
6.655969850848339067e-06
6.025669204183941101e-06
6.167005372676519284e-06
5.693125385455256320e-06
6.662108317384006324e-06
6.130253671121482908e-06
1.111040350700321500e-05
5.961814367083805816e-06
7.251149343582279110e-06
6.956402993655450359e-06
5.680920526452801182e-06
7.366059516941023722e-06
5.825788274320561110e-06
7.659712052925650948e-06
6.079903317170463768e-06
6.083390982049642658e-06
6.210265141426994535e-06
5.835755105627128984e-06
1.011959287901807204e-05
6.490568642434276037e-06
1.220787498489754696e-05
6.152793613366518995e-06
6.903925624366482221e-06
7.023298815593791054e-06
8.679277644509443589e-06
7.855046561107852695e-06
8.231123830260881171e-06
8.751681377165610286e-06
6.748733220085790126e-06
6.803373330193439008e-06
8.261812268101556144e-06
9.214331303059242933e-06
2.322927452093944550e-05
8.011364199786892242e-06
9.845131335938962108e-06
8.208248669458415793e-06
8.771380332226734426e-06
9.108567945379402573e-06
8.469494521202074004e-06
7.866820641588135235e-06
8.873473021868952579e-06
7.991189019001588941e-06
1.041402923571622820e-05
8.129684711356813031e-06
9.046982689719337798e-06
8.666261654091241077e-06
9.135956618803980206e-06
8.659467448377763490e-06
9.877407953872731949e-06
9.216990790038857487e-06
1.074294014593242438e-05
7.323685807901047120e-06
7.263371193770097576e-06
7.027530219702706669e-06
6.769400883996866155e-06
6.481231244560718164e-06
6.295435141929985637e-06
6.159668945713717562e-06
5.965398651090116647e-06
5.909767741619234788e-06
5.778595280175031590e-06
5.984258230633737264e-06
7.043162022187981441e-06
5.891459342862742388e-06
6.988814298682779592e-06
5.841102689607323239e-06
7.601751553717117278e-06
5.874877899188257993e-06
5.960442343322958950e-06
5.699801238646371354e-06
5.750105067101721109e-06
5.714040785257119267e-06
5.802810779924362799e-06
5.605404332260048205e-06
6.622524275453558808e-06
6.082620437951840911e-06
6.511306249122844271e-06
5.280314264958484849e-06
5.314187209826877331e-06
5.799221014020323381e-06
5.696144941043777893e-06
6.995726168516798358e-06
5.403858343363025008e-06
5.471655497217576809e-06
5.486255980711750221e-06
5.551888092059190398e-06
5.395990925516834616e-06
5.261938695488044970e-06
6.540845257872906703e-06
7.216416145879439231e-06
6.387241800306430715e-06
5.414117146809437086e-06
5.535271790683723005e-06
5.614521950540542113e-06
5.659220476707220115e-06
5.984549652995440060e-06
5.769094633836559249e-06
9.748600020173971888e-06
7.045124950244505993e-06
6.867240889061473063e-06
5.781338782833301162e-06
5.836998728672649001e-06
5.888026246611591581e-06
5.878176651570984916e-06
6.022390666747946137e-06
5.938476939136228596e-06
6.218576032820533033e-06
6.186281067048983489e-06
5.874560469904389052e-06
8.444531716369128128e-06
6.634225948528873443e-06
6.889948797592090187e-06
5.803910673851983532e-06
5.852298089160844797e-06
5.820834928799009455e-06
5.929750397619667196e-06
5.738333235138826307e-06
5.985917484526512339e-06
5.667404161996623518e-06
6.767025432626973470e-06
6.686400312377904086e-06
6.968395615940643572e-06
5.610216852346418498e-06
5.821795454970417403e-06
5.837363347879362850e-06
5.903078243040847557e-06
5.983447920860798443e-06
6.032994184989144492e-06
6.504649632236967622e-06
6.038802331397367490e-06
5.866225092790666945e-06
6.556845691247664274e-06
6.049536245003756945e-06
7.288181889162855426e-06
5.896991923114883145e-06
6.095595376094817593e-06
5.862286337842569573e-06
5.919182361024863676e-06
6.007553792372902836e-06
6.154204426932436790e-06
6.150342505218302978e-06
6.247784341144082399e-06
5.936239116823509181e-06
7.978650106193893048e-06
8.087346351759358001e-06
6.462911219740941781e-06
5.812719968545731327e-06
5.990406452286112872e-06
5.926069752735761901e-06
5.815930804576904841e-06
6.195439667021754358e-06
5.828006431796931872e-06
6.153817558326160001e-06
6.058817242824991443e-06
6.025031063020768021e-06
6.020513068076933218e-06
5.924558688837008371e-06
6.874569016391692228e-06
1.138959994088247743e-05
7.344845500284091307e-06
6.681218717120175029e-06
6.528166834612197503e-06
6.170033307575922284e-06
6.034933151936854965e-06
6.241824744600855607e-06
6.113357143658049583e-06
6.160636432836113801e-06
6.166684832804950450e-06
6.258625209973685507e-06
6.071643540300974942e-06
6.850110062941411198e-06
7.089530415052884878e-06
1.081947319443143230e-05
6.220221266494723174e-06
7.473885748080119257e-06
6.014451407361839970e-06
6.387113067634496583e-06
6.361273365169038370e-06
6.408741477299766386e-06
6.542380952307336345e-06
6.390860647495202730e-06
6.702028671999324267e-06
6.632869372323338648e-06
6.101679749050204149e-06
6.988595022028668928e-06
6.054880126020199565e-06
6.256112227187040657e-06
6.187927104866289962e-06
