3.895833333333333570e+01
3.754166666666666430e+01
5.277777777777777857e+01
5.637500000000000000e+01
6.091666666666666430e+01
6.423611111111111427e+01
7.256944444444444287e+01
7.366666666666667140e+01
7.850000000000000000e+01
8.025000000000000000e+01
8.083333333333332860e+01
8.179166666666667140e+01
8.277777777777777146e+01
8.327777777777777146e+01
8.395833333333332860e+01
8.436111111111111427e+01
8.508333333333332860e+01
8.520833333333332860e+01
8.573611111111111427e+01
8.604166666666667140e+01
8.644444444444444287e+01
8.669444444444444287e+01
8.697222222222222854e+01
8.740277777777777146e+01
8.781944444444444287e+01
8.809722222222222854e+01
8.858333333333332860e+01
8.866666666666667140e+01
8.901388888888888573e+01
8.936111111111111427e+01
8.930555555555555713e+01
8.961111111111111427e+01
8.995833333333332860e+01
9.012500000000000000e+01
9.022222222222222854e+01
9.025000000000000000e+01
9.040277777777777146e+01
9.080555555555555713e+01
9.090277777777777146e+01
9.112500000000000000e+01
9.115277777777777146e+01
9.131944444444444287e+01
9.143055555555555713e+01
9.147222222222222854e+01
9.152777777777777146e+01
9.162500000000000000e+01
9.193055555555555713e+01
9.195833333333332860e+01
9.223611111111111427e+01
9.230555555555555713e+01
9.226388888888888573e+01
9.244444444444444287e+01
9.248611111111111427e+01
9.254166666666667140e+01
9.263888888888888573e+01
9.276388888888888573e+01
9.293055555555555713e+01
9.293055555555555713e+01
9.304166666666667140e+01
9.301388888888888573e+01
9.301388888888888573e+01
9.322222222222222854e+01
9.316666666666667140e+01
9.322222222222222854e+01
9.312500000000000000e+01
9.341666666666667140e+01
9.327777777777777146e+01
9.344444444444444287e+01
9.340277777777777146e+01
9.363888888888888573e+01
9.359722222222222854e+01
9.355555555555555713e+01
9.363888888888888573e+01
9.380555555555555713e+01
9.381944444444444287e+01
9.408333333333332860e+01
9.412500000000000000e+01
9.388888888888888573e+01
9.413888888888888573e+01
9.406944444444444287e+01
9.418055555555555713e+01
9.440277777777777146e+01
9.441666666666667140e+01
9.438888888888888573e+01
9.433333333333332860e+01
9.452777777777777146e+01
9.445833333333332860e+01
9.437500000000000000e+01
9.447222222222222854e+01
9.444444444444444287e+01
9.443055555555555713e+01
9.461111111111111427e+01
9.465277777777777146e+01
9.461111111111111427e+01
9.470833333333332860e+01
9.477777777777777146e+01
9.483333333333332860e+01
9.479166666666667140e+01
9.484722222222222854e+01
9.487500000000000000e+01
9.493055555555555713e+01
9.501388888888888573e+01
9.505555555555555713e+01
9.515277777777777146e+01
9.511111111111111427e+01
9.519444444444444287e+01
9.506944444444444287e+01
9.509722222222222854e+01
9.512500000000000000e+01
9.520833333333332860e+01
9.518055555555555713e+01
9.519444444444444287e+01
9.520833333333332860e+01
9.526388888888888573e+01
9.540277777777777146e+01
9.543055555555555713e+01
9.550000000000000000e+01
9.548611111111111427e+01
9.551388888888888573e+01
9.565277777777777146e+01
9.561111111111111427e+01
9.558333333333332860e+01
9.566666666666667140e+01
9.587500000000000000e+01
9.576388888888888573e+01
9.588888888888888573e+01
9.587500000000000000e+01
9.586111111111111427e+01
9.590277777777777146e+01
9.597222222222222854e+01
9.601388888888888573e+01
9.602777777777777146e+01
9.611111111111111427e+01
9.602777777777777146e+01
9.606944444444444287e+01
9.605555555555555713e+01
9.609722222222222854e+01
9.608333333333332860e+01
9.611111111111111427e+01
