1.140165717475528917e-01
6.885807127427999441e-02
7.239024966411573836e-02
5.737941634428008614e-02
4.920735442645689239e-02
4.321721957282392834e-02
3.742777578374739678e-02
3.169132899969490796e-02
2.935803936595315564e-02
2.597094127174994632e-02
2.445323358801447522e-02
2.300545741801375901e-02
2.202257583918487346e-02
2.108404349072415251e-02
2.030675395825998208e-02
1.952837193708654301e-02
1.886704280868994540e-02
1.820043371422467443e-02
1.776534925880531024e-02
1.714845707561141186e-02
1.673780198032042213e-02
1.624745213134533989e-02
1.592030484047334687e-02
1.560292742414591538e-02
1.530253701959537367e-02
1.491054784945957182e-02
1.458708283648317040e-02
1.425580406021182724e-02
1.399819117349620015e-02
1.373581327647100184e-02
1.348223074882025363e-02
1.326755803124643820e-02
1.302993339274167647e-02
1.281086050839726556e-02
1.256323203248065762e-02
1.235024213952826480e-02
1.218065997425458145e-02
1.201648881381233748e-02
1.184836175327383043e-02
1.168494900995720523e-02
1.154376023627878486e-02
1.141909828363753092e-02
1.125210679241247895e-02
1.110821490547863645e-02
1.096805670646036623e-02
1.086341276588499195e-02
1.078068945054818338e-02
1.064916210679768202e-02
1.054763985339346108e-02
1.042318366202507444e-02
1.029644089451580910e-02
1.019310599796138458e-02
1.006593304210280648e-02
9.981209710291373896e-03
9.896134458772330028e-03
9.797595639990294356e-03
9.717794702337755747e-03
9.609880295440393835e-03
9.534602962694687517e-03
9.459398470997795391e-03
9.376760973037657002e-03
9.277716088623613744e-03
9.185622826195423765e-03
9.102332232428903686e-03
9.014008594584420331e-03
8.956389386488169957e-03
8.923706093021057870e-03
8.855298771712339159e-03
8.767453390397307936e-03
8.696701380225090386e-03
8.635180655579761597e-03
8.576802404544038583e-03
8.501814890952584178e-03
8.437846296463753434e-03
8.372796300025388272e-03
8.309247961908503011e-03
8.251849610055216749e-03
8.233471892279594848e-03
8.194344040467890430e-03
8.128196125276545073e-03
8.066894504184714612e-03
8.005723008898939924e-03
7.939983024786019875e-03
7.881145238717086887e-03
7.829976881483522236e-03
7.795340773199457146e-03
7.742591876858659523e-03
7.694965387332735121e-03
7.637218684237966938e-03
7.593826172454082833e-03
7.538882986531621373e-03
7.490436118282434684e-03
7.433261150198170776e-03
7.380840874544511085e-03
7.329471571076736844e-03
7.301349609479233088e-03
7.274666564377283567e-03
7.244229367831519183e-03
7.196039328307654061e-03
7.146644863518871599e-03
7.094594120894412610e-03
7.049348491412498786e-03
7.003136477259907025e-03
6.962530665320575303e-03
6.909749404014550733e-03
6.868334189145395771e-03
6.824638865087166890e-03
6.808210289435956408e-03
6.789958981876176303e-03
6.729942424939004166e-03
6.729074692068026838e-03
6.698579224338092886e-03
6.654769551304009004e-03
6.611532767311733942e-03
6.577353364002720519e-03
6.533815595191646078e-03
6.492155678118219017e-03
6.449170071642775642e-03
6.408450743399893290e-03
6.358338119904579158e-03
6.328372126264594777e-03
6.277276594342968107e-03
6.286232090017713874e-03
6.233161755111458688e-03
6.201287845398618936e-03
6.169282683305077342e-03
6.122387701332334189e-03
6.082523824344521733e-03
6.032438580871952311e-03
5.990391025168920192e-03
5.955879449543802218e-03
5.917136184435515395e-03
5.918305613931827691e-03
5.879006281919429630e-03
5.850199090644739482e-03
5.820415085691398212e-03
5.789724799528214901e-03
5.754348461229682327e-03
5.719379527496675809e-03
