3.616666666666666430e+01
3.545833333333332860e+01
5.275000000000000000e+01
5.350000000000000000e+01
5.904166666666666430e+01
6.208333333333333570e+01
6.979166666666667140e+01
7.133333333333332860e+01
7.454166666666667140e+01
7.558333333333332860e+01
7.633333333333332860e+01
7.654166666666667140e+01
7.662500000000000000e+01
7.725000000000000000e+01
7.750000000000000000e+01
7.779166666666667140e+01
7.816666666666667140e+01
7.829166666666667140e+01
7.808333333333332860e+01
7.879166666666667140e+01
7.887500000000000000e+01
7.883333333333332860e+01
7.916666666666667140e+01
7.941666666666667140e+01
7.920833333333332860e+01
7.937500000000000000e+01
7.945833333333332860e+01
7.979166666666667140e+01
7.920833333333332860e+01
7.937500000000000000e+01
7.945833333333332860e+01
7.937500000000000000e+01
7.916666666666667140e+01
7.929166666666667140e+01
7.920833333333332860e+01
7.945833333333332860e+01
7.941666666666667140e+01
7.933333333333332860e+01
7.962500000000000000e+01
7.958333333333332860e+01
7.970833333333332860e+01
7.987500000000000000e+01
8.000000000000000000e+01
7.970833333333332860e+01
8.004166666666667140e+01
7.970833333333332860e+01
7.962500000000000000e+01
7.983333333333332860e+01
7.958333333333332860e+01
7.979166666666667140e+01
7.970833333333332860e+01
7.958333333333332860e+01
7.945833333333332860e+01
7.950000000000000000e+01
7.950000000000000000e+01
7.962500000000000000e+01
7.945833333333332860e+01
7.954166666666667140e+01
7.983333333333332860e+01
7.991666666666667140e+01
7.970833333333332860e+01
7.962500000000000000e+01
7.975000000000000000e+01
7.975000000000000000e+01
7.962500000000000000e+01
7.979166666666667140e+01
7.962500000000000000e+01
7.970833333333332860e+01
7.975000000000000000e+01
7.975000000000000000e+01
7.975000000000000000e+01
7.954166666666667140e+01
7.970833333333332860e+01
7.966666666666667140e+01
7.987500000000000000e+01
7.983333333333332860e+01
7.979166666666667140e+01
7.979166666666667140e+01
7.987500000000000000e+01
7.991666666666667140e+01
8.008333333333332860e+01
8.008333333333332860e+01
8.020833333333332860e+01
8.025000000000000000e+01
8.020833333333332860e+01
8.029166666666667140e+01
8.037500000000000000e+01
8.020833333333332860e+01
8.041666666666667140e+01
8.000000000000000000e+01
7.995833333333332860e+01
7.983333333333332860e+01
7.987500000000000000e+01
7.987500000000000000e+01
8.000000000000000000e+01
7.983333333333332860e+01
7.970833333333332860e+01
7.987500000000000000e+01
7.975000000000000000e+01
7.979166666666667140e+01
7.979166666666667140e+01
7.995833333333332860e+01
7.983333333333332860e+01
7.975000000000000000e+01
7.987500000000000000e+01
8.004166666666667140e+01
7.970833333333332860e+01
8.004166666666667140e+01
7.958333333333332860e+01
8.004166666666667140e+01
7.975000000000000000e+01
7.983333333333332860e+01
7.983333333333332860e+01
7.987500000000000000e+01
8.004166666666667140e+01
7.983333333333332860e+01
7.991666666666667140e+01
7.979166666666667140e+01
7.983333333333332860e+01
7.970833333333332860e+01
7.970833333333332860e+01
7.941666666666667140e+01
7.975000000000000000e+01
7.950000000000000000e+01
7.970833333333332860e+01
7.970833333333332860e+01
7.966666666666667140e+01
7.970833333333332860e+01
7.958333333333332860e+01
7.945833333333332860e+01
7.941666666666667140e+01
7.941666666666667140e+01
7.950000000000000000e+01
7.950000000000000000e+01
7.945833333333332860e+01
7.945833333333332860e+01
7.950000000000000000e+01
7.958333333333332860e+01
7.925000000000000000e+01
