7.159338028957028255e-02
7.535740212596821197e-02
5.791985286371369862e-02
5.220919025792022938e-02
4.511449884713557984e-02
4.023532155162651280e-02
3.499036977808395871e-02
3.321412093571544932e-02
3.077283034658391189e-02
2.948015013555336725e-02
2.821596890835277593e-02
2.768184419844234648e-02
2.734396396461262826e-02
2.697421640328069581e-02
2.671493265646437618e-02
2.621818537284356307e-02
2.578222026308453485e-02
2.538619946477858533e-02
2.527048217061715271e-02
2.506543669620549600e-02
2.478670445692758226e-02
2.479883315340815700e-02
2.461798301019619412e-02
2.448242268359416760e-02
2.458809030406303858e-02
2.452064524244569263e-02
2.452124715336425481e-02
2.442959721808340284e-02
2.447853323137692827e-02
2.443457081665878494e-02
2.447144176463575058e-02
2.453029938576843649e-02
2.462356057258255349e-02
2.444519481293719668e-02
2.458828400740026981e-02
2.439901389446304594e-02
2.453313607138282032e-02
2.439830038118696517e-02
2.437080294030132335e-02
2.449501389260650211e-02
2.448408613831540293e-02
2.440618522723774983e-02
2.445407173594810885e-02
2.452338725387445684e-02
2.447291809777761909e-02
2.452078409243266949e-02
2.448826571664238991e-02
2.443508861766298737e-02
2.441555680991882096e-02
2.443803527803628181e-02
2.445575101118638642e-02
2.444413141218081467e-02
2.457260300491155569e-02
2.443045306250174464e-02
2.455601141667262607e-02
2.451576724572357077e-02
2.456043619086464153e-02
2.452485302290203367e-02
2.459871535101722240e-02
2.446550934969011007e-02
2.459369840018396994e-02
2.458524620534327521e-02
2.463423568315481135e-02
2.465710055132881370e-02
2.470638676140593862e-02
2.479718229404898056e-02
2.472602536274761190e-02
2.477325468041505219e-02
2.478449963337436487e-02
2.482997044449627641e-02
2.488194856039822531e-02
2.483129083525327865e-02
2.486869061609078141e-02
2.490068181905789879e-02
2.492047105771796195e-02
2.505218723931570274e-02
2.501071439553817152e-02
2.502138519486638360e-02
2.504663690384286226e-02
2.503030587052201827e-02
2.503177635833723005e-02
2.507453503934351652e-02
2.506728518337518821e-02
2.508018363049446461e-02
2.522956860005866331e-02
2.518660083466658234e-02
2.515796121663725279e-02
2.514987283096957460e-02
2.515422652163300243e-02
2.515675001368678290e-02
2.521164142732221572e-02
2.523703409534939004e-02
2.523893623656716517e-02
2.524179095883523696e-02
2.527526263076386795e-02
2.538292104920131936e-02
2.530599939634722503e-02
2.527111330843387696e-02
2.526080205018235714e-02
2.529609475464883808e-02
2.534459649449261401e-02
2.531911070571058950e-02
2.536865452676180868e-02
2.541477069896228014e-02
2.545994868562368937e-02
2.554820974210055690e-02
2.557292271299365857e-02
2.558495629348214381e-02
2.570806626570697195e-02
2.554103533824134478e-02
2.570626643032951700e-02
2.557666449886282847e-02
2.568215404901891957e-02
2.565063012065031678e-02
2.563621614166018345e-02
2.567506057958892501e-02
2.567709027157262167e-02
2.571424353066381618e-02
2.574641217936915819e-02
2.588645814384238353e-02
2.583990811827398260e-02
2.600816276206123490e-02
2.582439199853571801e-02
2.595110643678716009e-02
2.585454105891204710e-02
2.586033762410153494e-02
2.590816149993815931e-02
2.592197608700815004e-02
2.593970644082350258e-02
2.597778417361034861e-02
2.594812435951332832e-02
2.605568148145809629e-02
2.596640515185550876e-02
2.606086150007828894e-02
2.603191716544063158e-02
2.603878485306550250e-02
2.606561008170789340e-02
2.608119103526906901e-02
2.613905813003688725e-02
