8.643630789983948404e+00
3.528281483411146002e+00
5.544138334542079605e+00
1.198141240963327192e+00
2.106785491406169886e+00
1.099325548680158970e+00
8.452334603163607074e-01
6.783179512194074112e-01
5.423537578433494932e-01
5.027880771317199127e-01
4.077975507452223924e-01
3.778013858704561967e-01
3.371970959370575449e-01
3.170397302469329381e-01
2.996577929239321869e-01
2.772994503522377419e-01
2.616963462803661433e-01
2.448885157673901525e-01
2.336375375734640880e-01
2.218896900559565455e-01
2.117068983781630054e-01
2.030170562843912896e-01
1.985958469484443434e-01
1.927063141062681784e-01
1.851941781689410427e-01
1.788860400100663606e-01
1.720074936732445547e-01
1.688661323899947053e-01
1.642210381391113472e-01
1.599617383101365198e-01
1.546396808889792807e-01
1.497716285529914482e-01
1.449070471044822117e-01
1.405584574311894153e-01
1.370437309411605686e-01
1.322663814324339659e-01
1.293440562629990520e-01
1.272894618434727565e-01
1.240596492602385470e-01
1.205649077404599284e-01
1.172505456497196924e-01
1.131739178963417497e-01
1.095963734230082226e-01
1.060289364688573599e-01
1.050773168917658734e-01
1.020000650881352222e-01
1.003206915339674571e-01
9.775629895798018665e-02
9.541976349121543410e-02
9.279112495329382149e-02
9.051236237666025752e-02
8.883377058027745743e-02
8.767679869101410728e-02
8.602300086693268066e-02
8.428548777889005583e-02
8.253613667839025669e-02
8.156813935804135829e-02
7.982818829414968509e-02
7.858651844338278292e-02
7.809988220834621075e-02
7.738456841505100825e-02
7.665315750442974752e-02
7.570843133240055811e-02
7.456632340293806172e-02
7.342246081682239633e-02
7.265801147984499164e-02
7.189293572328121773e-02
7.143491983775471232e-02
7.069129851469235781e-02
7.007413654241229084e-02
6.958711384809876388e-02
6.896949659749521122e-02
6.844273144889642668e-02
6.781982819419835051e-02
6.712364064935305574e-02
6.643675854863062558e-02
6.578001758538888633e-02
6.530423839476592884e-02
6.489119634830049776e-02
6.439897373926505020e-02
6.392019740350202150e-02
6.352078530209506746e-02
6.329110960589236223e-02
6.297238802196943042e-02
6.255830002993799377e-02
6.227910223023847697e-02
6.186248805220587177e-02
6.140851136575816577e-02
6.111869028350402216e-02
6.082904614725471309e-02
6.075210760303641211e-02
6.040390720674043701e-02
6.013778487051003180e-02
5.979288446471014290e-02
5.949552626405194000e-02
5.921323105171551887e-02
5.894154661931624156e-02
5.870224978287056500e-02
5.841671442262327124e-02
5.807633245379525272e-02
5.767788944811568647e-02
5.726298873174831550e-02
5.686201828580222939e-02
5.658357992166817424e-02
5.647387212550733504e-02
5.636976628681820978e-02
5.612851329979650500e-02
5.586967930409917488e-02
5.566542530376476783e-02
5.546403776517343232e-02
5.527419106686604078e-02
5.506615342084771741e-02
5.481410976204562080e-02
5.451242008638545328e-02
5.421617820298697127e-02
5.401248194112000245e-02
5.373127939136310843e-02
5.340529048473412199e-02
5.311615538563559114e-02
5.288850197718596852e-02
5.284620618269261771e-02
5.260202564570331391e-02
5.243570211160913236e-02
5.217936271030827050e-02
5.194053875827077393e-02
5.171218905991387810e-02
5.147477020551845250e-02
5.127823531739321428e-02
5.104259614734669298e-02
5.081877394193778236e-02
5.054380697868429001e-02
5.027874464609504573e-02
5.004331161867732469e-02
4.988614462523063842e-02
4.972673263037936942e-02
4.946689928107642076e-02
4.919124689428606978e-02
4.891442423208935963e-02
4.861731818777334513e-02
4.841145791875908766e-02
4.834364632609379486e-02
4.817017873513138038e-02
4.804391404893242762e-02
4.782057986557437801e-02
4.760299398318217079e-02
4.741374623219032219e-02
4.720818511010051177e-02
4.698046839680423969e-02
4.671558341281605020e-02
4.653650901148576047e-02
4.640614908160682617e-02
4.629155321378396193e-02
4.612946015967706037e-02
4.598081825764022135e-02
4.575013818505810348e-02
4.550006282775452549e-02
4.523249170585045414e-02
4.500447365853742915e-02
4.473707840120097479e-02
4.456712916154524640e-02
4.439700979021143218e-02
4.413426384819230802e-02
4.393462844451016813e-02
4.378295281357565821e-02
4.357733714593486213e-02
4.330760185592794770e-02
4.301413681545224188e-02
4.279712549774856989e-02
4.251862678037408860e-02
4.251741250740728728e-02
4.234822684412753446e-02
4.222598456213613044e-02
4.208167388181152657e-02
4.198482332243062831e-02
4.177712368098736306e-02
4.157129075431795912e-02
4.136237220807848641e-02
4.117490613057145366e-02
4.108836602066249372e-02
4.098423009840596043e-02
4.091090986887315623e-02
4.076258070863214567e-02
4.058135055966886895e-02
4.042727568344611083e-02
4.025512835568476055e-02
4.009242100992754104e-02
3.989403661940314066e-02
3.971436807711467565e-02
3.964478157914198136e-02
3.959407005132847129e-02
3.953279141815647935e-02
3.941684688361465211e-02
3.931882597631233822e-02
3.919625565005090129e-02
3.906724980669129543e-02
3.889335834619879473e-02
3.874688782752438304e-02
3.858259394992831492e-02
3.843500771913654912e-02
3.825014583194304152e-02
3.807014991127168069e-02
3.792763647744525068e-02
3.784848073175352268e-02
3.777859224212680445e-02
3.769372171842200192e-02
3.758065927996642741e-02
3.743584612708909798e-02
3.730859610669266108e-02
3.713178553488724609e-02
3.695310413943096034e-02
3.679261807255994332e-02
3.661694995557851495e-02
3.653393197765869571e-02
3.646936033963114887e-02
3.641790331485390830e-02
3.631199019312082721e-02
3.620024665869320951e-02
3.607588701738235343e-02
3.592351199870982836e-02
3.579910544262866756e-02
3.562473492436032257e-02
3.545918371846522310e-02
3.524829852530621949e-02
3.519647793233186134e-02
3.520344644521362226e-02
3.498538034141851494e-02
3.488127210303510611e-02
3.480329210055231604e-02
3.477331131502640199e-02
3.461746397627270266e-02
3.450621045008267496e-02
3.437563814595468586e-02
3.422802997966655630e-02
3.406043755392441225e-02
3.387892684395747700e-02
3.373270496357259896e-02
3.381012449551016458e-02
3.373541075520024995e-02
3.355713840939406056e-02
3.340205770015876319e-02
3.324014903619704892e-02
3.305112654668933975e-02
3.289784950807062014e-02
3.268863288726110705e-02
3.282700227107938906e-02
3.253716942261476036e-02
3.232366722946387882e-02
3.212436819841594376e-02
3.187954881721245803e-02
3.201200779701581650e-02
3.167319061316469647e-02
3.149558227850803721e-02
3.149427357864008348e-02
3.140373422294834294e-02
3.127214259851484462e-02
3.109284387691092430e-02
3.088932826919548597e-02
3.075853977837661457e-02
3.069202259588607595e-02
3.060438434896611826e-02
3.046386980559466148e-02
3.037715942990929299e-02
3.028027655529113085e-02
3.021251596382974400e-02
3.011342498305995263e-02
2.998199956057337121e-02
2.994472836803411739e-02
2.974248292834500221e-02
2.975065610648996994e-02
2.965199264866589732e-02
2.951488532291044603e-02
2.937361347675776502e-02
2.923453001494854403e-02
2.917214290027601506e-02
2.903711137462002337e-02
2.898095481955531225e-02
2.886229016007474044e-02
2.886324788132754726e-02
2.874203501452080728e-02
2.860907828099582342e-02
2.847442810668660007e-02
2.832630489677322866e-02
2.823045951259659653e-02
2.814805567870100680e-02
2.814059487299652024e-02
2.803468246346669038e-02
2.790818423784434052e-02
2.781999033617096537e-02
2.778058336682473831e-02
2.768125967151333425e-02
2.756069133299845694e-02
2.743226625542516048e-02
2.728647328569691957e-02
2.722686240615070780e-02
2.710214685841735860e-02
2.698247727950212754e-02
2.687646244055950928e-02
2.686212280763366350e-02
2.675065503337549500e-02
2.662275306581942183e-02
2.654884336221413274e-02
2.649649273556143464e-02
2.640581991201548101e-02
2.628009510289699979e-02
2.613413585117827995e-02
2.597498666624857913e-02
2.588184218250794491e-02
2.581125748380666204e-02
2.573628584038236203e-02
2.568153551207736501e-02
2.559857647177537013e-02
2.550409878556542803e-02
2.540841826713096177e-02
2.527252982643523119e-02
2.511762803977191788e-02
2.504130274679306281e-02
2.497133860134847019e-02
2.483104221627143587e-02
2.493158054740513344e-02
2.471475845849268119e-02
2.460000592705235967e-02
2.453178494311346672e-02
2.446666821614514042e-02
2.438300399701680277e-02
2.429872985627004600e-02
2.416373691494037509e-02
2.403745857618014986e-02
2.393978937443900362e-02
2.383315093240189267e-02
2.379419819226162233e-02
2.364945222045632470e-02
2.363932634149362721e-02
2.352921044000826425e-02
2.341500762084686854e-02
2.336350339927371900e-02
2.327178720547752946e-02
2.320680992297253706e-02
2.306169519400297005e-02
2.296411448055353868e-02
2.288181024517783185e-02
2.277594103875876103e-02
2.268479491525398142e-02
2.285090652860906693e-02
2.263677639024891733e-02
2.253938279740257816e-02
2.246299171870077063e-02
2.239390960095964667e-02
2.232312843309491868e-02
2.255836209874449369e-02
2.227140231866768169e-02
2.221909471440009984e-02
2.215041777828320041e-02
2.208182783783427250e-02
2.200075200375604251e-02
2.191263077273206822e-02
2.184245441808708652e-02
2.175751262291827567e-02
2.168011087412936161e-02
2.161950633573214708e-02
2.159781815158948529e-02
2.152425580208755171e-02
2.142186682734749728e-02
2.139359151164227715e-02
2.128760200646028639e-02
2.122761566566203420e-02
2.104531188989047091e-02
2.104230158510675755e-02
2.114812552608249727e-02
2.095314274776094790e-02
2.098376788328297840e-02
2.091519818775002676e-02
2.076234112412367674e-02
2.076550793690876834e-02
2.061123589938262252e-02
2.064973696470826653e-02
2.058632860982488252e-02
2.047668125595749136e-02
2.045246429870706262e-02
2.037446800695659130e-02
2.030725956079013073e-02
2.026207857855491859e-02
2.018807120349967732e-02
2.016822601673315049e-02
2.025861351571361935e-02
2.023368673309754520e-02
2.032191272317077774e-02
1.999518766944718626e-02
2.000946100472595843e-02
1.994680378971871657e-02
1.989041943442404134e-02
1.983708505193195262e-02
1.981321384524747931e-02
1.977066665211944449e-02
1.972141422971655442e-02
1.966343063126916452e-02
1.960371380589472426e-02
1.959041157659053428e-02
1.956415330653957577e-02
1.950243582813595070e-02
1.948238396621848612e-02
1.951200207951498886e-02
1.940395307480149989e-02
1.936259158483191398e-02
1.938104464002066499e-02
1.928770337368838905e-02
1.923503388035664036e-02
1.918297548232660368e-02
1.925241378172785553e-02
1.920119610240211133e-02
1.911354593612228300e-02
1.911958367113565996e-02
1.905941112379431687e-02
1.913691472569212584e-02
1.902527262941180325e-02
1.899621727720773520e-02
1.898076418614878108e-02
1.897777372187089973e-02
1.892202426432524134e-02
1.890837375880220078e-02
1.886841803782417573e-02
1.883850207314529887e-02
1.877287877069983360e-02
1.873448187890197278e-02
1.873237816580993961e-02
1.868918940621667676e-02
1.865566599477285620e-02
1.871598718529947358e-02
1.860573532249140682e-02
1.861204395178792104e-02
1.856469361500833956e-02
1.852609033549256282e-02
1.844888530308767469e-02
1.847301527629540904e-02
1.846448234839623975e-02
1.842578278669591840e-02
1.839602162942454225e-02
1.837020707220260798e-02
1.835341857582822173e-02
1.833793743082912445e-02
1.830937961662449862e-02
1.828241177592514893e-02
1.826073402835390325e-02
1.823992635329368950e-02
1.820932468365481921e-02
1.818319133040504840e-02
1.814879278376139646e-02
1.811395867381122501e-02
1.813244496892420232e-02
1.809219334255651387e-02
1.806912341130794547e-02
1.806122797926579260e-02
1.803579819176750337e-02
1.800846730822684011e-02
1.798162887149446290e-02
1.796136915416395030e-02
1.793224612929469192e-02
1.790953459685003940e-02
1.789295315051442695e-02
1.786659668836316703e-02
1.784118667245401801e-02
1.781283981794788349e-02
1.778118335389340318e-02
1.774401842272920610e-02
1.777600029752188227e-02
1.778076021748483879e-02
1.770331541290167190e-02
1.770195176728393480e-02
1.767924954387830455e-02
1.765639021272247949e-02
1.763118852975831263e-02
1.760249549107495079e-02
1.757324808317912643e-02
1.754192087855731969e-02
1.762233349399338136e-02
1.750632035141800810e-02
1.749243167649933497e-02
1.746765368338534796e-02
1.744540147102808733e-02
1.743127159516813865e-02
1.742976594637235532e-02
1.740613172581487178e-02
1.738450018078726775e-02
1.734910293173553761e-02
1.732696016730165406e-02
1.729980317716979521e-02
1.727941965317195822e-02
1.732020558890389611e-02
1.724333037350350359e-02
1.722025691621828503e-02
1.719842873585397669e-02
1.723933515157229091e-02
1.717554012826425988e-02
1.721124872483962773e-02
1.715989520315887307e-02
1.715085630664469132e-02
1.718927169125213789e-02
1.709145712274818402e-02
1.713559872125224037e-02
1.711164251722600838e-02
1.708375930016492808e-02
1.703055229203094545e-02
1.705908070785610089e-02
1.706548787007048859e-02
1.702657788210380427e-02
1.705001531850556737e-02
1.699039404313236815e-02
1.696555444877067068e-02
1.688754578174838164e-02
1.694645572817234103e-02
1.692316949399509662e-02
1.690245727848858556e-02
1.689103400685748602e-02
1.686907589314237330e-02
1.686333488555245147e-02
1.683645696779623169e-02
1.684770192738578934e-02
1.679841640515102388e-02
1.681978289892564413e-02
1.677552065829746378e-02
1.675957242285712467e-02
1.674972285998415147e-02
1.672156883008778586e-02
1.673664819286499114e-02
1.671935698672842238e-02
1.671639379792860119e-02
1.669289469502727163e-02
1.668411512280922396e-02
1.667439015314770706e-02
1.666244103185101147e-02
1.664864948518848808e-02
1.663473240229589728e-02
1.661869061122764682e-02
1.660978987753685548e-02
1.660984489569524922e-02
1.659894091805984295e-02
1.658916865986671818e-02
1.657646513940915639e-02
1.656644259997525417e-02
1.655094688504691464e-02
1.653500941577711741e-02
1.651922148380475727e-02
1.655722443603486679e-02
1.650415058215382036e-02
1.649358673417402818e-02
1.648653017396843959e-02
1.648999469333478629e-02
1.646918542957203843e-02
1.645521034682439349e-02
1.643994823382874740e-02
1.642164372023823676e-02
1.639954640583894674e-02
1.638861731580234377e-02
1.636427711667500992e-02
1.634825889545296271e-02
1.633334670681745038e-02
1.640267965990178239e-02
1.631792051631112198e-02
1.630089884311123477e-02
1.639916390516052425e-02
1.634678601535640222e-02
1.633587205791972585e-02
1.625907119516204272e-02
1.632268679807304460e-02
1.631011446685185287e-02
1.629798216121742041e-02
1.628696311470057348e-02
1.627057061882023967e-02
1.627175432130444077e-02
1.625740390119078879e-02
1.624531439267707864e-02
1.623207815444230664e-02
1.621870609661727955e-02
1.620376373379017743e-02
1.618774971827772330e-02
1.617563698647875997e-02
1.617410630933181770e-02
1.616007242897098128e-02
1.617088981472223144e-02
1.615559848093860509e-02
1.614302639290681948e-02
1.613217619425763583e-02
1.611707972614515386e-02
1.612008968369437606e-02
1.610695533528420584e-02
1.609544115308340559e-02
1.608313204684171799e-02
1.606790416777375413e-02
1.605230364514297764e-02
1.603125690066020334e-02
1.600771778606373957e-02
1.600392630273885300e-02
1.603535900931338937e-02
1.600948591816586317e-02
1.597676999424961844e-02
1.596023376087738269e-02
1.594573235353766161e-02
1.593482796052465497e-02
1.591842087650208529e-02
1.595359113910238893e-02
1.590221704441576248e-02
1.589011399528342597e-02
1.587763353164216296e-02
1.586285280172573461e-02
1.584642603035152364e-02
1.582765209297320314e-02
1.580776000699060310e-02
1.579751879193578429e-02
1.578927506883979690e-02
1.578302084306326680e-02
1.578088932049415485e-02
1.577147083122324919e-02
1.576889868371309303e-02
1.575999381518734463e-02
1.574953362022219264e-02
1.573860727667869552e-02
1.572786924996295507e-02
1.571540868173051247e-02
1.570260582551399886e-02
1.569528612074765767e-02
1.568159975376925280e-02
1.566774285198206315e-02
1.565535073322586040e-02
1.564017296526103162e-02
1.563142156131236415e-02
1.561552979907759181e-02
1.559605742935240257e-02
1.558057187272622775e-02
1.556631118843022736e-02
1.558242178232183313e-02
1.554969367308477526e-02
1.553516257344880920e-02
1.552087506900778034e-02
1.552700803096786729e-02
1.556004348560133255e-02
1.551583771133542740e-02
1.550941815179760451e-02
1.549966087028290668e-02
1.548544322852031356e-02
1.552211942849764797e-02
1.546467706906835306e-02
1.545421177661837793e-02
1.544265736582170132e-02
1.542987316754091363e-02
1.541632358810989846e-02
1.540121715508545319e-02
1.538754040217701728e-02
1.537884646917375177e-02
1.537760390059364837e-02
1.537003295010162633e-02
1.536113570993797098e-02
1.535704002568339006e-02
1.534640154750690176e-02
1.533467494926987751e-02
1.532174554953831189e-02
1.530121527734194797e-02
1.539550819689962900e-02
1.533137473009866733e-02
1.528915863101469770e-02
1.532338329124788637e-02
1.530697643923004808e-02
1.527650829288549998e-02
1.529269925313170644e-02
1.525680497194581951e-02
1.528174635209863554e-02
1.525271368173323171e-02
1.524472016007917367e-02
1.523166698821156601e-02
1.522955231142701128e-02
1.522209534172545668e-02
1.521783325059457986e-02
1.521315070082202014e-02
1.520648307310057921e-02
1.520034154702944867e-02
1.519294145397755147e-02
1.518795407818280228e-02
1.517914845984614722e-02
1.517340802776235079e-02
1.516889043878179126e-02
1.516030763277076074e-02
1.515222111855223444e-02
1.515672989603127942e-02
1.516851262949191204e-02
1.514382579714317577e-02
1.513892524366285477e-02
1.513232134938539107e-02
1.512577793274597765e-02
1.511836034110571221e-02
1.511917728214451535e-02
1.511025251705470571e-02
1.510340537244701450e-02
1.509688208924592386e-02
1.509456302328499554e-02
1.508940559314879068e-02
1.508349024337668487e-02
1.507638040481808564e-02
1.506800829567252892e-02
1.505807290905704365e-02
1.504724601472271286e-02
1.503823014034127298e-02
1.510004080845699266e-02
1.503244120178818047e-02
1.502583952901328374e-02
1.501898369401318684e-02
1.501356313849420455e-02
1.500692118845311715e-02
1.499723927314606034e-02
1.495628994860375913e-02
1.493140260277479002e-02
1.492427220324602649e-02
1.491926428920557594e-02
1.488304144270410391e-02
1.487681229039197403e-02
1.487172886931174484e-02
1.486756059330039161e-02
1.486104058861396730e-02
1.485607123557024928e-02
1.484950947653785984e-02
1.484143803630887798e-02
1.483228495432228553e-02
1.482332392233768649e-02
1.481393779278503305e-02
1.482476142613329932e-02
1.481075577586493316e-02
1.480653788407102975e-02
1.480089603170357641e-02
1.479350460414079367e-02
1.478594769358419249e-02
1.477984554896138308e-02
1.477872008949361951e-02
1.476390007304749161e-02
1.475606818385950120e-02
1.475075244309893667e-02
1.474745353152970978e-02
1.474129327449328133e-02
1.473458321971538205e-02
1.472524838160277003e-02
1.473445537353784349e-02
1.472381041596378635e-02
1.471646922184744778e-02
1.470934133275614113e-02
1.470246078712955304e-02
1.469735573095783815e-02
1.469478539198609129e-02
1.469287290692208349e-02
1.468653066070031363e-02
1.468259889774582022e-02
1.467690438530117915e-02
1.466970842393199026e-02
1.466105513445424731e-02
1.465345690516536674e-02
1.464607755722903068e-02
1.463710324829332540e-02
1.463115681161319959e-02
1.462440342487968288e-02
1.462804070372869698e-02
1.461788068140217056e-02
1.461496852390166065e-02
1.460782311868720658e-02
1.460670129552174047e-02
1.460154884841032008e-02
1.459460476850693751e-02
1.457780331354543123e-02
1.457032280459414665e-02
1.456897719840235042e-02
1.456611466777943224e-02
1.456346298946659470e-02
1.455894742138311160e-02
1.455413174564161756e-02
1.455005237239142754e-02
1.454726688461753514e-02
1.454114346697591743e-02
1.453559078443808841e-02
1.453057972978525139e-02
1.452618487856285369e-02
1.452583624462315190e-02
1.451919797760100640e-02
1.451820305469850303e-02
1.451473869577551631e-02
1.451045359316731516e-02
1.450484914925192007e-02
1.449891701441590082e-02
1.449262327317554604e-02
1.448632257687347893e-02
1.447969225249728063e-02
1.447176965743917840e-02
1.446993184446555489e-02
1.446770289321010206e-02
1.446483113715860656e-02
1.445915131993316324e-02
1.445457200660223152e-02
1.444854587311562681e-02
1.444250422627881524e-02
1.443483170541584072e-02
1.442653217264047369e-02
1.441986625504690367e-02
1.442426181837541677e-02
1.442446737384179591e-02
1.446738643144875221e-02
1.440864452686089342e-02
1.439223734591316833e-02
1.445048857573696943e-02
1.443637197521663133e-02
1.440443816261978774e-02
1.442737446673097654e-02
1.439837111899296661e-02
1.441916315702401752e-02
1.439201860143328633e-02
1.440824512815637275e-02
1.438714666156652201e-02
1.437549238282609040e-02
1.442006761012884671e-02
1.437246606033922014e-02
1.441519328974099658e-02
1.436768600436654636e-02
1.440969941315904147e-02
1.436121895807355650e-02
1.440561452256753847e-02
1.436233500561755541e-02
1.436121624051745795e-02
1.435475475448969203e-02
1.435785609425674000e-02
1.435026590417797301e-02
1.439494304635164160e-02
1.434864582040774536e-02
1.435326898328345528e-02
1.434616458199312015e-02
1.438969218915022580e-02
1.434324397901960702e-02
1.438687629492885547e-02
1.434004659730035366e-02
1.438333293453049853e-02
1.433644957051585442e-02
1.437915121299978595e-02
1.433212517621449376e-02
1.437955531472469468e-02
1.433265052503994962e-02
1.437288535429185818e-02
1.432697819673505769e-02
1.436840816131071917e-02
1.432494313520882821e-02
1.436537071651204298e-02
1.431903804237204605e-02
1.436166944819354876e-02
1.431440614770298179e-02
1.435732170918223478e-02
1.431629664392963450e-02
1.431857525607681605e-02
1.430929965118224630e-02
1.431215782397728120e-02
1.430479634320613348e-02
1.430733757265964176e-02
1.416447219070304450e-02
1.420465057309085871e-02
1.416002565986276308e-02
1.416195757160022654e-02
1.415448640035614838e-02
1.415978973320259141e-02
1.415144857702516079e-02
1.419704580773932523e-02
1.414922543805686474e-02
1.419359155217251971e-02
1.414680684933735874e-02
1.419086901072366853e-02
1.414386118668945098e-02
1.418875305520845079e-02
1.414212284637664761e-02
1.418579009441539758e-02
1.413866990014454872e-02
1.418174442549086089e-02
1.413457793520702874e-02
1.413777767456463226e-02
1.413133668922436637e-02
1.413589892606659931e-02
1.413005737507266879e-02
1.417258115583394477e-02
1.412841655532109074e-02
1.417016938903686157e-02
1.412527124435639450e-02
1.416701067301606026e-02
1.412275545122483079e-02
1.416485172669298270e-02
1.411957474093057489e-02
1.416074681744622539e-02
1.411640474697495491e-02
1.415854529810791317e-02
1.411322572834213841e-02
1.415519991936840284e-02
1.411130104289406127e-02
1.415295631781750274e-02
1.410847686001407211e-02
1.414998410433588108e-02
1.410427258284175332e-02
1.414768690422609464e-02
1.410167768203112945e-02
1.410493261244531900e-02
1.409817769737481928e-02
1.410352038605536262e-02
1.409593504617862036e-02
1.414071740823396803e-02
1.409529721787244200e-02
1.409750885851103128e-02
1.409092232946067280e-02
1.413471726965650349e-02
1.408799801849847620e-02
1.409176916202182356e-02
1.408545323959083974e-02
1.408897798929877564e-02
1.408401717441811266e-02
1.412755446433462507e-02
1.408052349105907812e-02
1.408317696103283771e-02
1.407708931963220361e-02
1.408083608011873045e-02
1.407261734154694778e-02
1.407495891291280637e-02
1.406900558660784291e-02
1.406979844924908032e-02
1.406240835758700361e-02
1.407026134371514026e-02
1.405824815983922234e-02
1.410323512223979857e-02
1.407157794585268615e-02
1.406120813135842799e-02
1.405746518860534651e-02
1.405572021583107421e-02
1.404929586243068053e-02
1.409572429552063098e-02
1.404742142205980295e-02
1.405015920513061692e-02
1.404640247025443385e-02
1.404934960012955460e-02
1.404318315481821282e-02
1.408858654580586074e-02
1.404079088391829711e-02
1.408611205372712998e-02
1.403954121174088437e-02
1.404202908384825053e-02
1.403630624103531510e-02
1.408083953261216568e-02
1.403354333148869315e-02
1.407770289364267471e-02
1.402980491964607619e-02
1.403197029125005831e-02
1.402443480124220855e-02
1.406709270650084026e-02
1.402476999154544067e-02
1.406828619023803295e-02
1.402045532863223018e-02
1.406376649012421563e-02
1.401724202597284807e-02
1.402037109645957319e-02
1.401375100337492671e-02
1.405742907053863545e-02
1.401021494985394897e-02
1.405561206807931680e-02
1.401411494227891054e-02
1.401209030905166929e-02
1.400678416980058461e-02
1.404923410510142481e-02
1.400214237342980311e-02
1.404527110942659258e-02
1.400124984335401022e-02
1.404222991978962796e-02
1.399496057661160989e-02
1.404331447207760042e-02
1.399361679798323890e-02
1.399639775046752389e-02
1.399073795208855865e-02
1.403697275224116518e-02
1.398892870896746403e-02
1.399399551609598231e-02
1.398736337673024341e-02
1.403137824276825402e-02
1.398447835841380195e-02
1.402911195817323209e-02
1.398174226302005552e-02
1.402554943085993280e-02
1.397966553805096712e-02
1.398185431070856841e-02
1.397526369867147303e-02
1.397813888683429109e-02
1.397206603660751563e-02
1.401948972283124061e-02
1.397081244480252206e-02
1.397319960276468924e-02
1.396753847558681455e-02
1.396881690477178896e-02
1.396256258923167168e-02
1.396438303606448682e-02
1.395841647129929079e-02
1.395663761081158624e-02
1.396106333224775981e-02
1.395143306931219754e-02
1.396301844573148362e-02
1.397234431460676364e-02
1.395461748099114350e-02
1.395628498385222127e-02
1.395145326418227409e-02
1.394849870254036978e-02
1.394964623305341815e-02
1.394327757633395150e-02
1.394632332211510894e-02
1.393988978664108952e-02
1.394316309213505280e-02
1.393576467710269315e-02
1.394030181553170857e-02
1.393402367759742459e-02
1.394574684197231497e-02
1.393203856611983059e-02
1.393673563978115038e-02
1.392939319777958089e-02
1.393538104938314530e-02
1.392723891191534856e-02
1.393257073385588754e-02
1.392430395257294139e-02
1.392947826981680466e-02
1.392139465583888853e-02
1.393252986730564302e-02
1.391948322006729064e-02
1.392497616303968976e-02
1.391725867610947402e-02
1.392457238540382135e-02
1.391364770936400624e-02
1.391947450045551669e-02
1.391046237933723714e-02
1.391619888840506074e-02
1.390663791330257019e-02
1.391693715717650173e-02
1.390398663466710719e-02
1.391162838090205522e-02
1.390426171218656429e-02
1.391057771611504089e-02
1.390115910670522599e-02
1.390903373580398145e-02
1.389886618805938681e-02
1.390674241637656662e-02
1.389617158268138461e-02
1.390397164411522751e-02
1.389315030841510243e-02
1.389162622331194426e-02
1.392804081678208732e-02
1.388940277062304315e-02
1.392175337045305564e-02
1.388600932350274840e-02
1.391915810449699184e-02
1.388652073916898586e-02
1.391578409162418442e-02
1.388135276276520128e-02
1.391298877349163993e-02
1.387971397249797463e-02
1.391377983067712369e-02
1.387585549607540242e-02
1.390922277433500470e-02
1.387381657650290159e-02
1.390776635380392909e-02
1.387215035270410353e-02
1.390343844292100083e-02
1.386904489826884003e-02
1.390097697328705056e-02
1.386589393705308336e-02
1.389689017832545712e-02
1.386885746658675714e-02
1.389458190743586563e-02
1.386350854120494552e-02
1.389226043616508498e-02
1.386214176510616215e-02
1.389105597641381550e-02
1.385807551722925343e-02
1.388817326930873869e-02
1.385686273350489675e-02
1.388571768110304951e-02
1.385728201433743950e-02
1.388351659679931162e-02
1.385364494709676216e-02
1.388156893038133312e-02
1.384942376687030990e-02
1.387835924328651924e-02
1.384831836423391221e-02
1.387603668172968617e-02
1.384518358775297872e-02
1.387272351622619374e-02
1.384130144661908923e-02
1.386893293474321907e-02
1.383751710958767110e-02
1.387565565371316756e-02
1.384315805537438861e-02
1.386863813863920512e-02
1.383757635003811902e-02
1.386463077478284310e-02
1.383445076725015911e-02
1.386161731649357062e-02
1.383064491445753184e-02
1.385763112950551094e-02
1.382656448252325351e-02
1.385321923097293691e-02
1.382471256092874558e-02
1.385170789363042269e-02
1.381901444866955042e-02
1.386148204189728214e-02
1.381837807087651915e-02
1.384678627995661500e-02
1.381916061325968136e-02
1.384380055019148771e-02
1.381629630981277487e-02
1.384111425296880027e-02
1.381450583655913396e-02
1.383771829963482448e-02
1.381244601601367555e-02
1.383576879877170158e-02
1.381129278115822423e-02
1.382711326981452687e-02
1.380949462151417895e-02
1.381720215904620221e-02
1.380802822376533436e-02
1.381152187190309855e-02
1.380587263909169825e-02
1.380677964849620805e-02
1.380386534835966600e-02
1.380262208031393656e-02
1.380058469678367011e-02
1.379836875755705537e-02
1.379691333200818923e-02
1.379401155887328284e-02
1.379936995638142601e-02
1.379954087007701467e-02
1.379446614649461680e-02
1.379303345765922270e-02
1.379193257785894453e-02
1.379154248766802440e-02
1.379091232570414834e-02
1.378845731564853905e-02
1.378925477594287151e-02
1.378714589092324382e-02
1.378873802912735681e-02
1.378569754053596448e-02
1.378693541531684878e-02
1.378454291070167065e-02
1.378526667649630083e-02
1.378232662518362114e-02
1.378302483451329663e-02
1.377964346111942850e-02
1.378009846748040959e-02
1.377780442759217634e-02
1.377942246866981427e-02
1.377712156077476324e-02
1.377691174452734708e-02
1.377422055192403100e-02
1.377459572142520315e-02
1.377099864560885067e-02
1.377135402404123556e-02
1.376776340468191355e-02
1.376770205194569399e-02
1.376336250925863300e-02
1.377900726990642644e-02
1.376400708716840442e-02
1.376947508502506835e-02
1.376159551764275651e-02
1.376591432158683591e-02
1.376118451308551253e-02
1.376272053024051034e-02
1.375970025373434921e-02
1.376115262638214279e-02
1.375851511962909203e-02
1.376049067636623408e-02
1.375746083958640995e-02
1.375897448613308018e-02
1.375601731792053598e-02
1.375745958631789667e-02
1.375444469176595637e-02
1.375563239922017109e-02
1.375313201702163882e-02
1.375410994664620461e-02
1.375132986192668764e-02
1.375320012934140232e-02
1.375012765483462837e-02
1.375081342984826524e-02
1.374852490926813629e-02
1.374990934260315358e-02
1.374698147003904601e-02
1.374846086914829381e-02
1.374651900213034496e-02
1.374792768056451453e-02
1.374524046381704785e-02
1.374697026527177228e-02
1.374396185226888639e-02
1.374539842079719638e-02
1.374224795202960009e-02
1.374360061801006491e-02
1.374069460779594846e-02
1.374221713922691400e-02
1.373880802680097456e-02
1.373824330653640284e-02
1.377008515625142634e-02
1.373575008955195582e-02
1.376810787753536026e-02
1.373443658140419826e-02
1.376888208930505085e-02
1.373247789358755626e-02
1.376197453916610039e-02
1.372908342857820374e-02
1.375823331275623750e-02
1.372903441261684628e-02
1.375708891820804844e-02
1.372638741172181598e-02
1.375359553452656057e-02
1.372228960759884139e-02
1.375159727095637448e-02
1.372252495615568571e-02
1.375287229016319487e-02
1.371940561448820733e-02
1.375030682935945991e-02
1.371816818548608242e-02
1.374733411849634462e-02
1.371790585858920566e-02
1.374638248107309599e-02
1.371622607653434286e-02
1.374499342159243680e-02
1.371430187454976413e-02
1.374299085605498738e-02
1.371242929792671796e-02
1.374099569722198565e-02
1.371030560580704938e-02
1.373916289802968801e-02
1.371399029203459498e-02
1.373831662456105780e-02
1.370810238556375953e-02
1.373642245304341689e-02
1.370576716587920685e-02
1.373436882604871061e-02
1.370894573609112745e-02
1.373380461158376156e-02
1.370334876645514129e-02
1.373134465887232425e-02
1.370089953049065563e-02
1.372878057297988175e-02
1.370189407925129048e-02
1.372787780250454490e-02
1.369759041501931486e-02
1.372615060990207622e-02
1.369642144307013296e-02
1.372661459088418169e-02
1.369483974751745277e-02
1.372199777964554918e-02
1.369243392124051308e-02
1.371898673912379761e-02
1.369034917981132998e-02
1.371589758583034724e-02
1.369210545376009329e-02
1.371216938059740230e-02
1.368585050539098021e-02
1.370868609951278634e-02
1.368865647780779203e-02
1.370468567771340566e-02
1.368432028112764876e-02
1.369189473930951077e-02
1.368153694191435836e-02
1.368789863721498780e-02
1.368023551148757171e-02
1.368283586304453424e-02
1.367863324177713558e-02
1.367824931229684286e-02
1.367669231251791157e-02
1.367509856934299821e-02
1.368274009078775805e-02
1.367435278516171589e-02
1.367644415498428176e-02
1.367382340289346326e-02
1.367447673616487003e-02
1.367307272176140724e-02
1.367365614009295391e-02
1.367179621671986249e-02
1.367249432774210981e-02
1.367051784239047864e-02
1.367147715452182027e-02
1.366926346466625433e-02
1.371615853476578807e-02
1.366924896908216884e-02
1.366595311165969516e-02
1.370366944714596774e-02
1.366603181336657410e-02
1.370184152279573485e-02
1.366407935613331119e-02
1.370058462536220129e-02
1.366279528932356005e-02
1.369889380201030384e-02
1.366222208682269131e-02
1.369781402997998984e-02
1.365996806805241763e-02
1.369564622189015264e-02
1.365760030782593032e-02
1.369372327331816984e-02
1.365969154497342908e-02
1.369219964900017864e-02
1.365408835970264266e-02
1.368916649358982961e-02
1.365076908119423546e-02
1.368667622649112972e-02
1.365469631795418470e-02
1.368554562503756546e-02
1.364854434217182937e-02
1.368353521220549290e-02
1.364549026149279240e-02
1.368042385284590386e-02
1.365201871563146221e-02
1.367967708093590327e-02
1.364295826363094884e-02
1.367933004863005654e-02
1.364051944929525924e-02
1.367587987824107551e-02
1.364403842189931652e-02
1.367549584289258317e-02
1.363798820656603877e-02
1.367312487310935569e-02
1.363572153198809936e-02
1.367054569752643861e-02
1.363924782713973535e-02
1.366967065736604710e-02
1.363233384112456058e-02
1.366650179605241079e-02
1.362925716594321282e-02
1.366400062134558342e-02
1.362895457120991832e-02
1.366527982120072267e-02
1.362699377839415686e-02
1.366212792583694838e-02
1.362515125997566801e-02
1.365953977877567421e-02
1.362487046824297811e-02
1.365817942516574061e-02
1.362288770385305242e-02
1.365672238008191347e-02
1.362266532663772810e-02
1.365616829226156889e-02
1.362183658803548490e-02
1.365546581771427161e-02
1.362066127567715564e-02
1.365407126979923703e-02
1.361991085043388373e-02
1.365300959223838921e-02
1.361885094833313950e-02
1.365221768591272193e-02
1.361764125110103904e-02
1.365089030941278939e-02
1.361634896189833563e-02
1.364908857425880216e-02
1.361450795450888998e-02
1.364666424390258322e-02
1.361190845963020611e-02
1.364370710973521021e-02
1.361179415434061492e-02
1.364059877873579317e-02
1.360547447231600336e-02
