1.643194444444444002e+01
1.602777777777777146e+01
1.666388888888889142e+01
1.693055555555555713e+01
9.280555555555551450e+00
1.698888888888889426e+01
1.152083333333332860e+01
1.818055555555555713e+01
2.457500000000000284e+01
1.892638888888889426e+01
2.723472222222221717e+01
2.609444444444444855e+01
3.054722222222221717e+01
3.167499999999999716e+01
3.532083333333333997e+01
4.276527777777777573e+01
4.488055555555555287e+01
5.010972222222222427e+01
4.987222222222222001e+01
5.215555555555555856e+01
5.146666666666666856e+01
5.315972222222222143e+01
5.256250000000000000e+01
5.350694444444444287e+01
5.346944444444444144e+01
5.602499999999999858e+01
5.510416666666666430e+01
5.442638888888888715e+01
5.096249999999999858e+01
5.601666666666666572e+01
5.143888888888888999e+01
5.050555555555555287e+01
5.164583333333333570e+01
5.412083333333333002e+01
5.085416666666666430e+01
5.197916666666666430e+01
5.085277777777777430e+01
5.262222222222222001e+01
5.110416666666666430e+01
5.225277777777777999e+01
5.222500000000000142e+01
5.283333333333333570e+01
5.298749999999999716e+01
5.231944444444444287e+01
5.278611111111111143e+01
5.288888888888888573e+01
5.357777777777777573e+01
5.346388888888888857e+01
5.417222222222222427e+01
5.431527777777777999e+01
5.415972222222222143e+01
5.441388888888889142e+01
5.477083333333333570e+01
5.460000000000000142e+01
5.470555555555555571e+01
5.511249999999999716e+01
5.529027777777777430e+01
5.543611111111111001e+01
5.494861111111111285e+01
5.494444444444444287e+01
5.512361111111111001e+01
5.548194444444444429e+01
5.573333333333333428e+01
5.577222222222222570e+01
5.599583333333333002e+01
5.614027777777777573e+01
5.576111111111111285e+01
5.603750000000000142e+01
5.614027777777777573e+01
5.620972222222222570e+01
5.635555555555555429e+01
5.583472222222222570e+01
5.636249999999999716e+01
5.637916666666666998e+01
5.665694444444444144e+01
5.679583333333333428e+01
5.650694444444444287e+01
5.676666666666666572e+01
5.693333333333333002e+01
5.684444444444444144e+01
5.714722222222222570e+01
5.707500000000000284e+01
5.670416666666666572e+01
5.733611111111110858e+01
5.726666666666666572e+01
5.726805555555555571e+01
5.740694444444444144e+01
5.752916666666666856e+01
5.760416666666666430e+01
5.695416666666666572e+01
5.760277777777777430e+01
5.746666666666666856e+01
5.787083333333333002e+01
5.792499999999999716e+01
5.803888888888889142e+01
5.811111111111111427e+01
5.807083333333333286e+01
5.822638888888889142e+01
5.828055555555555856e+01
5.839861111111110858e+01
5.852777777777777857e+01
5.866944444444444429e+01
5.811944444444444713e+01
5.851527777777777573e+01
5.893472222222222001e+01
5.839444444444444571e+01
5.874722222222222001e+01
5.882083333333333286e+01
5.885138888888889142e+01
5.906250000000000000e+01
5.871805555555555856e+01
5.907777777777777573e+01
5.918194444444444713e+01
5.922916666666666430e+01
5.945138888888888573e+01
5.936805555555555713e+01
5.947222222222222143e+01
5.960000000000000142e+01
5.971944444444444144e+01
5.977499999999999858e+01
5.950972222222222285e+01
5.997083333333333144e+01
5.990555555555555856e+01
5.999305555555555713e+01
5.972777777777777430e+01
6.006527777777777999e+01
5.995972222222222570e+01
6.022638888888889142e+01
6.071388888888888857e+01
6.073194444444444429e+01
6.136805555555555713e+01
6.168888888888888999e+01
6.146388888888888857e+01
6.240138888888888857e+01
6.172361111111111143e+01
6.343611111111111001e+01
6.375416666666666998e+01
6.288888888888888573e+01
6.410555555555555429e+01
6.138194444444444287e+01
6.408611111111110858e+01
6.130972222222222001e+01
6.324166666666666714e+01
6.161805555555555713e+01
6.500416666666666288e+01
6.245555555555555571e+01
6.348055555555555429e+01
6.327361111111110858e+01
6.283888888888888857e+01
6.170416666666666572e+01
6.572638888888889142e+01
6.192222222222222427e+01
6.631388888888889710e+01
6.314305555555555571e+01
6.362777777777777999e+01
6.364722222222222570e+01
6.428333333333333144e+01
6.310000000000000142e+01
6.335555555555555429e+01
6.305694444444444713e+01
6.522361111111111143e+01
6.358749999999999858e+01
6.523888888888888005e+01
6.437222222222222001e+01
6.469583333333332575e+01
6.508194444444444571e+01
6.572499999999999432e+01
6.514027777777778283e+01
6.592499999999999716e+01
6.642222222222221717e+01
6.646666666666666856e+01
6.573194444444445139e+01
6.705555555555555713e+01
6.651250000000000284e+01
6.692222222222221717e+01
6.717222222222221717e+01
6.846527777777777146e+01
6.620000000000000284e+01
6.851388888888888573e+01
6.709027777777777146e+01
6.809861111111111143e+01
6.804027777777777430e+01
6.806666666666666288e+01
6.832083333333332575e+01
6.859583333333333144e+01
6.872638888888889142e+01
6.899305555555555713e+01
6.852777777777777146e+01
6.985277777777777430e+01
6.834722222222222854e+01
6.947638888888889142e+01
6.907638888888888573e+01
6.986944444444444002e+01
6.994444444444444287e+01
7.048055555555555429e+01
7.030833333333333712e+01
7.045416666666666572e+01
7.047638888888889142e+01
7.092499999999999716e+01
7.102083333333332860e+01
7.063055555555555998e+01
7.254305555555555429e+01
7.071944444444444855e+01
7.160277777777777430e+01
7.149583333333333712e+01
7.164861111111110858e+01
7.187916666666666288e+01
7.216388888888889142e+01
7.243611111111110290e+01
7.234861111111111143e+01
7.335416666666667140e+01
7.276111111111111995e+01
7.376666666666666572e+01
7.178472222222222854e+01
7.335833333333333428e+01
7.284166666666666856e+01
7.299305555555555713e+01
7.323611111111111427e+01
7.332500000000000284e+01
7.348472222222221717e+01
7.335277777777777430e+01
7.320416666666666572e+01
7.561527777777777715e+01
7.349166666666667425e+01
7.403611111111111143e+01
7.260833333333333428e+01
7.470138888888888573e+01
7.319027777777777999e+01
7.456388888888889710e+01
7.379166666666667140e+01
7.501527777777778283e+01
7.430694444444444002e+01
7.498749999999999716e+01
7.562638888888889710e+01
7.608611111111110858e+01
7.673333333333333428e+01
7.352222222222222570e+01
7.662638888888889710e+01
7.533333333333332860e+01
7.675555555555555998e+01
7.597777777777777430e+01
7.594861111111111995e+01
7.644027777777777999e+01
7.592361111111111427e+01
7.689583333333332860e+01
7.694861111111111995e+01
7.755555555555555713e+01
7.817777777777777715e+01
7.767222222222221717e+01
7.826805555555554861e+01
7.953194444444444855e+01
7.615277777777777146e+01
7.982222222222222285e+01
7.793055555555555713e+01
7.959583333333333144e+01
7.974027777777777715e+01
8.002222222222222570e+01
8.012777777777777999e+01
8.061944444444444002e+01
7.980833333333333712e+01
8.085416666666667140e+01
8.021527777777777146e+01
8.060833333333333428e+01
8.069583333333332575e+01
8.075277777777777999e+01
8.072083333333333144e+01
8.092499999999999716e+01
8.116249999999999432e+01
8.100416666666666288e+01
8.122222222222222854e+01
8.126666666666666572e+01
8.131944444444444287e+01
8.143888888888889710e+01
8.140694444444444855e+01
8.160416666666667140e+01
8.143888888888889710e+01
8.166805555555555429e+01
8.164166666666666572e+01
8.171944444444444855e+01
8.186111111111111427e+01
8.194166666666666288e+01
8.200694444444444287e+01
8.201527777777778283e+01
8.201527777777778283e+01
8.207222222222222285e+01
8.219305555555555998e+01
8.211111111111111427e+01
8.224722222222222001e+01
8.225138888888889710e+01
8.239027777777778283e+01
8.246250000000000568e+01
8.259444444444444855e+01
8.255694444444444002e+01
8.264583333333332860e+01
8.276666666666666572e+01
8.274722222222222001e+01
8.287500000000000000e+01
8.287916666666666288e+01
8.302777777777777146e+01
8.308611111111110858e+01
8.307638888888888573e+01
8.318333333333333712e+01
8.326111111111111995e+01
8.342499999999999716e+01
8.353749999999999432e+01
8.363472222222222285e+01
8.363611111111111995e+01
8.369305555555555998e+01
8.379583333333333428e+01
8.377361111111110858e+01
8.387638888888889710e+01
8.387916666666666288e+01
8.399583333333333712e+01
8.414166666666666572e+01
8.422361111111111143e+01
8.424444444444444002e+01
8.428472222222222854e+01
8.412638888888888289e+01
8.440000000000000568e+01
8.449861111111111711e+01
8.443472222222222001e+01
8.450833333333332575e+01
8.457638888888888573e+01
8.465555555555555145e+01
8.472083333333333144e+01
8.477916666666666856e+01
8.486527777777777715e+01
8.491527777777777430e+01
8.488055555555555998e+01
8.488055555555555998e+01
8.497638888888889142e+01
8.495138888888888573e+01
8.503888888888889142e+01
8.506111111111111711e+01
8.519166666666666288e+01
8.515833333333333144e+01
8.522499999999999432e+01
8.524305555555555713e+01
8.529027777777777430e+01
8.538194444444444287e+01
8.538750000000000284e+01
8.526527777777778283e+01
8.540277777777777146e+01
8.547777777777777430e+01
8.551111111111110574e+01
8.557777777777778283e+01
8.555694444444444002e+01
8.540416666666666856e+01
8.559722222222222854e+01
8.561666666666667425e+01
8.562777777777777999e+01
8.566249999999999432e+01
8.571666666666666856e+01
8.573333333333333428e+01
8.579166666666667140e+01
8.580277777777777715e+01
8.580277777777777715e+01
8.582500000000000284e+01
8.586249999999999716e+01
8.589166666666666572e+01
8.597638888888889142e+01
8.594166666666666288e+01
8.602361111111110858e+01
8.604999999999999716e+01
8.618611111111111711e+01
8.619305555555555998e+01
8.600277777777777999e+01
8.614444444444444571e+01
8.611944444444444002e+01
8.618472222222222001e+01
8.626388888888888573e+01
8.624722222222222001e+01
8.635833333333333428e+01
8.628055555555555145e+01
8.642361111111111427e+01
8.631111111111111711e+01
8.640972222222222854e+01
8.634583333333333144e+01
8.639722222222222570e+01
8.639861111111110858e+01
8.647222222222222854e+01
8.641805555555555429e+01
8.637638888888888289e+01
8.636944444444444002e+01
8.628888888888889142e+01
8.650138888888888289e+01
8.648055555555555429e+01
8.657777777777778283e+01
8.660138888888889142e+01
8.662083333333333712e+01
8.661527777777777715e+01
8.660694444444445139e+01
8.665138888888888857e+01
8.667777777777777715e+01
8.670138888888888573e+01
8.674444444444444002e+01
8.668333333333333712e+01
8.676666666666666572e+01
8.672638888888889142e+01
8.671666666666666856e+01
8.679722222222221717e+01
8.681250000000000000e+01
8.680972222222222001e+01
8.684583333333333144e+01
8.689861111111110858e+01
8.692083333333333428e+01
8.682500000000000284e+01
8.691249999999999432e+01
8.692222222222221717e+01
8.695555555555554861e+01
8.697777777777777430e+01
8.688750000000000284e+01
8.697638888888889142e+01
8.702361111111110858e+01
8.704305555555555429e+01
8.698333333333333428e+01
8.703472222222222854e+01
8.700694444444444287e+01
8.704583333333333428e+01
8.705277777777777715e+01
8.706388888888888289e+01
8.708611111111110858e+01
8.709166666666666856e+01
8.712777777777777999e+01
8.710277777777777430e+01
8.709722222222222854e+01
8.715694444444444855e+01
8.712916666666666288e+01
8.720138888888888573e+01
8.723888888888889426e+01
8.728749999999999432e+01
8.728472222222222854e+01
8.723333333333333428e+01
8.728055555555555145e+01
8.727083333333332860e+01
8.731111111111111711e+01
8.731250000000000000e+01
8.732777777777778283e+01
8.732777777777778283e+01
8.731388888888888289e+01
8.732222222222222285e+01
8.732777777777778283e+01
8.737500000000000000e+01
8.737916666666666288e+01
8.740000000000000568e+01
8.739861111111110858e+01
8.739722222222222570e+01
8.740972222222222854e+01
8.740555555555555145e+01
8.743750000000000000e+01
8.741805555555555429e+01
8.743750000000000000e+01
8.744583333333332575e+01
8.744583333333332575e+01
8.746527777777777146e+01
8.748194444444445139e+01
8.746944444444444855e+01
8.747916666666667140e+01
8.747638888888889142e+01
8.750555555555555998e+01
8.752222222222222570e+01
8.753749999999999432e+01
8.749305555555555713e+01
8.747499999999999432e+01
8.753194444444444855e+01
8.754166666666667140e+01
8.753055555555555145e+01
8.755277777777777715e+01
8.754583333333333428e+01
8.755555555555555713e+01
8.755833333333333712e+01
8.757777777777778283e+01
8.752222222222222570e+01
8.759861111111111143e+01
8.759583333333333144e+01
8.757083333333332575e+01
8.761805555555555713e+01
8.760416666666667140e+01
8.760694444444445139e+01
8.762222222222222001e+01
8.762638888888888289e+01
8.766111111111111143e+01
8.768194444444444002e+01
8.768888888888888289e+01
8.768472222222222001e+01
8.770972222222222570e+01
8.771250000000000568e+01
8.772222222222222854e+01
8.776111111111110574e+01
8.768611111111111711e+01
8.772499999999999432e+01
8.772222222222222854e+01
8.775555555555555998e+01
8.776666666666666572e+01
8.772083333333333144e+01
8.780138888888889426e+01
8.778194444444444855e+01
8.781944444444444287e+01
8.782916666666666572e+01
8.786249999999999716e+01
8.783888888888888857e+01
8.785833333333333428e+01
8.786249999999999716e+01
8.783194444444444571e+01
8.789166666666666572e+01
8.790416666666666856e+01
8.795972222222222570e+01
8.788472222222222285e+01
8.794305555555555998e+01
8.790833333333333144e+01
8.793055555555555713e+01
8.794027777777777999e+01
8.793611111111111711e+01
8.794166666666666288e+01
8.792916666666667425e+01
8.795138888888888573e+01
8.796666666666666856e+01
8.796250000000000568e+01
8.797638888888889142e+01
8.797361111111111143e+01
8.801111111111110574e+01
8.799861111111111711e+01
8.798749999999999716e+01
8.798472222222221717e+01
8.801666666666666572e+01
8.802916666666666856e+01
8.803333333333333144e+01
8.802916666666666856e+01
8.804166666666667140e+01
8.805138888888889426e+01
8.807500000000000284e+01
8.807638888888888573e+01
8.805972222222222001e+01
8.805972222222222001e+01
8.806250000000000000e+01
8.808472222222222570e+01
8.809305555555555145e+01
8.810555555555555429e+01
8.811249999999999716e+01
8.812500000000000000e+01
8.809999999999999432e+01
8.811249999999999716e+01
8.813194444444444287e+01
8.811388888888889426e+01
8.813750000000000284e+01
8.811944444444444002e+01
8.813055555555555998e+01
8.815000000000000568e+01
8.815000000000000568e+01
8.816666666666667140e+01
8.820138888888888573e+01
8.820833333333332860e+01
8.820555555555554861e+01
8.821944444444444855e+01
8.814861111111110858e+01
8.822777777777777430e+01
8.825694444444444287e+01
8.817777777777777715e+01
8.822499999999999432e+01
8.825277777777777999e+01
8.829722222222221717e+01
8.823055555555555429e+01
8.825138888888888289e+01
8.827083333333332860e+01
8.828194444444444855e+01
8.830694444444444002e+01
8.828194444444444855e+01
8.829166666666667140e+01
8.829861111111111427e+01
8.830277777777777715e+01
8.832500000000000284e+01
8.834861111111111143e+01
8.834583333333333144e+01
8.835555555555555429e+01
8.837638888888888289e+01
8.835416666666667140e+01
8.839305555555554861e+01
8.837361111111111711e+01
8.839444444444444571e+01
8.838472222222222285e+01
8.842083333333333428e+01
8.839027777777778283e+01
8.839444444444444571e+01
8.839583333333332860e+01
8.840694444444444855e+01
8.842361111111111427e+01
8.844861111111110574e+01
8.846111111111110858e+01
8.849861111111111711e+01
8.849027777777777715e+01
8.846666666666666856e+01
8.846666666666666856e+01
8.850138888888888289e+01
8.852222222222222570e+01
8.852916666666666856e+01
8.854444444444445139e+01
8.854999999999999716e+01
8.851250000000000284e+01
8.857638888888888573e+01
8.858888888888888857e+01
8.859583333333333144e+01
8.859305555555555145e+01
8.859722222222222854e+01
8.860416666666667140e+01
8.859166666666666856e+01
8.860277777777777430e+01
8.860833333333333428e+01
8.861249999999999716e+01
8.865138888888888857e+01
8.861111111111111427e+01
8.865138888888888857e+01
8.861388888888889426e+01
8.862916666666666288e+01
8.862777777777777999e+01
8.864861111111110858e+01
8.864166666666666572e+01
8.864166666666666572e+01
8.864722222222222570e+01
8.865000000000000568e+01
8.864305555555554861e+01
8.867361111111111427e+01
8.867916666666667425e+01
8.867222222222221717e+01
8.871111111111110858e+01
8.872638888888889142e+01
8.872361111111111143e+01
8.873749999999999716e+01
8.873888888888889426e+01
8.876805555555554861e+01
8.878055555555555145e+01
8.880416666666667425e+01
8.880972222222222001e+01
8.879999999999999716e+01
8.880138888888889426e+01
8.879444444444445139e+01
8.882916666666666572e+01
8.884722222222222854e+01
8.884583333333333144e+01
8.888055555555555998e+01
8.888888888888888573e+01
8.890138888888888857e+01
8.890694444444444855e+01
8.892222222222221717e+01
8.891388888888889142e+01
8.894444444444444287e+01
8.893611111111111711e+01
8.893194444444444002e+01
8.898472222222221717e+01
8.894722222222222285e+01
8.897083333333333144e+01
8.896250000000000568e+01
8.897361111111111143e+01
8.897499999999999432e+01
8.900833333333332575e+01
8.896805555555555145e+01
8.899166666666667425e+01
8.901805555555554861e+01
8.899444444444444002e+01
8.900972222222222285e+01
8.902500000000000568e+01
8.901527777777778283e+01
8.903888888888889142e+01
8.901666666666666572e+01
8.903749999999999432e+01
8.903472222222222854e+01
8.905972222222222001e+01
8.904999999999999716e+01
8.906527777777777999e+01
8.904999999999999716e+01
8.907083333333332575e+01
8.908194444444444571e+01
8.909722222222222854e+01
8.910833333333333428e+01
8.909861111111111143e+01
8.912500000000000000e+01
8.911666666666667425e+01
8.910138888888889142e+01
8.911944444444444002e+01
8.911666666666667425e+01
8.912361111111111711e+01
8.910138888888889142e+01
8.913888888888888573e+01
8.914166666666666572e+01
8.915000000000000568e+01
8.915416666666666856e+01
8.915277777777777146e+01
8.914861111111110858e+01
8.915833333333333144e+01
8.916944444444445139e+01
8.918055555555555713e+01
8.916666666666667140e+01
8.918333333333333712e+01
8.917777777777777715e+01
8.917638888888889426e+01
8.918611111111111711e+01
8.917777777777777715e+01
8.920694444444444571e+01
8.921527777777777146e+01
8.915694444444444855e+01
8.922222222222222854e+01
8.922083333333333144e+01
8.924722222222222001e+01
8.923194444444445139e+01
8.925277777777777999e+01
8.927083333333332860e+01
8.930555555555555713e+01
8.933194444444444571e+01
8.932916666666666572e+01
8.933194444444444571e+01
8.936527777777777715e+01
8.937222222222222001e+01
8.937361111111111711e+01
8.937500000000000000e+01
8.938611111111110574e+01
8.937083333333333712e+01
8.938333333333332575e+01
8.939722222222222570e+01
8.940138888888888857e+01
8.940972222222222854e+01
8.941249999999999432e+01
8.940000000000000568e+01
8.939583333333332860e+01
8.941111111111111143e+01
8.940555555555555145e+01
8.942083333333333428e+01
8.941944444444445139e+01
8.941805555555555429e+01
8.941249999999999432e+01
8.942083333333333428e+01
8.941944444444445139e+01
8.940416666666666856e+01
8.943611111111111711e+01
8.944027777777777999e+01
8.942638888888889426e+01
8.943472222222222001e+01
8.942499999999999716e+01
8.941249999999999432e+01
8.942638888888889426e+01
8.943472222222222001e+01
8.943750000000000000e+01
8.942777777777777715e+01
8.944027777777777999e+01
8.945000000000000284e+01
8.943333333333333712e+01
8.944166666666666288e+01
8.944444444444444287e+01
8.946527777777777146e+01
8.945277777777778283e+01
8.945000000000000284e+01
8.947638888888889142e+01
8.947777777777777430e+01
8.948749999999999716e+01
8.947916666666667140e+01
8.948749999999999716e+01
8.947916666666667140e+01
8.949722222222222001e+01
8.949027777777777715e+01
8.949444444444444002e+01
8.949305555555555713e+01
8.947638888888889142e+01
8.950694444444444287e+01
8.950555555555555998e+01
8.950000000000000000e+01
8.952777777777777146e+01
8.951805555555554861e+01
8.951666666666666572e+01
8.951805555555554861e+01
8.952638888888888857e+01
8.952500000000000568e+01
8.952916666666666856e+01
8.954861111111111427e+01
8.954444444444445139e+01
8.954444444444445139e+01
8.955277777777777715e+01
8.955972222222222001e+01
8.955972222222222001e+01
8.956805555555555998e+01
8.958611111111110858e+01
8.958333333333332860e+01
8.958888888888888857e+01
8.959999999999999432e+01
8.959861111111111143e+01
8.960555555555555429e+01
8.961805555555555713e+01
8.961249999999999716e+01
8.962222222222222001e+01
8.961527777777777715e+01
8.962361111111111711e+01
8.963472222222222285e+01
8.963611111111110574e+01
8.964861111111110858e+01
8.965555555555555145e+01
8.966249999999999432e+01
8.966527777777777430e+01
8.964861111111110858e+01
8.964722222222222570e+01
8.963472222222222285e+01
8.966249999999999432e+01
8.968888888888888289e+01
8.964583333333332860e+01
8.964861111111110858e+01
8.966805555555555429e+01
8.964722222222222570e+01
8.966666666666667140e+01
8.965000000000000568e+01
8.967222222222221717e+01
8.966249999999999432e+01
8.967638888888889426e+01
8.968055555555555713e+01
8.966527777777777430e+01
8.968472222222222001e+01
8.965694444444444855e+01
8.969166666666666288e+01
8.964861111111110858e+01
8.969583333333332575e+01
8.966111111111111143e+01
8.967083333333333428e+01
8.967499999999999716e+01
8.968888888888888289e+01
8.968055555555555713e+01
8.968472222222222001e+01
8.965555555555555145e+01
8.967499999999999716e+01
8.967916666666667425e+01
8.968472222222222001e+01
8.965416666666666856e+01
8.968888888888888289e+01
8.965416666666666856e+01
8.968888888888888289e+01
8.965138888888888857e+01
8.969444444444444287e+01
8.964027777777778283e+01
8.968611111111111711e+01
8.964722222222222570e+01
8.968333333333333712e+01
8.965000000000000568e+01
8.969444444444444287e+01
8.965555555555555145e+01
8.968194444444444002e+01
8.964722222222222570e+01
8.968333333333333712e+01
8.963333333333332575e+01
8.968055555555555713e+01
8.964166666666666572e+01
8.968333333333333712e+01
8.966249999999999432e+01
8.968472222222222001e+01
8.967777777777777715e+01
8.968611111111111711e+01
8.967638888888889426e+01
8.978611111111111143e+01
8.975138888888888289e+01
8.978472222222222854e+01
8.977777777777777146e+01
8.978749999999999432e+01
8.978194444444444855e+01
8.978472222222222854e+01
8.974027777777777715e+01
8.979166666666667140e+01
8.973888888888889426e+01
8.978194444444444855e+01
8.974722222222222001e+01
8.978055555555555145e+01
8.974444444444444002e+01
8.978888888888889142e+01
8.975277777777777999e+01
8.978472222222222854e+01
8.974722222222222001e+01
8.978749999999999432e+01
8.978333333333333144e+01
8.978333333333333144e+01
8.976666666666666572e+01
8.979444444444445139e+01
8.975138888888888289e+01
8.977916666666666856e+01
8.975416666666666288e+01
8.977638888888888857e+01
8.975000000000000000e+01
8.978611111111111143e+01
8.974861111111111711e+01
8.978888888888889142e+01
8.974861111111111711e+01
8.977916666666666856e+01
8.976111111111110574e+01
8.978611111111111143e+01
8.976388888888888573e+01
8.979027777777777430e+01
8.975138888888888289e+01
8.978472222222222854e+01
8.976111111111110574e+01
8.979583333333333428e+01
8.975833333333332575e+01
8.979583333333333428e+01
8.978194444444444855e+01
8.979305555555555429e+01
8.978194444444444855e+01
8.978749999999999432e+01
8.976250000000000284e+01
8.978333333333333144e+01
8.978472222222222854e+01
8.979444444444445139e+01
8.975972222222222285e+01
8.979027777777777430e+01
8.979166666666667140e+01
8.979583333333333428e+01
8.979166666666667140e+01
8.981111111111111711e+01
8.977361111111110858e+01
8.981388888888888289e+01
8.978888888888889142e+01
8.979722222222221717e+01
8.977777777777777146e+01
8.980555555555555713e+01
8.978194444444444855e+01
8.980555555555555713e+01
8.979027777777777430e+01
8.980138888888889426e+01
8.978749999999999432e+01
8.980694444444444002e+01
8.977083333333332860e+01
8.978749999999999432e+01
8.978472222222222854e+01
8.979999999999999716e+01
8.979444444444445139e+01
8.979999999999999716e+01
8.975972222222222285e+01
8.979583333333333428e+01
8.979305555555555429e+01
8.978888888888889142e+01
8.978888888888889142e+01
8.980138888888889426e+01
8.976805555555554861e+01
8.980138888888889426e+01
8.977777777777777146e+01
8.979583333333333428e+01
8.979305555555555429e+01
8.979722222222221717e+01
8.976388888888888573e+01
8.980277777777777715e+01
8.976666666666666572e+01
8.980138888888889426e+01
8.979305555555555429e+01
8.980416666666667425e+01
8.976666666666666572e+01
8.980833333333333712e+01
8.975694444444444287e+01
8.980972222222222001e+01
8.976805555555554861e+01
8.981527777777777999e+01
8.979305555555555429e+01
8.981111111111111711e+01
8.976250000000000284e+01
8.980694444444444002e+01
8.975555555555555998e+01
8.981111111111111711e+01
8.979444444444445139e+01
8.981388888888888289e+01
8.976111111111110574e+01
8.980833333333333712e+01
8.976388888888888573e+01
8.980972222222222001e+01
8.976388888888888573e+01
8.981250000000000000e+01
8.977361111111110858e+01
8.979999999999999716e+01
8.979166666666667140e+01
8.980277777777777715e+01
8.978055555555555145e+01
8.980277777777777715e+01
8.980972222222222001e+01
8.980694444444444002e+01
8.977083333333332860e+01
8.981111111111111711e+01
8.977500000000000568e+01
8.980555555555555713e+01
8.977500000000000568e+01
8.980416666666667425e+01
8.980277777777777715e+01
8.980833333333333712e+01
8.979722222222221717e+01
8.979861111111111427e+01
8.978055555555555145e+01
8.981388888888888289e+01
8.981111111111111711e+01
8.981250000000000000e+01
8.979722222222221717e+01
8.981388888888888289e+01
8.980416666666667425e+01
8.980972222222222001e+01
8.979861111111111427e+01
8.980555555555555713e+01
8.980694444444444002e+01
8.981527777777777999e+01
8.980972222222222001e+01
8.980138888888889426e+01
8.981250000000000000e+01
8.982361111111110574e+01
8.982222222222222285e+01
8.981944444444444287e+01
8.982777777777778283e+01
8.983472222222222570e+01
8.983194444444444571e+01
8.983333333333332860e+01
8.983472222222222570e+01
8.982361111111110574e+01
8.983472222222222570e+01
8.980277777777777715e+01
8.982777777777778283e+01
8.982777777777778283e+01
8.983194444444444571e+01
8.981527777777777999e+01
8.982916666666666572e+01
8.981805555555555998e+01
8.982361111111110574e+01
8.981527777777777999e+01
8.982916666666666572e+01
8.981527777777777999e+01
8.981944444444444287e+01
8.981805555555555998e+01
8.981388888888888289e+01
8.981527777777777999e+01
8.981666666666666288e+01
8.981527777777777999e+01
8.981666666666666288e+01
8.981944444444444287e+01
8.982083333333332575e+01
8.982638888888888573e+01
8.982916666666666572e+01
8.981388888888888289e+01
8.982638888888888573e+01
8.982500000000000284e+01
8.982916666666666572e+01
8.982777777777778283e+01
8.982777777777778283e+01
8.982916666666666572e+01
8.982916666666666572e+01
8.983055555555554861e+01
8.983055555555554861e+01
8.983333333333332860e+01
8.979722222222221717e+01
8.983472222222222570e+01
8.979999999999999716e+01
8.983055555555554861e+01
8.979583333333333428e+01
8.985555555555555429e+01
8.980972222222222001e+01
8.983888888888888857e+01
8.980972222222222001e+01
8.983472222222222570e+01
8.979999999999999716e+01
8.983750000000000568e+01
8.980277777777777715e+01
8.983611111111110858e+01
8.981666666666666288e+01
8.983611111111110858e+01
8.981388888888888289e+01
8.983611111111110858e+01
8.981250000000000000e+01
8.983611111111110858e+01
8.981666666666666288e+01
8.982777777777778283e+01
8.981527777777777999e+01
8.982777777777778283e+01
8.980833333333333712e+01
8.981388888888888289e+01
8.980277777777777715e+01
8.982222222222222285e+01
8.979722222222221717e+01
8.982361111111110574e+01
8.980138888888889426e+01
8.979861111111111427e+01
8.980416666666667425e+01
8.981666666666666288e+01
8.979861111111111427e+01
8.983194444444444571e+01
8.980555555555555713e+01
8.982777777777778283e+01
8.980277777777777715e+01
8.981666666666666288e+01
8.980694444444444002e+01
8.981527777777777999e+01
8.980416666666667425e+01
8.983750000000000568e+01
8.980416666666667425e+01
8.984722222222222854e+01
8.980416666666667425e+01
8.982777777777778283e+01
8.980416666666667425e+01
8.982500000000000284e+01
8.980416666666667425e+01
8.982916666666666572e+01
8.981250000000000000e+01
8.981805555555555998e+01
8.980833333333333712e+01
8.983055555555554861e+01
8.980694444444444002e+01
8.982500000000000284e+01
8.980972222222222001e+01
8.983194444444444571e+01
8.981111111111111711e+01
8.982361111111110574e+01
8.980555555555555713e+01
8.983055555555554861e+01
8.980138888888889426e+01
8.982777777777778283e+01
8.979999999999999716e+01
8.983611111111110858e+01
8.980416666666667425e+01
8.983750000000000568e+01
8.981805555555555998e+01
8.983611111111110858e+01
8.982638888888888573e+01
8.982777777777778283e+01
8.982916666666666572e+01
8.983194444444444571e+01
8.983472222222222570e+01
8.982916666666666572e+01
8.983750000000000568e+01
8.983333333333332860e+01
8.983750000000000568e+01
8.984027777777777146e+01
8.984583333333333144e+01
8.982638888888888573e+01
8.984861111111111143e+01
8.983611111111110858e+01
8.984999999999999432e+01
8.984166666666666856e+01
8.984027777777777146e+01
8.983888888888888857e+01
8.984444444444444855e+01
8.983611111111110858e+01
8.985277777777777430e+01
8.983055555555554861e+01
8.984305555555555145e+01
8.983750000000000568e+01
8.984999999999999432e+01
8.984027777777777146e+01
8.984583333333333144e+01
8.984027777777777146e+01
8.984583333333333144e+01
8.983750000000000568e+01
8.983611111111110858e+01
8.983611111111110858e+01
8.985555555555555429e+01
8.983750000000000568e+01
8.985277777777777430e+01
8.983611111111110858e+01
8.984722222222222854e+01
8.984305555555555145e+01
8.986388888888889426e+01
8.984027777777777146e+01
8.985833333333333428e+01
8.983611111111110858e+01
8.985555555555555429e+01
8.985277777777777430e+01
8.985972222222221717e+01
8.984722222222222854e+01
8.986527777777777715e+01
8.984722222222222854e+01
8.985416666666667140e+01
8.985416666666667140e+01
8.985555555555555429e+01
8.984444444444444855e+01
8.985277777777777430e+01
8.984861111111111143e+01
8.985833333333333428e+01
8.984027777777777146e+01
8.985694444444445139e+01
8.984444444444444855e+01
8.984999999999999432e+01
8.984305555555555145e+01
8.985277777777777430e+01
8.983333333333332860e+01
8.985694444444445139e+01
8.984722222222222854e+01
8.985833333333333428e+01
8.984027777777777146e+01
8.984444444444444855e+01
8.984166666666666856e+01
8.984583333333333144e+01
8.984305555555555145e+01
8.985138888888889142e+01
8.984027777777777146e+01
8.984861111111111143e+01
8.984444444444444855e+01
8.984583333333333144e+01
8.984861111111111143e+01
8.984722222222222854e+01
8.984999999999999432e+01
8.985277777777777430e+01
8.984583333333333144e+01
8.981805555555555998e+01
8.984444444444444855e+01
8.981388888888888289e+01
8.984305555555555145e+01
8.979861111111111427e+01
8.984583333333333144e+01
8.981944444444444287e+01
8.984305555555555145e+01
8.981527777777777999e+01
8.983750000000000568e+01
8.982638888888888573e+01
8.983750000000000568e+01
8.981527777777777999e+01
8.984861111111111143e+01
8.982638888888888573e+01
8.984305555555555145e+01
8.981388888888888289e+01
8.983750000000000568e+01
8.981805555555555998e+01
8.983888888888888857e+01
8.980833333333333712e+01
8.984583333333333144e+01
8.982361111111110574e+01
8.984027777777777146e+01
8.982083333333332575e+01
8.983750000000000568e+01
8.982222222222222285e+01
8.984722222222222854e+01
8.981111111111111711e+01
8.983750000000000568e+01
8.981250000000000000e+01
8.986666666666667425e+01
8.981805555555555998e+01
8.984305555555555145e+01
8.981527777777777999e+01
8.984444444444444855e+01
8.981944444444444287e+01
8.986111111111111427e+01
8.981944444444444287e+01
8.984027777777777146e+01
8.981527777777777999e+01
8.984305555555555145e+01
8.981805555555555998e+01
8.983611111111110858e+01
8.982222222222222285e+01
8.984305555555555145e+01
8.982083333333332575e+01
8.985138888888889142e+01
8.982361111111110574e+01
8.984444444444444855e+01
8.981805555555555998e+01
8.984166666666666856e+01
8.981527777777777999e+01
8.984444444444444855e+01
8.982638888888888573e+01
8.984027777777777146e+01
8.982083333333332575e+01
8.986249999999999716e+01
8.982916666666666572e+01
8.984444444444444855e+01
8.982083333333332575e+01
8.985138888888889142e+01
8.984861111111111143e+01
8.985694444444445139e+01
8.985277777777777430e+01
8.985972222222221717e+01
8.983888888888888857e+01
8.984999999999999432e+01
8.984444444444444855e+01
8.985416666666667140e+01
8.985277777777777430e+01
8.983472222222222570e+01
8.985555555555555429e+01
8.985277777777777430e+01
8.984305555555555145e+01
8.984999999999999432e+01
8.985138888888889142e+01
8.985277777777777430e+01
8.985833333333333428e+01
8.985277777777777430e+01
8.985694444444445139e+01
8.985277777777777430e+01
8.984861111111111143e+01
8.982083333333332575e+01
8.984999999999999432e+01
8.985416666666667140e+01
8.980972222222222001e+01
8.984722222222222854e+01
8.980694444444444002e+01
8.984861111111111143e+01
8.982361111111110574e+01
8.984861111111111143e+01
8.981805555555555998e+01
8.985277777777777430e+01
8.982222222222222285e+01
8.985416666666667140e+01
8.981527777777777999e+01
8.984861111111111143e+01
8.982083333333332575e+01
8.985416666666667140e+01
8.981805555555555998e+01
8.984722222222222854e+01
8.981250000000000000e+01
8.984444444444444855e+01
8.980694444444444002e+01
8.985416666666667140e+01
8.980833333333333712e+01
8.984999999999999432e+01
8.981805555555555998e+01
8.984444444444444855e+01
8.980555555555555713e+01
8.984444444444444855e+01
8.981250000000000000e+01
8.985555555555555429e+01
8.981527777777777999e+01
8.984722222222222854e+01
8.980972222222222001e+01
8.985138888888889142e+01
8.981666666666666288e+01
8.984999999999999432e+01
8.981805555555555998e+01
8.985694444444445139e+01
8.981666666666666288e+01
8.984444444444444855e+01
8.982083333333332575e+01
8.985416666666667140e+01
8.983333333333332860e+01
8.985416666666667140e+01
8.982916666666666572e+01
8.985277777777777430e+01
8.982083333333332575e+01
8.984999999999999432e+01
8.982083333333332575e+01
8.984722222222222854e+01
8.982222222222222285e+01
8.985416666666667140e+01
8.981388888888888289e+01
8.984722222222222854e+01
8.982638888888888573e+01
8.984861111111111143e+01
8.982083333333332575e+01
8.985277777777777430e+01
8.982083333333332575e+01
8.984722222222222854e+01
8.981805555555555998e+01
8.984444444444444855e+01
8.982500000000000284e+01
8.984305555555555145e+01
8.981527777777777999e+01
8.985138888888889142e+01
8.982083333333332575e+01
8.984444444444444855e+01
8.982361111111110574e+01
8.984583333333333144e+01
8.981666666666666288e+01
8.984583333333333144e+01
8.981805555555555998e+01
8.983472222222222570e+01
8.982083333333332575e+01
8.984722222222222854e+01
8.982361111111110574e+01
