1.636249999999999716e+01
1.608333333333332860e+01
1.656250000000000000e+01
1.700000000000000000e+01
8.595833333333331439e+00
1.698333333333333428e+01
9.816666666666662877e+00
1.754999999999999716e+01
2.315000000000000568e+01
1.833750000000000568e+01
2.748749999999999716e+01
2.566666666666667140e+01
3.088333333333333997e+01
3.242916666666666003e+01
3.328749999999999432e+01
4.662500000000000000e+01
4.732500000000000284e+01
5.091666666666666430e+01
5.054166666666666430e+01
5.200833333333333286e+01
5.142083333333333428e+01
5.250000000000000000e+01
5.199583333333333002e+01
5.246249999999999858e+01
5.234166666666666856e+01
5.505416666666666714e+01
5.629999999999999716e+01
5.299166666666666714e+01
5.062500000000000000e+01
5.535833333333333428e+01
5.087083333333333002e+01
5.017499999999999716e+01
5.083333333333333570e+01
5.340416666666666856e+01
5.039583333333333570e+01
5.118333333333333002e+01
5.020000000000000284e+01
5.229583333333333428e+01
5.041666666666666430e+01
5.136666666666666714e+01
5.132083333333333286e+01
5.237916666666666998e+01
5.217499999999999716e+01
5.278333333333333144e+01
5.215833333333333144e+01
5.253750000000000142e+01
5.323749999999999716e+01
5.286249999999999716e+01
5.365416666666666856e+01
5.382500000000000284e+01
5.366250000000000142e+01
5.390416666666666856e+01
5.443750000000000000e+01
5.429999999999999716e+01
5.427083333333333570e+01
5.492916666666666714e+01
5.510833333333333428e+01
5.513333333333333286e+01
5.500833333333333286e+01
5.463333333333333286e+01
5.500833333333333286e+01
5.495000000000000284e+01
5.537500000000000000e+01
5.554583333333333428e+01
5.578333333333333144e+01
5.579166666666666430e+01
5.571666666666666856e+01
5.599166666666666714e+01
5.571666666666666856e+01
5.642916666666666714e+01
5.616250000000000142e+01
5.637083333333333002e+01
5.631250000000000000e+01
5.657500000000000284e+01
5.669166666666666998e+01
5.686666666666666714e+01
5.625416666666666998e+01
5.713333333333333286e+01
5.666250000000000142e+01
5.728750000000000142e+01
5.692916666666666714e+01
5.739583333333333570e+01
5.727916666666666856e+01
5.731250000000000000e+01
5.735000000000000142e+01
5.739583333333333570e+01
5.747083333333333144e+01
5.784583333333333144e+01
5.740833333333333144e+01
5.750000000000000000e+01
5.765833333333333144e+01
5.775416666666666998e+01
5.770000000000000284e+01
5.784166666666666856e+01
5.776666666666666572e+01
5.789166666666666572e+01
5.751666666666666572e+01
5.789583333333333570e+01
5.807916666666666572e+01
5.805416666666666714e+01
5.823333333333333428e+01
5.844583333333333286e+01
5.693333333333333002e+01
5.800416666666666998e+01
5.860000000000000142e+01
5.754999999999999716e+01
5.810416666666666430e+01
5.835416666666666430e+01
5.847083333333333144e+01
5.845000000000000284e+01
5.749166666666666714e+01
5.858333333333333570e+01
5.857083333333333286e+01
5.868750000000000000e+01
5.868333333333333002e+01
5.877916666666666856e+01
5.902916666666666856e+01
5.883333333333333570e+01
5.922083333333333144e+01
5.886666666666666714e+01
5.813333333333333286e+01
5.933749999999999858e+01
5.871666666666666856e+01
5.932500000000000284e+01
5.729583333333333428e+01
5.957500000000000284e+01
5.714166666666666572e+01
5.956250000000000000e+01
5.935000000000000142e+01
5.989999999999999858e+01
6.012500000000000000e+01
5.973333333333333428e+01
6.021666666666666856e+01
5.972916666666666430e+01
6.052916666666666856e+01
6.115416666666666856e+01
6.140416666666666856e+01
6.130833333333333002e+01
6.146249999999999858e+01
6.097500000000000142e+01
6.181250000000000000e+01
6.097083333333333144e+01
6.242916666666666714e+01
6.143750000000000000e+01
6.251250000000000284e+01
6.217499999999999716e+01
6.268333333333333002e+01
6.245416666666666572e+01
6.255833333333333002e+01
6.145000000000000284e+01
6.402916666666666856e+01
6.162500000000000000e+01
6.450000000000000000e+01
6.282500000000000284e+01
6.328333333333333144e+01
6.346666666666666856e+01
6.418333333333333712e+01
6.292916666666666714e+01
6.333749999999999858e+01
6.275000000000000000e+01
6.506250000000000000e+01
6.338750000000000284e+01
6.522083333333333144e+01
6.442499999999999716e+01
6.486249999999999716e+01
6.535833333333333428e+01
6.592499999999999716e+01
6.514166666666666572e+01
6.587500000000000000e+01
6.651250000000000284e+01
6.644583333333332575e+01
6.595000000000000284e+01
6.696666666666666856e+01
6.659583333333333144e+01
6.682916666666666572e+01
6.700000000000000000e+01
6.809583333333333144e+01
6.618750000000000000e+01
6.826250000000000284e+01
6.720833333333334281e+01
6.799583333333333712e+01
6.797499999999999432e+01
6.802083333333332860e+01
6.822083333333333144e+01
6.840833333333333144e+01
6.870000000000000284e+01
6.887083333333333712e+01
6.860416666666667140e+01
6.946666666666666856e+01
6.841249999999999432e+01
6.926666666666666572e+01
6.892499999999999716e+01
6.952083333333332860e+01
6.959583333333333144e+01
6.990416666666666856e+01
6.977500000000000568e+01
6.989583333333332860e+01
7.000000000000000000e+01
7.038333333333332575e+01
7.048333333333333428e+01
7.024583333333333712e+01
7.155416666666667425e+01
7.035833333333333428e+01
7.105416666666667425e+01
7.078749999999999432e+01
7.102500000000000568e+01
7.104583333333333428e+01
7.138333333333332575e+01
7.154583333333333428e+01
7.154583333333333428e+01
7.236666666666667425e+01
7.197499999999999432e+01
7.270000000000000284e+01
7.127083333333332860e+01
7.237083333333333712e+01
7.195416666666666572e+01
7.199166666666667425e+01
7.222083333333333144e+01
7.235416666666667140e+01
7.260833333333333428e+01
7.230416666666667425e+01
7.224166666666667425e+01
7.430833333333333712e+01
7.286666666666667425e+01
7.307916666666666572e+01
7.227500000000000568e+01
7.368750000000000000e+01
7.268333333333333712e+01
7.357500000000000284e+01
7.317916666666667425e+01
7.414583333333332860e+01
7.368333333333333712e+01
7.416666666666667140e+01
7.469583333333332575e+01
7.515833333333333144e+01
7.561666666666667425e+01
7.316249999999999432e+01
7.541249999999999432e+01
7.457083333333332575e+01
7.552083333333332860e+01
7.503333333333333144e+01
7.504999999999999716e+01
7.543750000000000000e+01
7.509166666666666856e+01
7.575833333333332575e+01
7.567916666666667425e+01
7.620416666666666572e+01
7.685833333333333428e+01
7.632083333333332575e+01
7.689583333333332860e+01
7.834166666666666856e+01
7.563750000000000284e+01
7.854166666666667140e+01
7.679583333333333428e+01
7.825833333333332575e+01
7.852083333333332860e+01
7.902500000000000568e+01
7.905416666666667425e+01
7.943333333333333712e+01
7.833750000000000568e+01
7.951250000000000284e+01
7.897916666666667140e+01
7.941666666666667140e+01
7.937500000000000000e+01
7.952083333333332860e+01
7.952916666666666856e+01
7.962500000000000000e+01
7.996666666666666856e+01
7.978749999999999432e+01
7.998333333333333428e+01
8.009583333333333144e+01
8.021250000000000568e+01
8.029166666666667140e+01
8.028333333333333144e+01
8.030833333333333712e+01
8.018333333333333712e+01
8.042083333333333428e+01
8.030833333333333712e+01
8.039583333333332860e+01
8.054166666666667140e+01
8.057916666666666572e+01
8.061249999999999716e+01
8.062083333333333712e+01
8.064583333333332860e+01
8.057083333333332575e+01
8.072083333333333144e+01
8.067916666666667425e+01
8.087916666666666288e+01
8.082083333333332575e+01
8.087083333333333712e+01
8.094166666666666288e+01
8.107500000000000284e+01
8.107916666666666572e+01
8.107916666666666572e+01
8.119166666666666288e+01
8.117916666666667425e+01
8.116666666666667140e+01
8.123749999999999716e+01
8.132083333333332575e+01
8.145833333333332860e+01
8.132500000000000284e+01
8.145833333333332860e+01
8.156666666666666288e+01
8.163750000000000284e+01
8.172083333333333144e+01
8.190000000000000568e+01
8.179583333333333428e+01
8.194166666666666288e+01
8.190000000000000568e+01
8.193333333333333712e+01
8.200000000000000000e+01
8.202083333333332860e+01
8.205833333333333712e+01
8.211249999999999716e+01
8.225000000000000000e+01
8.227500000000000568e+01
8.242083333333333428e+01
8.234166666666666856e+01
8.248749999999999716e+01
8.251666666666666572e+01
8.248333333333333428e+01
8.253333333333333144e+01
8.267499999999999716e+01
8.277916666666666856e+01
8.291249999999999432e+01
8.316666666666667140e+01
8.325000000000000000e+01
8.345416666666666572e+01
8.328333333333333144e+01
8.336249999999999716e+01
8.334166666666666856e+01
8.328749999999999432e+01
8.335416666666667140e+01
8.338750000000000284e+01
8.349583333333333712e+01
8.343333333333333712e+01
8.344166666666666288e+01
8.322916666666667140e+01
8.349583333333333712e+01
8.347083333333333144e+01
8.351250000000000284e+01
8.334999999999999432e+01
8.340000000000000568e+01
8.353333333333333144e+01
8.353749999999999432e+01
8.362916666666666288e+01
8.370416666666666572e+01
8.355416666666667425e+01
8.369166666666666288e+01
8.374583333333333712e+01
8.371666666666666856e+01
8.375833333333332575e+01
8.382500000000000284e+01
8.382916666666666572e+01
8.389166666666666572e+01
8.382916666666666572e+01
8.416249999999999432e+01
8.414583333333332860e+01
8.417083333333333428e+01
8.409999999999999432e+01
8.417499999999999716e+01
8.422083333333333144e+01
8.430833333333333712e+01
8.433333333333332860e+01
8.452500000000000568e+01
8.425833333333332575e+01
8.439583333333332860e+01
8.420000000000000284e+01
8.427916666666666856e+01
8.429583333333333428e+01
8.427916666666666856e+01
8.432916666666666572e+01
8.445000000000000284e+01
8.436249999999999716e+01
8.443333333333333712e+01
8.436666666666667425e+01
8.434999999999999432e+01
8.433333333333332860e+01
8.448749999999999716e+01
8.444166666666666288e+01
8.454999999999999716e+01
8.459166666666666856e+01
8.450416666666666288e+01
8.457083333333332575e+01
8.455416666666667425e+01
8.463333333333332575e+01
8.469583333333332575e+01
8.470000000000000284e+01
8.464166666666666572e+01
8.472083333333333144e+01
8.472499999999999432e+01
8.475833333333332575e+01
8.474583333333333712e+01
8.477916666666666856e+01
8.477500000000000568e+01
8.467083333333333428e+01
8.477083333333332860e+01
8.477916666666666856e+01
8.473333333333333428e+01
8.479999999999999716e+01
8.477083333333332860e+01
8.477500000000000568e+01
8.479999999999999716e+01
8.473749999999999716e+01
8.475416666666666288e+01
8.476250000000000284e+01
8.488333333333332575e+01
8.475000000000000000e+01
8.476250000000000284e+01
8.480416666666667425e+01
8.477916666666666856e+01
8.487916666666666288e+01
8.485833333333333428e+01
8.484166666666666856e+01
8.489166666666666572e+01
8.488333333333332575e+01
8.488333333333332575e+01
8.490000000000000568e+01
8.494583333333332575e+01
8.488333333333332575e+01
8.491249999999999432e+01
8.494166666666666288e+01
8.495833333333332860e+01
8.503749999999999432e+01
8.502500000000000568e+01
8.497083333333333144e+01
8.498749999999999716e+01
8.495000000000000284e+01
8.499583333333333712e+01
8.500000000000000000e+01
8.500416666666666288e+01
8.494583333333332575e+01
8.499166666666667425e+01
8.493333333333333712e+01
8.501666666666666572e+01
8.501250000000000284e+01
8.500416666666666288e+01
8.502916666666666856e+01
8.503749999999999432e+01
8.502500000000000568e+01
8.507083333333332575e+01
8.507083333333332575e+01
8.510416666666667140e+01
8.517499999999999716e+01
8.517083333333333428e+01
8.520000000000000284e+01
8.525416666666666288e+01
8.517916666666667425e+01
8.520416666666666572e+01
8.522916666666667140e+01
8.527083333333332860e+01
8.527083333333332860e+01
8.526666666666666572e+01
8.528333333333333144e+01
8.526250000000000284e+01
8.526666666666666572e+01
8.524583333333333712e+01
8.527083333333332860e+01
8.528333333333333144e+01
8.534999999999999432e+01
8.530416666666667425e+01
8.533333333333332860e+01
8.525833333333332575e+01
8.524583333333333712e+01
8.532916666666666572e+01
8.529999999999999716e+01
8.526666666666666572e+01
8.527916666666666856e+01
8.528333333333333144e+01
8.531666666666666288e+01
8.532083333333332575e+01
8.529166666666667140e+01
8.533750000000000568e+01
8.520000000000000284e+01
8.515833333333333144e+01
8.527500000000000568e+01
8.516666666666667140e+01
8.524166666666667425e+01
8.515000000000000568e+01
8.525833333333332575e+01
8.525416666666666288e+01
8.526250000000000284e+01
8.528749999999999432e+01
8.525416666666666288e+01
8.527500000000000568e+01
8.532083333333332575e+01
8.535416666666667140e+01
8.535833333333333428e+01
8.538750000000000284e+01
8.551250000000000284e+01
8.543333333333333712e+01
8.537916666666666288e+01
8.544583333333332575e+01
8.550416666666666288e+01
8.545416666666666572e+01
8.566249999999999432e+01
8.565000000000000568e+01
8.566249999999999432e+01
8.567916666666667425e+01
8.569166666666666288e+01
8.571250000000000568e+01
8.568333333333333712e+01
8.569583333333332575e+01
8.565416666666666856e+01
8.567083333333333428e+01
8.570833333333332860e+01
8.572499999999999432e+01
8.572916666666667140e+01
8.569166666666666288e+01
8.570833333333332860e+01
8.572916666666667140e+01
8.568750000000000000e+01
8.566666666666667140e+01
8.568333333333333712e+01
8.565833333333333144e+01
8.565833333333333144e+01
8.567083333333333428e+01
8.565833333333333144e+01
8.566249999999999432e+01
8.565833333333333144e+01
8.566666666666667140e+01
8.565000000000000568e+01
8.565833333333333144e+01
8.566666666666667140e+01
8.567499999999999716e+01
8.568750000000000000e+01
8.573333333333333428e+01
8.573749999999999716e+01
8.573333333333333428e+01
8.575000000000000000e+01
8.579583333333333428e+01
8.575833333333332575e+01
8.577916666666666856e+01
8.575833333333332575e+01
8.579999999999999716e+01
8.577500000000000568e+01
8.576250000000000284e+01
8.579999999999999716e+01
8.582916666666666572e+01
8.578333333333333144e+01
8.577500000000000568e+01
8.578749999999999432e+01
8.575000000000000000e+01
8.574583333333333712e+01
8.579999999999999716e+01
8.578333333333333144e+01
8.576666666666666572e+01
8.577916666666666856e+01
8.577083333333332860e+01
8.576250000000000284e+01
8.581250000000000000e+01
8.577500000000000568e+01
8.581250000000000000e+01
8.579583333333333428e+01
8.579583333333333428e+01
8.578333333333333144e+01
8.578333333333333144e+01
8.577916666666666856e+01
8.579999999999999716e+01
8.579999999999999716e+01
8.579999999999999716e+01
8.579999999999999716e+01
8.579583333333333428e+01
8.577500000000000568e+01
8.576250000000000284e+01
8.577083333333332860e+01
8.575416666666666288e+01
8.573749999999999716e+01
8.577083333333332860e+01
8.574166666666667425e+01
8.574583333333333712e+01
8.573749999999999716e+01
8.573749999999999716e+01
8.579999999999999716e+01
8.575416666666666288e+01
8.572916666666667140e+01
8.576250000000000284e+01
8.574166666666667425e+01
8.577500000000000568e+01
8.572499999999999432e+01
8.568750000000000000e+01
8.574166666666667425e+01
8.571666666666666856e+01
8.573749999999999716e+01
8.573749999999999716e+01
8.572916666666667140e+01
8.574583333333333712e+01
8.575416666666666288e+01
8.577916666666666856e+01
8.572083333333333144e+01
8.580416666666667425e+01
8.575416666666666288e+01
8.575000000000000000e+01
8.577083333333332860e+01
8.580833333333333712e+01
8.579999999999999716e+01
8.579166666666667140e+01
8.582083333333332575e+01
8.576666666666666572e+01
8.582916666666666572e+01
8.582916666666666572e+01
8.583750000000000568e+01
8.579999999999999716e+01
8.579999999999999716e+01
8.579999999999999716e+01
8.582916666666666572e+01
8.587500000000000000e+01
8.587083333333333712e+01
8.579999999999999716e+01
8.586249999999999716e+01
8.581666666666666288e+01
8.586666666666667425e+01
8.586249999999999716e+01
8.588750000000000284e+01
8.588333333333332575e+01
8.587083333333333712e+01
8.587500000000000000e+01
8.583750000000000568e+01
8.588333333333332575e+01
8.586666666666667425e+01
8.575000000000000000e+01
8.572916666666667140e+01
8.572499999999999432e+01
8.572916666666667140e+01
8.570833333333332860e+01
8.573749999999999716e+01
8.570416666666666572e+01
8.571666666666666856e+01
8.568750000000000000e+01
8.567916666666667425e+01
8.564583333333332860e+01
8.574166666666667425e+01
8.562916666666666288e+01
8.562916666666666288e+01
8.566249999999999432e+01
8.567083333333333428e+01
8.566666666666667140e+01
8.567499999999999716e+01
8.566666666666667140e+01
8.568750000000000000e+01
8.569583333333332575e+01
8.570833333333332860e+01
8.570833333333332860e+01
8.580833333333333712e+01
8.580416666666667425e+01
8.578333333333333144e+01
8.579166666666667140e+01
8.575416666666666288e+01
8.578749999999999432e+01
8.577916666666666856e+01
8.578333333333333144e+01
8.577916666666666856e+01
8.576666666666666572e+01
8.577916666666666856e+01
8.577916666666666856e+01
8.579166666666667140e+01
8.579999999999999716e+01
8.581250000000000000e+01
8.579999999999999716e+01
8.577500000000000568e+01
8.577500000000000568e+01
8.579583333333333428e+01
8.578333333333333144e+01
8.581250000000000000e+01
8.582083333333332575e+01
8.579583333333333428e+01
8.579583333333333428e+01
8.579583333333333428e+01
8.580416666666667425e+01
8.579999999999999716e+01
8.578333333333333144e+01
8.577916666666666856e+01
8.575833333333332575e+01
8.581250000000000000e+01
8.579166666666667140e+01
8.582916666666666572e+01
8.582916666666666572e+01
8.582916666666666572e+01
8.582500000000000284e+01
8.585416666666667140e+01
8.579999999999999716e+01
8.580416666666667425e+01
8.579166666666667140e+01
8.582500000000000284e+01
8.582500000000000284e+01
8.580416666666667425e+01
8.581666666666666288e+01
8.579999999999999716e+01
8.582083333333332575e+01
8.584166666666666856e+01
8.584999999999999432e+01
8.583750000000000568e+01
8.584583333333333144e+01
8.582500000000000284e+01
8.584166666666666856e+01
8.586249999999999716e+01
8.585833333333333428e+01
8.586249999999999716e+01
8.588333333333332575e+01
8.587916666666666288e+01
8.589583333333332860e+01
8.587916666666666288e+01
8.587916666666666288e+01
8.589166666666666572e+01
8.588750000000000284e+01
8.589166666666666572e+01
8.590416666666666856e+01
8.592916666666667425e+01
8.592499999999999716e+01
8.591249999999999432e+01
8.596250000000000568e+01
8.591249999999999432e+01
8.594583333333332575e+01
8.593750000000000000e+01
8.595416666666666572e+01
8.593333333333333712e+01
8.596250000000000568e+01
8.597083333333333144e+01
8.598749999999999716e+01
8.597083333333333144e+01
8.595000000000000284e+01
8.599166666666667425e+01
8.596250000000000568e+01
8.597083333333333144e+01
8.594583333333332575e+01
8.594166666666666288e+01
8.596250000000000568e+01
8.598749999999999716e+01
8.595416666666666572e+01
8.596250000000000568e+01
8.598333333333333428e+01
8.600416666666666288e+01
8.597499999999999432e+01
8.597916666666667140e+01
8.595833333333332860e+01
8.597916666666667140e+01
8.594166666666666288e+01
8.595000000000000284e+01
8.593750000000000000e+01
8.594166666666666288e+01
8.595416666666666572e+01
8.595416666666666572e+01
8.594583333333332575e+01
8.593750000000000000e+01
8.595416666666666572e+01
8.595000000000000284e+01
8.595833333333332860e+01
8.597499999999999432e+01
8.599166666666667425e+01
8.600416666666666288e+01
8.600416666666666288e+01
8.600416666666666288e+01
8.600416666666666288e+01
8.600833333333332575e+01
8.600000000000000000e+01
8.600416666666666288e+01
8.600000000000000000e+01
8.601250000000000284e+01
8.600416666666666288e+01
8.600416666666666288e+01
8.600833333333332575e+01
8.602500000000000568e+01
8.603333333333333144e+01
8.602916666666666856e+01
8.602500000000000568e+01
8.603333333333333144e+01
8.604999999999999716e+01
8.603749999999999432e+01
8.604999999999999716e+01
8.605833333333333712e+01
8.606250000000000000e+01
8.606250000000000000e+01
8.605416666666667425e+01
8.607083333333332575e+01
8.602500000000000568e+01
8.604583333333333428e+01
8.603749999999999432e+01
8.603749999999999432e+01
8.602916666666666856e+01
8.604999999999999716e+01
8.604166666666667140e+01
8.604999999999999716e+01
8.604999999999999716e+01
8.604999999999999716e+01
8.604166666666667140e+01
8.602500000000000568e+01
8.605416666666667425e+01
8.603333333333333144e+01
8.601666666666666572e+01
8.602916666666666856e+01
8.600000000000000000e+01
8.601666666666666572e+01
8.602500000000000568e+01
8.604583333333333428e+01
8.604999999999999716e+01
8.604166666666667140e+01
8.604999999999999716e+01
8.603749999999999432e+01
8.606666666666666288e+01
8.604583333333333428e+01
8.604583333333333428e+01
8.605416666666667425e+01
8.605416666666667425e+01
8.606666666666666288e+01
8.606666666666666288e+01
8.604166666666667140e+01
8.607083333333332575e+01
8.606250000000000000e+01
8.605416666666667425e+01
8.605416666666667425e+01
8.604999999999999716e+01
8.603333333333333144e+01
8.605416666666667425e+01
8.604999999999999716e+01
8.604166666666667140e+01
8.604583333333333428e+01
8.605416666666667425e+01
8.604999999999999716e+01
8.606250000000000000e+01
8.606250000000000000e+01
8.607083333333332575e+01
8.607500000000000284e+01
8.605416666666667425e+01
8.606250000000000000e+01
8.606250000000000000e+01
8.606250000000000000e+01
8.605416666666667425e+01
8.605833333333333712e+01
8.604583333333333428e+01
8.606250000000000000e+01
8.606250000000000000e+01
8.604583333333333428e+01
8.603749999999999432e+01
8.606666666666666288e+01
8.603333333333333144e+01
8.605833333333333712e+01
8.604999999999999716e+01
8.605416666666667425e+01
8.605416666666667425e+01
8.604166666666667140e+01
8.604583333333333428e+01
8.604999999999999716e+01
8.604166666666667140e+01
8.604583333333333428e+01
8.604583333333333428e+01
8.605416666666667425e+01
8.603749999999999432e+01
8.603749999999999432e+01
8.603333333333333144e+01
8.604166666666667140e+01
8.602916666666666856e+01
8.603749999999999432e+01
8.604583333333333428e+01
8.603749999999999432e+01
8.604583333333333428e+01
8.603333333333333144e+01
8.604166666666667140e+01
8.605416666666667425e+01
8.603749999999999432e+01
8.602916666666666856e+01
8.602083333333332860e+01
8.602083333333332860e+01
8.602083333333332860e+01
8.603749999999999432e+01
8.603333333333333144e+01
8.603333333333333144e+01
8.602500000000000568e+01
8.602500000000000568e+01
8.602083333333332860e+01
8.602083333333332860e+01
8.602916666666666856e+01
8.603749999999999432e+01
8.603749999999999432e+01
8.602916666666666856e+01
8.603749999999999432e+01
8.603749999999999432e+01
8.603749999999999432e+01
8.603749999999999432e+01
8.603749999999999432e+01
8.603333333333333144e+01
8.602500000000000568e+01
8.604583333333333428e+01
8.603333333333333144e+01
8.602500000000000568e+01
8.603333333333333144e+01
8.603749999999999432e+01
8.603333333333333144e+01
8.603749999999999432e+01
8.602916666666666856e+01
8.602916666666666856e+01
8.603749999999999432e+01
8.604166666666667140e+01
8.602500000000000568e+01
8.603333333333333144e+01
8.602916666666666856e+01
8.602916666666666856e+01
8.604166666666667140e+01
8.602500000000000568e+01
8.602916666666666856e+01
8.602916666666666856e+01
8.602500000000000568e+01
8.602500000000000568e+01
8.602916666666666856e+01
8.604166666666667140e+01
8.602500000000000568e+01
8.602083333333332860e+01
8.603333333333333144e+01
8.602916666666666856e+01
8.603749999999999432e+01
8.602083333333332860e+01
8.603333333333333144e+01
8.605416666666667425e+01
8.603749999999999432e+01
8.604999999999999716e+01
8.602916666666666856e+01
8.604583333333333428e+01
8.605416666666667425e+01
8.606250000000000000e+01
8.604166666666667140e+01
8.604583333333333428e+01
8.604166666666667140e+01
8.605833333333333712e+01
8.602500000000000568e+01
8.605833333333333712e+01
8.604166666666667140e+01
8.604583333333333428e+01
8.604166666666667140e+01
8.604999999999999716e+01
8.604583333333333428e+01
8.604166666666667140e+01
8.603333333333333144e+01
8.602916666666666856e+01
8.603333333333333144e+01
8.605416666666667425e+01
8.605416666666667425e+01
8.604999999999999716e+01
8.604166666666667140e+01
8.603333333333333144e+01
8.603333333333333144e+01
8.603749999999999432e+01
8.604583333333333428e+01
8.603749999999999432e+01
8.603333333333333144e+01
8.604583333333333428e+01
8.604999999999999716e+01
8.605833333333333712e+01
8.602916666666666856e+01
8.603333333333333144e+01
8.602500000000000568e+01
8.603333333333333144e+01
8.602083333333332860e+01
8.604166666666667140e+01
8.602500000000000568e+01
8.602916666666666856e+01
8.604166666666667140e+01
8.602916666666666856e+01
8.602500000000000568e+01
8.601250000000000284e+01
8.601250000000000284e+01
8.601666666666666572e+01
8.604583333333333428e+01
8.600000000000000000e+01
8.604166666666667140e+01
8.602083333333332860e+01
8.602916666666666856e+01
8.601666666666666572e+01
8.603333333333333144e+01
8.601666666666666572e+01
8.602916666666666856e+01
8.601666666666666572e+01
8.601250000000000284e+01
8.602500000000000568e+01
8.602500000000000568e+01
8.602500000000000568e+01
8.602500000000000568e+01
8.602083333333332860e+01
8.602083333333332860e+01
8.602500000000000568e+01
8.601666666666666572e+01
8.600416666666666288e+01
8.602916666666666856e+01
8.602083333333332860e+01
8.600000000000000000e+01
8.602083333333332860e+01
8.602083333333332860e+01
8.603333333333333144e+01
8.600416666666666288e+01
8.603333333333333144e+01
8.602500000000000568e+01
8.602083333333332860e+01
8.602083333333332860e+01
8.601250000000000284e+01
8.602500000000000568e+01
8.603749999999999432e+01
8.604166666666667140e+01
8.603333333333333144e+01
8.603749999999999432e+01
8.602916666666666856e+01
8.603749999999999432e+01
8.602500000000000568e+01
8.604166666666667140e+01
8.602916666666666856e+01
8.603749999999999432e+01
8.602500000000000568e+01
8.604999999999999716e+01
8.601666666666666572e+01
8.607500000000000284e+01
8.602500000000000568e+01
8.603749999999999432e+01
8.602916666666666856e+01
8.603333333333333144e+01
8.602916666666666856e+01
8.603749999999999432e+01
8.602500000000000568e+01
8.604166666666667140e+01
8.602500000000000568e+01
8.604583333333333428e+01
8.603333333333333144e+01
8.603333333333333144e+01
8.604166666666667140e+01
8.604166666666667140e+01
8.603333333333333144e+01
8.601666666666666572e+01
8.600000000000000000e+01
8.603333333333333144e+01
8.602500000000000568e+01
8.603333333333333144e+01
8.602083333333332860e+01
8.602500000000000568e+01
8.603333333333333144e+01
8.602500000000000568e+01
8.602916666666666856e+01
8.603333333333333144e+01
8.602500000000000568e+01
8.602916666666666856e+01
8.602500000000000568e+01
8.603749999999999432e+01
8.602916666666666856e+01
8.604166666666667140e+01
8.603333333333333144e+01
8.603333333333333144e+01
8.603333333333333144e+01
8.604583333333333428e+01
8.604583333333333428e+01
8.602916666666666856e+01
8.604999999999999716e+01
8.603333333333333144e+01
8.604999999999999716e+01
8.603333333333333144e+01
8.603749999999999432e+01
8.603333333333333144e+01
8.604583333333333428e+01
8.604166666666667140e+01
8.602916666666666856e+01
8.602083333333332860e+01
8.604166666666667140e+01
8.602500000000000568e+01
8.603333333333333144e+01
8.602500000000000568e+01
8.601666666666666572e+01
8.602083333333332860e+01
8.603333333333333144e+01
8.602500000000000568e+01
8.602500000000000568e+01
8.602500000000000568e+01
8.603749999999999432e+01
8.602916666666666856e+01
8.602916666666666856e+01
8.602916666666666856e+01
8.602916666666666856e+01
8.608333333333332860e+01
8.602916666666666856e+01
8.604999999999999716e+01
8.601666666666666572e+01
8.602916666666666856e+01
8.602083333333332860e+01
8.607500000000000284e+01
8.601666666666666572e+01
8.602083333333332860e+01
8.600833333333332575e+01
8.600416666666666288e+01
8.602916666666666856e+01
8.601250000000000284e+01
8.602500000000000568e+01
8.601666666666666572e+01
8.602916666666666856e+01
8.602500000000000568e+01
8.602083333333332860e+01
8.602083333333332860e+01
8.601666666666666572e+01
8.601666666666666572e+01
8.600833333333332575e+01
8.602083333333332860e+01
8.599583333333333712e+01
8.602083333333332860e+01
8.601666666666666572e+01
8.600833333333332575e+01
8.599583333333333712e+01
8.600416666666666288e+01
8.600416666666666288e+01
8.602500000000000568e+01
8.600833333333332575e+01
8.601666666666666572e+01
8.600833333333332575e+01
8.600833333333332575e+01
8.600833333333332575e+01
8.600416666666666288e+01
8.602500000000000568e+01
8.601250000000000284e+01
8.601250000000000284e+01
8.601250000000000284e+01
8.601666666666666572e+01
8.602500000000000568e+01
8.602500000000000568e+01
8.602083333333332860e+01
8.600833333333332575e+01
8.601666666666666572e+01
8.601666666666666572e+01
8.601666666666666572e+01
8.602083333333332860e+01
8.602500000000000568e+01
8.602500000000000568e+01
8.602500000000000568e+01
8.601666666666666572e+01
8.603749999999999432e+01
8.599583333333333712e+01
8.602500000000000568e+01
8.601666666666666572e+01
8.603749999999999432e+01
8.602916666666666856e+01
8.602500000000000568e+01
8.601250000000000284e+01
8.602916666666666856e+01
8.603333333333333144e+01
8.603749999999999432e+01
8.601666666666666572e+01
8.602916666666666856e+01
8.603333333333333144e+01
8.603333333333333144e+01
8.603749999999999432e+01
8.604583333333333428e+01
8.602083333333332860e+01
8.606250000000000000e+01
8.601666666666666572e+01
8.604583333333333428e+01
8.601666666666666572e+01
8.604166666666667140e+01
8.603333333333333144e+01
8.604166666666667140e+01
8.601666666666666572e+01
8.602500000000000568e+01
8.602916666666666856e+01
8.606666666666666288e+01
8.601666666666666572e+01
8.603749999999999432e+01
8.602083333333332860e+01
8.603749999999999432e+01
8.602083333333332860e+01
8.602500000000000568e+01
8.602083333333332860e+01
8.603333333333333144e+01
8.603333333333333144e+01
8.603333333333333144e+01
8.603749999999999432e+01
8.604166666666667140e+01
8.602500000000000568e+01
8.605416666666667425e+01
8.603333333333333144e+01
8.604583333333333428e+01
8.606250000000000000e+01
8.604999999999999716e+01
8.604166666666667140e+01
8.606250000000000000e+01
8.604583333333333428e+01
8.604999999999999716e+01
8.604999999999999716e+01
8.605416666666667425e+01
8.605833333333333712e+01
8.604999999999999716e+01
8.606666666666666288e+01
8.604583333333333428e+01
8.604166666666667140e+01
8.606250000000000000e+01
8.604583333333333428e+01
8.604999999999999716e+01
8.603749999999999432e+01
8.605416666666667425e+01
8.604166666666667140e+01
8.607083333333332575e+01
8.603749999999999432e+01
8.607083333333332575e+01
8.605416666666667425e+01
8.605833333333333712e+01
8.607083333333332575e+01
8.605833333333333712e+01
8.607500000000000284e+01
8.607083333333332575e+01
8.607500000000000284e+01
8.606250000000000000e+01
8.606666666666666288e+01
8.607500000000000284e+01
8.603333333333333144e+01
8.607083333333332575e+01
8.607083333333332575e+01
8.608333333333332860e+01
8.606666666666666288e+01
8.607083333333332575e+01
8.608333333333332860e+01
8.608333333333332860e+01
8.609583333333333144e+01
8.607500000000000284e+01
8.608750000000000568e+01
8.607083333333332575e+01
8.607500000000000284e+01
8.608333333333332860e+01
8.605416666666667425e+01
8.607083333333332575e+01
8.607083333333332575e+01
8.607083333333332575e+01
8.607500000000000284e+01
8.607500000000000284e+01
8.607083333333332575e+01
8.604583333333333428e+01
8.606666666666666288e+01
8.606250000000000000e+01
8.606250000000000000e+01
8.606666666666666288e+01
8.607500000000000284e+01
8.603749999999999432e+01
8.605833333333333712e+01
8.604583333333333428e+01
8.604583333333333428e+01
8.605833333333333712e+01
8.604583333333333428e+01
8.608333333333332860e+01
8.603749999999999432e+01
8.605416666666667425e+01
8.604999999999999716e+01
8.604583333333333428e+01
8.609999999999999432e+01
8.605416666666667425e+01
8.605416666666667425e+01
8.603333333333333144e+01
8.604166666666667140e+01
8.602500000000000568e+01
8.602916666666666856e+01
8.606666666666666288e+01
8.602916666666666856e+01
8.605416666666667425e+01
8.604999999999999716e+01
8.602083333333332860e+01
8.604999999999999716e+01
8.603333333333333144e+01
8.602916666666666856e+01
8.603749999999999432e+01
8.604166666666667140e+01
8.604166666666667140e+01
8.602916666666666856e+01
8.603749999999999432e+01
8.604166666666667140e+01
8.604166666666667140e+01
8.603333333333333144e+01
8.603749999999999432e+01
8.602916666666666856e+01
8.604166666666667140e+01
8.604999999999999716e+01
8.604583333333333428e+01
8.603333333333333144e+01
8.604999999999999716e+01
8.603333333333333144e+01
8.604583333333333428e+01
8.602916666666666856e+01
8.605416666666667425e+01
8.604999999999999716e+01
8.606250000000000000e+01
8.605833333333333712e+01
8.606250000000000000e+01
8.604583333333333428e+01
8.605833333333333712e+01
8.604583333333333428e+01
8.605833333333333712e+01
8.607500000000000284e+01
8.604999999999999716e+01
8.604999999999999716e+01
8.606250000000000000e+01
8.606666666666666288e+01
8.607916666666666572e+01
8.605416666666667425e+01
8.605833333333333712e+01
8.607083333333332575e+01
8.606250000000000000e+01
8.607083333333332575e+01
8.607500000000000284e+01
8.606250000000000000e+01
8.606666666666666288e+01
8.606666666666666288e+01
8.605833333333333712e+01
8.607083333333332575e+01
8.606250000000000000e+01
8.606666666666666288e+01
8.607083333333332575e+01
8.606250000000000000e+01
8.606666666666666288e+01
8.607083333333332575e+01
8.606250000000000000e+01
8.606666666666666288e+01
8.606250000000000000e+01
8.606666666666666288e+01
8.605416666666667425e+01
8.606666666666666288e+01
8.605833333333333712e+01
8.605833333333333712e+01
8.607500000000000284e+01
8.606666666666666288e+01
8.606666666666666288e+01
8.604999999999999716e+01
8.607083333333332575e+01
8.605833333333333712e+01
8.607083333333332575e+01
8.606250000000000000e+01
8.607500000000000284e+01
8.609583333333333144e+01
8.606250000000000000e+01
8.609166666666666856e+01
8.607083333333332575e+01
8.606250000000000000e+01
8.605833333333333712e+01
8.607500000000000284e+01
8.605833333333333712e+01
8.606666666666666288e+01
8.607083333333332575e+01
8.607916666666666572e+01
8.605416666666667425e+01
8.607083333333332575e+01
8.607083333333332575e+01
8.606250000000000000e+01
8.607916666666666572e+01
8.606666666666666288e+01
8.606666666666666288e+01
8.606250000000000000e+01
8.607916666666666572e+01
8.605833333333333712e+01
8.608333333333332860e+01
8.605833333333333712e+01
8.607916666666666572e+01
8.606250000000000000e+01
8.607083333333332575e+01
8.607500000000000284e+01
8.606250000000000000e+01
8.607083333333332575e+01
8.606666666666666288e+01
8.606250000000000000e+01
