3.467348999536792320e+00
5.538493999802639678e+00
1.194105199187689426e+00
2.112122824453675829e+00
1.093279252673062363e+00
8.551122081867277291e-01
6.754243667801664852e-01
5.456762941743457107e-01
4.991462865900705981e-01
4.103286634278944245e-01
3.747486733961782335e-01
3.380537649342290063e-01
3.179233939096181016e-01
3.000826457338705566e-01
2.793694508087783968e-01
2.626326316003260164e-01
2.475694122108817452e-01
2.361466118429605965e-01
2.250136919908177491e-01
2.146954699045232617e-01
2.061673221037365611e-01
2.017942037218277973e-01
1.958024240827984652e-01
1.885156355699236508e-01
1.816423002951542132e-01
1.748242437509970326e-01
1.705729303362031324e-01
1.671185066848072109e-01
1.617943433125588470e-01
1.564072190224414793e-01
1.514847103746904122e-01
1.457063324751559363e-01
1.413507768258514818e-01
1.376641968129058147e-01
1.327200830023324840e-01
1.300445141854524866e-01
1.278965514712883667e-01
1.251048604200152570e-01
1.213853163349677133e-01
1.181387270091695668e-01
1.141508561954151513e-01
1.106794561332511695e-01
1.071430235297114314e-01
1.059846793422857814e-01
1.030935693906922662e-01
1.012652423182982958e-01
9.876993663986885497e-02
9.652859857907877816e-02
9.378545510962374432e-02
9.153231352937647725e-02
8.983100434061228046e-02
8.875889326540448154e-02
8.704308634418916890e-02
8.551013752088872100e-02
8.345503666449637092e-02
8.271608363921890972e-02
8.072527489908370990e-02
7.955736966697281309e-02
7.898759559580673106e-02
7.826148135051846921e-02
7.759324776688297787e-02
7.673817282163837572e-02
7.560646534600494462e-02
7.442466955666360295e-02
7.361778431073358331e-02
7.276996711231971393e-02
7.220495591416087322e-02
7.155775349133443319e-02
7.084460241463907959e-02
7.046975954844889034e-02
6.986118285895975832e-02
6.927987539839751407e-02
6.865492463887468144e-02
6.791057023618626842e-02
6.722641962955730466e-02
6.658708174058536322e-02
6.611523722081825982e-02
6.556967426178753056e-02
6.512999511583898726e-02
6.473197459425496236e-02
6.421163588963382796e-02
6.402448264492280328e-02
6.364053943644794320e-02
6.328910202059198631e-02
6.304854460128588023e-02
6.254973167347195606e-02
6.208942042737430889e-02
6.188008459134895778e-02
6.154759129290481023e-02
6.162034473190543260e-02
6.111522963194131186e-02
6.097937132469213872e-02
6.062433023647600949e-02
6.032924118229132660e-02
6.006109420866988929e-02
5.980874253662345208e-02
5.954601975919774498e-02
5.924453064060984653e-02
5.899626324403147576e-02
5.859727165157477963e-02
5.821046798579700837e-02
5.776830646955463666e-02
5.760791172610942729e-02
5.719243485414202133e-02
5.728234209365083013e-02
5.705401504130792195e-02
5.683874340110475765e-02
5.661503001123655704e-02
5.652496016504678783e-02
5.627565845158916114e-02
5.616861967916577519e-02
5.584399349018538683e-02
5.558309308717129804e-02
5.529114797903611489e-02
5.512210431250665066e-02
5.486286327362035337e-02
5.456783156851592598e-02
5.426055286689262375e-02
5.400991315005841675e-02
5.388614994545515985e-02
5.368247763917963905e-02
5.355350301787960982e-02
5.332386064905492162e-02
5.306133352315971219e-02
5.296667387987635117e-02
5.269329703628766737e-02
5.259301215418352160e-02
5.243561133243839628e-02
5.209397477554267991e-02
5.192491584999069792e-02
5.161635925462591812e-02
5.146079560461403607e-02
5.117584594719837982e-02
5.117377478503942756e-02
5.087638470470468716e-02
5.066456528393672304e-02
5.048883887045314128e-02
5.013194736570265875e-02
5.013983720741117117e-02
4.968409009919216163e-02
4.977992392380583414e-02
4.951843190272704753e-02
4.934798857977621550e-02
4.920526528731669624e-02
4.893003560940525215e-02
4.879707212845122571e-02
4.851360986573464290e-02
4.830565340733007640e-02
4.796704178883083591e-02
4.799566498303297485e-02
4.713408465610967324e-02
4.689812107962009619e-02
4.697410537202879183e-02
4.637451900484088063e-02
4.607319002860547907e-02
4.574019163291860590e-02
4.549914081542500571e-02
4.526267911417418410e-02
4.509437117448773097e-02
4.491239638772050874e-02
4.463508826826274173e-02
4.444832074449835829e-02
4.440228649144473821e-02
4.410915811017290800e-02
4.387903578779787234e-02
4.358127399746559993e-02
4.343178959657967297e-02
4.329067207832065084e-02
4.320678789857528707e-02
4.307971320058689296e-02
4.292062422028400381e-02
4.278625799340166069e-02
4.270305710991737641e-02
4.250837912203742769e-02
4.229683093316721765e-02
4.214193508204424482e-02
4.192551633818149964e-02
4.188394820810783375e-02
4.175261415020745104e-02
4.169789452383906164e-02
4.151004986934007240e-02
4.136026799259363840e-02
4.118017866704799801e-02
4.107683538123547279e-02
4.092981571932079871e-02
4.075238016489429738e-02
4.059262186299566338e-02
4.052923298276186331e-02
4.048718302691240584e-02
4.045010684067058826e-02
4.034104260176889223e-02
4.023164105513140493e-02
4.012297399802844389e-02
3.999557925780025669e-02
3.986607405095111967e-02
3.978866785862315153e-02
3.957664892715402616e-02
3.950632829250292494e-02
3.928044672938017789e-02
3.911283735606098377e-02
3.897133500264088335e-02
3.893096868687018902e-02
3.877726993278631656e-02
3.868048220953405197e-02
3.865041475880059973e-02
3.848913873857365275e-02
3.843762138653353949e-02
3.826831815336435155e-02
3.809639960320192198e-02
3.796092732441052470e-02
3.784708629454488354e-02
3.777822044033054411e-02
3.764055225105578106e-02
3.770389582664956940e-02
3.756697797553917861e-02
3.748394913858980187e-02
3.739369621762961976e-02
3.726825611363378254e-02
3.712065282778737735e-02
3.693951818334900716e-02
3.683608375109670430e-02
3.663975291801514073e-02
3.644680517826057869e-02
3.644276611303164798e-02
3.630655253074952654e-02
3.609661028911036879e-02
3.609747918082837487e-02
3.599808962004598378e-02
3.588683803238734010e-02
3.580925063579386280e-02
3.563766277644742769e-02
3.550606944416197230e-02
3.534499640082591765e-02
3.515228808151228679e-02
3.493009508147407877e-02
3.508883469193675719e-02
3.486812754755377192e-02
3.489969668304977735e-02
3.464643706749223617e-02
3.459011262415699617e-02
3.434774779065748879e-02
3.424696207447694429e-02
3.399893024180208889e-02
3.399197116625925219e-02
3.388925173686702097e-02
3.372561748446960966e-02
3.350692672517115861e-02
3.320305370581713017e-02
3.330269381657417760e-02
3.298967190078160722e-02
3.274940959765190729e-02
3.256317646016294864e-02
3.263997846638842099e-02
3.248106205237210470e-02
3.228996166283987918e-02
3.209913098548471122e-02
3.189863175470492723e-02
3.179776152930392785e-02
3.180633013158763039e-02
3.175437599450793569e-02
3.174277790523923060e-02
3.148622591639105295e-02
3.148579672264196355e-02
3.136611136961278690e-02
3.122486860423432167e-02
3.116022715429183493e-02
3.106582861933570097e-02
3.101098330921655752e-02
3.088624489252291341e-02
3.079979564530128597e-02
3.068110999742296174e-02
3.057650449292203393e-02
3.040443182355026877e-02
3.026485312738491640e-02
3.033425420861359662e-02
3.023147634358903241e-02
3.014723645217890977e-02
3.014818209551277731e-02
3.002681714528675910e-02
2.994449057319615096e-02
2.980670988085919182e-02
2.975104732225496845e-02
2.963757914055081474e-02
2.964010371567995725e-02
2.951632947266311091e-02
2.939900677878462890e-02
2.931871725932497924e-02
2.923882118887245751e-02
2.920040238393549828e-02
2.910318955533419683e-02
2.899666888129665693e-02
2.886467000836717700e-02
2.878253386933455477e-02
2.866466431991996147e-02
2.860584050734722716e-02
2.857343518837807128e-02
2.853597714544488587e-02
2.853200936392335726e-02
2.835136725298339350e-02
2.828900997641176085e-02
2.824927790535684824e-02
2.810483495932778256e-02
2.800585412565249552e-02
2.789123115532795780e-02
2.787428395157752481e-02
2.762844579954793628e-02
2.772514652508827407e-02
2.756846566003403123e-02
2.762955586868986665e-02
2.752937142921199273e-02
2.746998708449097104e-02
2.741846480894818971e-02
2.728733763411030078e-02
2.719767114432081537e-02
2.699467929664221832e-02
2.696976239191539032e-02
2.680017022491198303e-02
2.687043457869269653e-02
2.673435669289199804e-02
2.676472105819382649e-02
2.669850441040234196e-02
2.659700818608228337e-02
2.650254492973408080e-02
2.638538796067025141e-02
2.618749772494845252e-02
2.595476426407568316e-02
2.579942251242255818e-02
2.565266211193779552e-02
2.571878056317124586e-02
2.553988410216619445e-02
2.552140169985200879e-02
2.557674340505979027e-02
2.545101155485859218e-02
2.537305230658609689e-02
2.527319867644611112e-02
2.526158686282363799e-02
2.514111210575891917e-02
2.542940231976297677e-02
2.515913585208638323e-02
2.520268984120876618e-02
2.516959219578682877e-02
2.523122610886172415e-02
2.516070392558341848e-02
2.507852299083000377e-02
2.503015330606350730e-02
2.499164574420456239e-02
2.482269252166621060e-02
2.488657310141825785e-02
2.478493116340374849e-02
2.471065413926810950e-02
2.469571500036751507e-02
2.459939914499158220e-02
2.451212148075890274e-02
2.441338495718626059e-02
2.435844472071305861e-02
2.425334802468475867e-02
2.395517580282906234e-02
2.384944935408758737e-02
2.384954715575099068e-02
2.400017875261098443e-02
2.391160587775616186e-02
2.381239258982453116e-02
2.375736834703822895e-02
2.364812577278195549e-02
2.340659363394627726e-02
2.363881077758452423e-02
2.352011402290356962e-02
2.360061227860715469e-02
2.351155180290906074e-02
2.350482998402495666e-02
2.341290782437878762e-02
2.337246491804429935e-02
2.315555244553664169e-02
2.323128871725351971e-02
2.315507337259700704e-02
2.319716593236051394e-02
2.320126092395776926e-02
2.310532577057181416e-02
2.289805478038806075e-02
2.296582332842382959e-02
2.275286856774568975e-02
2.266213083910293552e-02
2.269371673513520191e-02
2.260146104858549651e-02
2.257060614994902195e-02
2.250522558082085345e-02
2.252145043137102412e-02
2.250412298816255666e-02
2.249256835011738745e-02
2.242951827170483470e-02
2.240510593826810365e-02
2.237024938535433355e-02
2.233270290960911661e-02
2.227729875896735171e-02
2.225095481618484528e-02
2.233634449777864225e-02
2.214656466229637105e-02
2.215941580918310769e-02
2.212791188512678101e-02
2.208484102700830620e-02
2.208240802700055586e-02
2.204310948736678058e-02
2.208595160053837547e-02
2.205771009076833850e-02
2.202723694617106029e-02
2.200969922973961337e-02
2.189476776022272406e-02
2.204026960995804363e-02
2.195751454610062742e-02
2.194373432730997719e-02
2.189795266556541359e-02
2.183683144981442628e-02
2.183779923409056786e-02
2.183373197044165617e-02
2.177785197457844310e-02
2.169555851788344120e-02
2.171775851969788562e-02
2.165203689706812762e-02
2.167295294219579935e-02
2.164998434170948075e-02
2.164904698447482623e-02
2.159479196073338381e-02
2.154552941121934406e-02
2.138735776006731384e-02
2.150045914994517388e-02
2.149960340203802694e-02
2.147150028739060190e-02
2.151399327957303695e-02
2.149685050678806428e-02
2.144976283022928878e-02
2.146340325381578332e-02
2.149976168599906923e-02
2.142807556783939138e-02
2.146262952180050254e-02
2.139800413274751609e-02
2.138038587643283778e-02
2.137991138593715867e-02
2.132441537055074568e-02
2.131724892902674140e-02
2.128200171962075712e-02
2.122806793830953748e-02
2.122019074725775209e-02
2.117803358482025708e-02
2.114455349148708016e-02
2.111844187628020286e-02
2.106049379100153468e-02
2.102348442761742264e-02
2.106789916646940874e-02
2.100969922431220743e-02
2.099854025946050820e-02
2.095697847598676500e-02
2.093503895116233249e-02
2.092568241709848870e-02
2.088863958076162333e-02
2.090879337582378025e-02
2.088717418371699441e-02
2.086637823436502878e-02
2.083212753823000460e-02
2.081362965939638487e-02
2.062583437673766798e-02
2.076865530691127462e-02
2.073663949673019632e-02
2.074796934900736967e-02
2.076683863611492736e-02
2.065256032285421595e-02
2.057454095890401402e-02
2.069904657183775296e-02
2.068758901472581707e-02
2.066407632003494296e-02
2.064631096355619422e-02
2.059459356477901307e-02
2.057189701893235093e-02
2.056268273982216066e-02
2.063509593527598426e-02
2.064353081437935236e-02
2.053560364174032010e-02
2.060889834234747725e-02
2.055321674777582305e-02
2.060857302874821717e-02
2.054479907739985636e-02
2.053275854012251780e-02
2.051150252835871185e-02
2.049742629640121869e-02
2.045272666363389530e-02
2.044613422576386716e-02
2.036450083274409656e-02
2.020541261183250378e-02
2.021676403388780741e-02
2.019023164805398493e-02
1.999340197629513594e-02
2.010577060513088835e-02
2.012177937003330197e-02
2.006644136864464342e-02
2.001168469403691655e-02
2.003584234146027487e-02
1.988390197568752973e-02
1.985581101230753445e-02
1.982714900188868243e-02
1.980218462473793892e-02
1.979179134726947314e-02
1.977007655866402924e-02
1.976878579257905846e-02
1.975833075802621575e-02
1.973162097587268654e-02
1.975374472141000134e-02
1.973457172734905882e-02
1.972753691499358128e-02
1.969764466779387255e-02
1.971166704135744741e-02
1.967670648096570690e-02
1.967829918601966127e-02
1.966377356691200937e-02
1.967342579646525272e-02
1.968953300738263135e-02
1.966758862612912745e-02
1.966414111367198458e-02
1.965932746333648104e-02
1.965315187340004738e-02
1.966564531855138562e-02
1.964616974781639019e-02
1.963712481712115432e-02
1.964078397117581185e-02
1.962935094796483884e-02
1.961141949015194480e-02
1.960863339588335766e-02
1.959926965236732238e-02
1.957232081966258849e-02
1.956513295197549740e-02
1.955364218052841468e-02
1.953187321250106009e-02
1.952820331677206089e-02
1.950767803669939751e-02
1.953333785471376288e-02
1.950154314951234660e-02
1.950790924160560741e-02
1.947670093520818477e-02
1.948033687166269776e-02
1.944448243451271652e-02
1.942277732299288115e-02
1.940109728795055138e-02
1.942054522081501297e-02
1.942119096200344702e-02
1.942164932231199917e-02
1.940381910243380373e-02
1.940424405996620319e-02
1.939730983687570215e-02
1.938620811723039059e-02
1.936646817719294561e-02
1.934651064971041126e-02
1.932204252452283944e-02
1.933119983038752987e-02
1.929701631594591196e-02
1.930793145682087666e-02
1.929138735301395152e-02
1.928789860033769399e-02
1.930620889075109273e-02
1.929497760390274166e-02
1.926941485576519342e-02
1.928948302132828252e-02
1.927766488342690793e-02
1.927550625459835063e-02
1.925726867883465615e-02
1.925371791752785930e-02
1.924929598753424495e-02
1.925446351311055349e-02
1.925082292706398884e-02
1.922271553646026296e-02
1.923640214600042322e-02
1.922394758294746278e-02
1.921651771976779638e-02
1.921932070330221662e-02
1.921626952505054928e-02
1.920585681420842322e-02
1.920214845615472732e-02
1.920169972573292777e-02
1.922365222236660509e-02
1.920520506485308074e-02
1.918768606684123287e-02
1.918787575508645177e-02
1.919295206013685307e-02
1.922708379860032027e-02
1.916810745444149852e-02
1.918642960876805123e-02
1.918120530485293435e-02
1.919109729615800855e-02
1.916941410723536909e-02
1.914823253723859503e-02
1.913626984940727457e-02
1.911135376300686362e-02
1.915537273887479158e-02
1.907383481434353489e-02
1.912035073242497260e-02
1.911860525608766875e-02
1.910755085246047813e-02
1.908907594721889062e-02
1.909258993804676188e-02
1.906780557002507939e-02
1.906719158066209896e-02
1.909465282561132252e-02
1.905839473093380587e-02
1.905845298183229952e-02
1.904261711646309044e-02
1.904506075611999208e-02
1.902879786834956247e-02
1.901062808279702435e-02
1.897652132169188460e-02
1.897376163409797076e-02
1.894865686457461798e-02
1.899561845113238376e-02
1.894668146213290480e-02
1.898196635028084889e-02
1.894767735097430822e-02
1.894132552053929067e-02
1.892969188210334025e-02
1.892007553806922954e-02
1.890961128115772535e-02
1.890270669054157013e-02
1.892208416071102309e-02
1.889037512991112791e-02
1.887748814256329927e-02
1.899644984995794983e-02
1.904079363206187189e-02
1.906488065945665181e-02
1.904726716795157593e-02
1.904195016116201969e-02
1.904289503577273612e-02
1.903641067528474493e-02
1.906285144393831191e-02
1.906320768360511911e-02
1.905291267936751881e-02
1.909268627631797652e-02
1.898865638187515956e-02
1.903721042995555959e-02
1.909937224910154482e-02
1.908950292240638516e-02
1.906918298485648505e-02
1.905760884505747557e-02
1.906035087620070942e-02
1.905881638079931495e-02
1.904734812891812484e-02
1.903932593145693172e-02
1.903419204687915867e-02
1.899763810888514121e-02
1.890006482755821407e-02
1.888010510071993012e-02
1.889624136818350564e-02
1.886343103016574485e-02
1.889238193936066887e-02
1.887938897565159813e-02
1.886867154961248058e-02
1.886265025539666379e-02
1.885413011713715087e-02
1.885733464748550955e-02
1.884502856539191015e-02
1.882581075683847915e-02
1.884094783809139514e-02
1.883140584486793848e-02
1.882269443810306170e-02
1.882833640768718023e-02
1.882699553950218166e-02
1.881793454441196833e-02
1.882593495662700234e-02
1.881167616674834370e-02
1.881272364385197515e-02
1.881890115613419137e-02
1.879641920277763667e-02
1.879274136069033346e-02
1.879416371629230934e-02
1.879915668793883873e-02
1.880367056952812754e-02
1.881564341354517375e-02
1.879279830143175400e-02
1.879132255690993403e-02
1.878335079398451429e-02
1.879187480719055406e-02
1.878796710345192328e-02
1.877167841048619709e-02
1.878449480057579543e-02
1.877739611993636815e-02
1.874441828388565337e-02
1.878073624217475174e-02
1.875096649808503241e-02
1.876680874213468644e-02
1.875616260894662907e-02
1.875142019489529910e-02
1.874956034013887732e-02
1.874235653123476619e-02
1.874364415265739395e-02
1.873521961572462841e-02
1.873234679285805740e-02
1.874075048705612506e-02
1.871349234024564934e-02
1.871953593199699242e-02
1.872224633448555178e-02
1.871826675502706941e-02
1.871515686315280980e-02
1.871152904440441175e-02
1.873058946940565905e-02
1.868846638556654824e-02
1.872317400882800298e-02
1.868600123827138595e-02
1.868913649190560161e-02
1.867298278374407428e-02
1.868756604919414102e-02
1.868053298957212185e-02
1.865610159045414870e-02
1.866441318262652624e-02
1.864469260488122934e-02
1.864909292672749935e-02
1.863907769142508775e-02
1.863152005974212308e-02
1.861688048902410825e-02
1.863016398916786040e-02
1.860937446081767019e-02
1.860585627581813617e-02
1.860153699121224607e-02
1.859311244043526309e-02
1.857946417721351162e-02
1.858299276959373900e-02
1.856758256710430710e-02
1.856094301932227630e-02
1.858667589107829837e-02
1.856241188539035220e-02
1.857089328463490049e-02
1.856336663241298091e-02
1.855512587953131107e-02
1.854429832835173889e-02
1.854941740885536830e-02
1.853267309848327313e-02
1.852754161255498744e-02
1.850808772268364849e-02
1.851452649006298315e-02
1.848890028906658572e-02
1.850814937730459533e-02
1.849482051316109210e-02
1.851125713207321666e-02
1.850499855313492148e-02
1.850099172305537734e-02
1.849730308765776959e-02
1.848971166061532875e-02
1.849105736254657781e-02
1.848661184121041731e-02
1.847637760957930586e-02
1.848335843614844556e-02
1.848488055050335685e-02
1.846986258158659494e-02
1.847022097490619644e-02
1.846380552150818713e-02
1.844593282482339183e-02
1.842356877011594105e-02
1.840296080631083700e-02
1.840785464808204416e-02
1.839796098082287223e-02
1.842862096833605343e-02
1.837965081171816575e-02
1.840418239074031667e-02
1.838944309103230854e-02
1.840167755852850293e-02
1.839277638727762273e-02
1.838879139437733096e-02
1.838848890238871034e-02
1.838557981080109552e-02
1.836146732623985742e-02
1.839677273794553675e-02
1.837000172137962656e-02
1.838228219782739661e-02
1.837650662672443355e-02
1.838103686620910088e-02
1.838118465548819330e-02
1.837344771563535761e-02
1.837369530421541219e-02
1.836982561763392599e-02
1.836440255604582586e-02
1.836700024010343504e-02
1.836280101313622626e-02
1.834140229863424204e-02
1.836135691061446806e-02
1.835083134980929759e-02
1.834788536287282681e-02
1.834455847589538252e-02
1.834221122147889488e-02
1.833584310258870587e-02
1.833419069510288171e-02
1.832436307789434005e-02
1.832775423135855550e-02
1.833759053684529128e-02
1.832263710984219363e-02
1.831972897565347855e-02
1.832439210848910843e-02
1.831302982262229470e-02
1.832144828819640830e-02
1.831385361832469499e-02
1.831334215855037403e-02
1.831349180457670506e-02
1.830623237084564106e-02
1.830533093616976831e-02
1.829120123701597281e-02
1.830310323217108556e-02
1.828221334330364795e-02
1.828556653550388739e-02
1.828373188415337650e-02
1.828406490445154062e-02
1.828413801648447190e-02
1.827915640795823443e-02
1.828361350469611887e-02
1.828325839427341268e-02
1.828364021919072491e-02
1.827646069094705783e-02
1.827616179686639489e-02
1.827206407557746895e-02
1.826873368274081755e-02
1.826807912640586451e-02
1.826804606792712532e-02
1.826493675858872900e-02
1.826134443795583359e-02
1.826192881360846898e-02
1.825776521952088283e-02
1.826304064175484840e-02
1.825561938206153589e-02
1.825704597760829592e-02
1.824434866329336172e-02
1.826440621529690223e-02
1.824484917011898535e-02
1.826022495295420711e-02
1.825259676511491180e-02
1.825501319273132445e-02
1.825119174388305579e-02
1.825489852734083970e-02
1.825235005080501349e-02
1.825582565169635643e-02
1.825300984660822162e-02
1.825264318077004719e-02
1.825131276049304224e-02
1.825243027143343480e-02
1.825144080106138808e-02
1.824834296317989768e-02
1.824792432223836317e-02
1.825008872809169222e-02
1.825361071816151981e-02
1.824343484589369818e-02
1.824515761829553773e-02
1.824889438516806225e-02
1.824552308303606721e-02
1.825032053177452762e-02
1.824564133177932618e-02
1.825221475998404369e-02
1.825224441479506715e-02
1.824581985442144325e-02
1.824687196714437631e-02
1.824844799002216245e-02
1.824791049213887392e-02
1.825540746786983790e-02
1.825106075302326478e-02
1.825232761384303071e-02
1.824971230986371928e-02
1.824897842728758976e-02
1.825020007447348061e-02
1.824111317040859673e-02
1.824661996503231659e-02
1.824318451635817059e-02
1.824304142443284107e-02
1.824810553944277228e-02
1.824076205680936688e-02
1.825015080583052007e-02
1.824192841545759641e-02
1.824597543899474442e-02
1.824436724694148207e-02
1.824516541098436181e-02
1.824456871313859599e-02
1.824926807274721008e-02
1.824264283193777897e-02
1.825357930021287781e-02
1.824689160135885627e-02
1.824985015723541021e-02
1.824278778561430961e-02
1.824661740688655887e-02
1.823608321896847198e-02
1.824374976964508038e-02
1.823691065335435874e-02
1.823760103768109000e-02
1.823250272108770109e-02
1.823881538154685858e-02
1.823089955191464773e-02
1.823457572030519683e-02
1.823087406539044761e-02
1.823523860455054241e-02
1.822849418711790931e-02
1.822924100437868858e-02
1.822395390431792370e-02
1.822299531004224066e-02
1.822585515988624921e-02
1.821963709134694770e-02
1.822413070079429570e-02
1.821991981332787836e-02
1.821846458682948450e-02
1.822147203025810749e-02
1.821740418759747529e-02
1.821877676621300526e-02
1.820751118546269295e-02
1.821483462093289804e-02
1.821337516957914626e-02
1.821188324995158883e-02
1.820339044197297890e-02
1.821179617924142263e-02
1.820560599592402351e-02
1.820105298425001017e-02
1.820063684295606179e-02
1.819237977654530533e-02
1.819046823403337731e-02
1.819516095873173131e-02
1.819419486266128649e-02
1.819182628440530955e-02
1.819087202001796327e-02
1.818719462722821062e-02
1.819272608810711817e-02
1.817914325329416519e-02
1.818448296902333561e-02
1.816327953994946107e-02
1.817562693242016220e-02
1.817462697722030049e-02
1.818222822999795638e-02
1.817024003041795358e-02
1.817444784536221408e-02
1.816689696418238159e-02
1.816828304038229508e-02
1.816484145699168856e-02
1.816318579049743323e-02
1.816314916268941052e-02
1.815932321603880989e-02
1.816018614043329177e-02
1.815667761154600782e-02
1.815863399134055173e-02
1.815535589780270867e-02
1.815671051586588078e-02
1.814806090407503417e-02
1.815287000464085171e-02
1.814945780993927615e-02
1.815217666408475497e-02
1.815308397652141970e-02
1.815022234138705115e-02
1.814810891149503183e-02
1.814636558801589403e-02
1.814423276006455615e-02
1.814036702644924656e-02
1.815268503880614406e-02
1.812136397263292009e-02
1.814644237709237690e-02
1.812430223980743618e-02
1.813688335464828938e-02
1.812808470161845001e-02
1.813120629167451828e-02
1.812321034307179390e-02
1.812283590376564599e-02
1.812389556351036435e-02
1.813681262730586219e-02
1.812147723495633606e-02
1.812437495638088633e-02
1.811776367719271363e-02
1.812072576495160278e-02
1.811900409678710716e-02
1.812539774899883660e-02
1.811981366937056789e-02
1.811585042405150156e-02
1.812186928732249444e-02
1.812114218247736983e-02
1.811377481637400921e-02
1.811807002698505656e-02
1.812334085000833275e-02
1.810924642923074368e-02
1.812038936257239982e-02
1.810876399472734904e-02
1.810883020286119943e-02
1.810517653112034275e-02
1.810744316699090459e-02
1.810281947947332826e-02
1.810578875360942600e-02
1.809869144997698631e-02
1.810522181252948587e-02
1.809923629530788697e-02
1.810332106711178002e-02
1.809696873390027883e-02
1.810378466197916716e-02
1.809458060397547974e-02
1.809606724708489808e-02
1.809410606123734375e-02
1.809248420733841275e-02
1.809104336037463401e-02
1.809384110545623689e-02
1.808459409691348663e-02
1.808647319499980324e-02
1.808432604746048819e-02
1.808127535541808467e-02
1.807088423418486828e-02
1.812410176622764046e-02
1.806773906049509437e-02
1.809923926601006081e-02
1.807584505520875781e-02
1.808197269738596319e-02
1.806932560211706520e-02
1.806655036345729964e-02
1.806889127396701933e-02
1.806284478456980300e-02
1.806764120752310521e-02
1.806281898449688811e-02
1.805978952963951945e-02
1.806841403794577638e-02
1.806445228449921406e-02
1.806552836641068735e-02
1.805792448873549949e-02
1.805891932694310420e-02
1.805915992132006362e-02
1.805880950297621135e-02
1.805650646150145852e-02
1.805624179257336870e-02
1.805370132934167732e-02
1.805494541348218879e-02
1.807053023805480982e-02
1.805221086493851920e-02
1.804729098949646102e-02
1.805570168061855496e-02
1.805147968199714847e-02
1.804583139661215807e-02
1.804491891057562886e-02
1.805079219004409458e-02
1.804347312404412304e-02
1.804229085156580648e-02
1.803870084070846591e-02
1.803826184181467687e-02
1.803560727583603321e-02
1.803940399718362980e-02
1.803656855192722550e-02
1.803715679807277664e-02
1.803510131288911175e-02
1.803369588083788763e-02
1.803345128826540703e-02
1.803445370610845880e-02
1.803098942305388433e-02
1.802921966759557168e-02
1.802974201720657435e-02
1.802765148120950844e-02
1.802330381791415748e-02
1.802837492682067902e-02
1.802215052621423605e-02
1.801624927295407061e-02
1.803155226631190239e-02
1.801625774807127586e-02
1.802283700062244295e-02
1.801484830977066395e-02
1.802024048304342110e-02
1.801364833322932624e-02
1.801130509072436728e-02
1.800968282279455379e-02
1.800694424977899999e-02
1.801873116032554067e-02
1.800807207606803378e-02
1.800922529595996163e-02
1.800696539737725241e-02
1.800861534176619733e-02
1.800289700437894200e-02
1.800466467597692383e-02
1.798737314013615016e-02
1.800085253344814104e-02
1.798999251136972760e-02
1.799911185693321702e-02
1.798444421456159986e-02
1.800110107615286378e-02
1.799472718946745070e-02
1.799736101962600560e-02
1.798847239838844564e-02
1.799477940244672419e-02
1.799807765216905608e-02
1.799643901637953958e-02
1.798659953853285962e-02
1.799264500949285250e-02
1.798629410645442503e-02
1.798781820557695740e-02
1.798007440492510947e-02
1.798262728252379705e-02
1.797851603469732829e-02
1.798030751025243498e-02
1.797580663898616996e-02
1.797306619157173699e-02
1.797049581015108463e-02
1.798019293426851573e-02
1.797807765136888794e-02
1.797060491098430648e-02
1.797188843902948474e-02
1.796920012513520196e-02
1.796951117960801647e-02
1.796683075907714103e-02
1.796507289933845647e-02
1.796523523463524133e-02
1.796199659173252500e-02
1.796043342851472505e-02
1.796556314200275020e-02
1.797369968333737550e-02
1.795626857673001536e-02
1.799739138009394390e-02
1.795938984418512380e-02
1.794916361710280350e-02
1.796604821916745684e-02
1.795672944696380738e-02
1.795703975266152788e-02
1.795805361652317092e-02
1.795184859083368695e-02
1.795254439361945731e-02
1.795088276992336251e-02
1.795837429949204492e-02
1.794981206850194966e-02
1.794912919372649782e-02
1.794607573735780906e-02
1.795160609901680707e-02
1.794566063367902461e-02
1.794628971623497132e-02
1.794358643007490026e-02
1.794695362063012528e-02
1.794234192236715542e-02
1.794177037654470092e-02
1.793989857173337171e-02
1.793970277086749665e-02
1.793621954319312220e-02
1.793249711705768162e-02
1.795849993725881152e-02
1.793216065510005661e-02
1.794428422443020490e-02
1.792915068514375557e-02
1.793535833327151302e-02
1.794045570330026970e-02
1.793496495173712083e-02
1.793105331434631175e-02
1.792953396142768843e-02
1.792957328254544611e-02
1.793589849184893531e-02
1.792746692206607581e-02
1.793190945541578429e-02
1.792676312363454191e-02
1.792472731373456404e-02
1.792441800847794156e-02
1.792359357678368834e-02
1.792143537180716784e-02
1.791877506850189303e-02
1.792776432459450980e-02
1.791296639256157938e-02
1.792490863578099711e-02
1.791315839929482137e-02
1.792027867548190087e-02
1.791507545210750674e-02
1.791506497108639670e-02
1.791268405105937017e-02
1.791182693922476962e-02
1.790991700604313563e-02
1.791091578395936218e-02
1.789948759417447910e-02
1.791119396179388298e-02
1.789693799615071218e-02
1.790363802273603824e-02
1.790099049036190590e-02
1.790054436652851674e-02
1.790348068629076667e-02
1.790099418581181726e-02
1.790012164278325518e-02
1.790153524787096648e-02
1.789730175930097714e-02
1.790008680053652851e-02
1.789550561990617406e-02
1.789993783743017847e-02
1.789828342302989678e-02
1.789926860380235477e-02
1.789869751979129495e-02
1.789172640640894832e-02
1.789392466770838019e-02
1.789423901589225208e-02
1.789118694212364288e-02
1.789119497708502315e-02
1.788815192218203703e-02
1.789509119866027759e-02
1.788400300200404178e-02
1.788694409269746960e-02
1.788272840121644947e-02
1.788899263316928376e-02
1.788119635683775230e-02
1.788471289736245570e-02
1.788307637649672044e-02
1.788423290011201955e-02
1.788272427442720233e-02
1.788165736991778262e-02
1.787974633383501016e-02
1.788036587193009633e-02
1.787405137209076983e-02
1.787702282329292278e-02
1.787210782107448090e-02
1.787260339695262087e-02
1.787036902382934875e-02
1.787699742257608734e-02
1.786902862386570770e-02
1.787016764338771740e-02
1.786676183688825151e-02
1.786363001037679157e-02
1.786115523527886939e-02
1.786077070865366156e-02
1.785370298814292767e-02
1.786055161084947052e-02
1.785412836489973926e-02
1.785621940305917241e-02
1.785085156117675528e-02
1.785537431624949212e-02
1.784826112147282900e-02
1.784120016357433613e-02
1.784814503425939322e-02
1.784403254223616148e-02
1.784611232986797053e-02
1.784940849696835599e-02
1.784025093620277003e-02
1.784617645527248123e-02
1.783987872902751542e-02
1.784284543325448738e-02
1.784062818635813452e-02
1.784076052852577587e-02
1.783778259169459604e-02
1.784081195562240568e-02
1.783792719952664516e-02
1.783767765430192831e-02
1.784327756105205665e-02
1.783976636481961545e-02
1.783825862049459587e-02
1.783894122655051151e-02
1.783766958958780957e-02
1.783850315833571468e-02
1.784009548392491429e-02
1.784041873747560167e-02
1.783486916722998999e-02
1.783419238880852922e-02
1.783246569402286569e-02
1.783004774963507094e-02
1.783392689875632278e-02
1.783114344318409428e-02
1.783131085619642925e-02
1.782512180390363743e-02
1.783108719066480233e-02
1.782765914218458619e-02
1.783025011845883190e-02
1.782730781116811936e-02
1.782839287361704869e-02
1.782789130919724269e-02
1.782925602401056603e-02
1.782116540628125162e-02
1.782777164640986234e-02
1.782275017904339995e-02
1.782504634659643275e-02
1.781669881135952357e-02
1.781672704698396281e-02
1.782606743196617910e-02
1.781650042187858662e-02
1.782123050076144313e-02
1.781767578490806025e-02
1.782225126550908423e-02
1.781621121897068033e-02
1.781777970338822153e-02
1.781812525562124702e-02
1.781665727113759118e-02
1.781384689175164598e-02
1.781473493013199794e-02
1.781260390324597778e-02
1.781236166843299176e-02
1.782153267192616505e-02
1.780987810194511675e-02
1.781573706732202805e-02
1.781328834615859488e-02
1.781335390769910043e-02
1.781328093365367946e-02
1.781270557021091480e-02
1.781322944763110913e-02
1.781065266640753306e-02
1.781277698030833342e-02
1.780460185795538011e-02
1.780794190277448438e-02
1.780745187467198259e-02
1.780753784576506391e-02
1.780298545433604829e-02
1.780698748128197589e-02
1.780361876360188680e-02
1.780212342051176733e-02
1.780070122031710694e-02
1.780245185978862610e-02
1.779687100177395481e-02
1.779871527153296246e-02
1.779710421918483110e-02
1.779673245513398519e-02
1.779375743180067887e-02
1.779809522454947612e-02
1.778799551733848197e-02
1.779208939483275728e-02
1.779036262592303963e-02
1.778938013882894187e-02
1.778851612836067353e-02
1.779357895399638623e-02
1.777073524852876979e-02
1.778765202784226077e-02
1.777746918173335119e-02
1.778274016045025552e-02
1.778130445660089723e-02
1.778024496665313661e-02
1.778156698471261565e-02
1.777759227645590162e-02
1.777054375527829105e-02
1.777533057822611520e-02
1.777662462003127414e-02
1.777572717484647569e-02
1.776799657475644501e-02
1.777523179110646750e-02
1.777045422488315179e-02
1.777120501854613510e-02
1.776812593650346078e-02
1.777035683982713249e-02
1.776263509822508663e-02
1.776898967970409748e-02
1.776427282123397428e-02
1.776398537147385812e-02
1.776203002615208901e-02
1.775720507836992673e-02
1.776758650161960190e-02
1.775545680368555493e-02
1.776122266477036041e-02
1.775539760816047599e-02
1.775724357289722513e-02
1.775796086734759624e-02
1.774753544210830661e-02
1.775592036342024324e-02
1.774882912651207928e-02
1.775603386123953895e-02
1.775422252178761318e-02
1.775458213142130232e-02
1.775126050252887749e-02
1.775346205653415346e-02
1.775411919746312100e-02
1.775372495822028288e-02
1.775131049162789396e-02
1.775322432223021274e-02
1.774964627440707779e-02
1.775174525834662814e-02
1.774934363621489750e-02
1.774840765573907145e-02
1.774829822116489111e-02
1.774658193247527146e-02
1.774564562674489296e-02
1.774420465368158756e-02
1.774337381844273004e-02
1.774255183584797640e-02
1.773871328125935232e-02
1.773943200873404069e-02
1.773434330375279339e-02
1.776581048126446918e-02
