1.000000000000000000e+02
8.611111111111108585e+01
8.388888888888889994e+01
4.000000000000000000e+01
2.611111111111111072e+01
1.722222222222222499e+01
1.666666666666666785e+01
1.944444444444444642e+01
2.111111111111110716e+01
1.444444444444444819e+01
2.055555555555555358e+01
1.833333333333333570e+01
1.111111111111110894e+01
1.555555555555556069e+01
1.888888888888887863e+01
1.555555555555555891e+01
1.333333333333333570e+01
1.777777777777777501e+01
1.666666666666666430e+01
1.277777777777777679e+01
1.888888888888888218e+01
