0.000000000000000000e+00
2.367909602323040819e+00
3.091538964451892912e+00
4.201704533597564684e+00
2.798073999556817792e+00
2.662419457233428322e+00
3.042903097250922340e+00
2.841853565411630811e+00
3.507780886681948651e+00
2.184871289444832776e+00
3.485714526652587963e+00
2.976243385773082561e+00
2.400274332743652206e+00
2.068776302780584331e+00
2.574007459836156197e+00
2.597878209888915269e+00
2.408831487630977541e+00
3.136142685928377194e+00
2.078698548207745134e+00
2.031136234547594732e+00
2.911591704745710718e+00
