0.000000000000000000e+00
1.296957503325416816e+01
1.693305628236463534e+01
2.301368353023109137e+01
1.532568247125969307e+01
1.458267194267409650e+01
1.666666666666666430e+01
1.556547302902433216e+01
1.921290718421176180e+01
1.196703290474333947e+01
1.909204475271064894e+01
1.630155639013467450e+01
1.314684396244359199e+01
1.133115447465063497e+01
1.409841948938835721e+01
1.422916497207299358e+01
1.319371343004213060e+01
1.717736092637811751e+01
1.138550085106622056e+01
1.112499133027821507e+01
1.594744454934147093e+01
