1.074806598680527886e-01
6.125470989103885128e-02
5.094198426638681804e-02
1.953956665717298050e-02
1.045134798819474971e-02
2.065834135212383377e-02
4.768789200515738402e-03
3.208676504741874748e-03
1.505081352407088230e-03
1.693278968679511704e-03
1.268719478743622403e-03
6.646223891079970376e-04
4.665725431226265215e-04
6.713102012853139865e-04
5.941660697476938702e-04
3.336098227040287193e-04
2.246657102555790731e-04
1.270714047250716026e-04
1.682493926574620815e-04
8.839919956529493155e-05
1.315425770695724474e-04
6.761774395467728136e-05
8.603962358268943964e-05
5.632355708476501934e-05
4.826786917308582375e-05
3.965947478814095978e-05
2.532305012404471040e-05
5.892131524782639947e-05
3.090060087553103896e-05
2.859304683171837947e-05
1.686027523818604774e-05
2.568226800053509667e-05
1.568919553198136862e-05
1.588730592419942736e-05
1.248119433398052758e-05
1.179532969017593836e-05
9.002003900751754149e-06
7.493650646895568615e-06
8.160586567230228988e-06
4.911974804659538201e-06
6.643430300049575999e-06
3.380164606819115575e-06
7.583446911212705768e-06
3.721076483647821988e-06
5.042224749343313965e-06
4.272092927317881728e-06
4.094583721178521795e-06
3.346524630456353657e-06
3.675248426941038033e-06
1.907648446360802088e-06
3.695810982388394325e-06
2.518360507600020662e-06
3.050853108703005612e-06
2.806882640746722111e-06
2.456150863946890549e-06
2.375788453155635654e-06
2.276791829309886857e-06
1.937197016166003248e-06
1.931155438994372804e-06
1.211854926429469597e-06
2.053018676340270987e-06
9.435777906291468106e-07
1.895471278185403543e-06
1.179484601779489519e-06
1.163318883858138120e-06
1.007085059617492707e-06
9.172046525337277633e-07
9.020108369627044318e-07
7.678584352713811861e-07
1.098852955860240410e-06
6.928625399038750226e-07
1.154263544940752490e-06
8.314880582889515117e-07
8.922365991616427901e-07
7.865628643663683088e-07
7.618552256745178104e-07
8.720754192575786594e-07
8.194360071900226354e-07
6.824538579100626161e-07
1.338398339393920908e-06
6.712374064155256518e-07
9.631818937682419533e-07
7.810006335511779827e-07
8.087841981652696291e-07
7.185809802194397944e-07
9.597087704204510024e-07
8.950863132245590447e-07
7.587829040170425890e-07
8.624083570784456538e-07
6.939337182851418441e-07
9.595886074502382004e-07
6.000728991731765547e-07
1.053576025400452529e-06
6.916967088945932146e-07
7.721442722257124324e-07
7.796209376007653705e-07
7.759135175857056710e-07
9.043120177497208659e-07
7.221636978158509843e-07
7.098362898942624394e-07
7.566401427336879911e-07
6.258777058020497039e-07
1.000068571881869069e-06
6.483667677020636290e-07
7.618684855719330464e-07
7.536076510182576748e-07
6.911843143580610543e-07
7.607490706866169714e-07
6.441854081820032584e-07
7.888579459875124031e-07
5.516894733445432307e-07
7.807350948685003947e-07
6.236410125706010545e-07
7.156124678923850922e-07
6.819039496753181034e-07
7.605456227664850556e-07
6.243248851402567514e-07
8.233748044093343923e-07
5.475189431307314348e-07
8.080541802956647467e-07
6.315879869846663311e-07
6.576722520870314727e-07
6.425686767701049691e-07
6.859389304656044254e-07
6.381592285652136477e-07
7.155984406133624259e-07
5.589657093379493977e-07
9.312975054212328034e-07
5.269706689904238737e-07
6.861399400597824430e-07
6.236509646192906219e-07
6.162587557896557006e-07
6.117480584107430629e-07
6.201718674328100366e-07
6.283435409944801584e-07
4.576728423384822346e-07
7.593341014419026052e-07
4.718210297210001352e-07
7.000832315794579131e-07
5.926432255474401903e-07
6.445438475473085970e-07
5.442756981423477637e-07
5.964622260256929547e-07
5.977131635277695096e-07
6.018174294036652137e-07
5.793240871277804568e-07
5.946707740422015827e-07
6.263374958737382031e-07
5.252392817942362679e-07
6.993898408044833257e-07
5.116288187092287698e-07
6.429197261867894008e-07
5.646379621267540580e-07
5.807154234399362551e-07
5.684905868209190127e-07
5.871577987160129159e-07
5.451786664146243155e-07
7.514071414403652113e-07
4.805645165849568573e-07
7.626307979249163824e-07
4.632060734289717088e-07
5.837090065009076219e-07
5.423909027029544607e-07
5.327870322612612528e-07
5.485529174997764565e-07
5.162285635665699485e-07
5.090841774551468159e-07
5.166995022250701615e-07
5.057322653998710463e-07
6.428624782340870474e-07
4.438914671712181423e-07
5.679736814154957418e-07
4.520718750474355090e-07
5.713216551902831240e-07
4.922752644578823843e-07
5.275835568596505605e-07
5.240143338339245697e-07
5.097925103181875166e-07
5.202095680982265914e-07
5.274660738134075325e-07
5.253197506854677005e-07
5.072179044742272032e-07
6.829279298791733408e-07
4.475990512198152768e-07
7.823291375733626745e-07
4.042219897163165113e-07
5.933899156924580679e-07
4.467768055669669941e-07
5.255569159713667779e-07
5.267709892115733576e-07
5.421514713869670117e-07
5.188223982641924877e-07
5.300558846751366843e-07
5.349256690796867409e-07
5.474819327328067923e-07
5.072473086910973264e-07
7.037986470975853998e-07
3.685159657885577577e-07
5.972795000128326003e-07
4.326705233901032610e-07
5.468517483571417985e-07
5.273595217358241270e-07
5.365580133009857730e-07
5.420878685510383435e-07
4.819675171559502136e-07
5.029485538486156605e-07
4.975385658811316643e-07
4.730251637958496293e-07
6.494229178169861421e-07
4.733039099482272605e-07
5.417273273549856444e-07
4.932711694225015441e-07
5.036548995877926078e-07
5.172998893403297129e-07
5.858078905421825057e-07
4.506948528683698586e-07
5.345877544512000282e-07
4.679323558848052184e-07
6.340338055114668747e-07
4.659375375510350746e-07
5.658122976480119451e-07
5.223656291983473871e-07
5.443359145251940608e-07
5.593497748591112301e-07
5.413418204047030116e-07
5.614537052669598320e-07
4.927251146622530306e-07
6.891091056743316019e-07
4.529377502272926842e-07
5.885619328958374417e-07
5.032141456074474202e-07
5.102277212323639824e-07
5.074199389648996070e-07
5.021775204607895408e-07
5.064734303255431469e-07
5.038834301349702377e-07
4.954956455770643180e-07
5.315006048596826253e-07
4.834451378591689635e-07
6.163015101250987241e-07
3.643000184016527654e-07
5.457667445246017996e-07
4.907278994703766684e-07
4.989920531829381321e-07
5.035689772752659583e-07
5.027664352190741464e-07
4.950454396633072670e-07
4.942254593483183618e-07
5.014277504221659341e-07
3.678626159362313627e-07
1.068594889772631494e-06
4.228282004109507038e-07
6.961114852374618135e-07
4.473514383598336455e-07
5.192730884396113127e-07
4.468697623826808175e-07
4.946242372390179097e-07
4.818347268012095881e-07
4.784211272136176102e-07
4.865524431060385662e-07
4.554509714241001261e-07
4.600305719319114494e-07
4.411967912933129640e-07
4.738164526266853572e-07
3.420340152190304437e-07
5.216495528706832506e-07
3.781336801706721297e-07
4.635005051920148717e-07
4.387687115956294792e-07
4.496009228558899062e-07
4.514858923346813545e-07
4.396560706212888122e-07
4.442549367167544983e-07
4.373550952588934911e-07
4.385649748042250883e-07
4.384081816484631049e-07
4.040951617644930753e-07
5.519384461417019206e-07
2.861855108135035866e-07
4.885337320136369455e-07
3.433169882872365081e-07
4.676353454000697801e-07
3.842907944632862888e-07
4.065875064374080743e-07
3.984921220901418136e-07
4.030025656740290445e-07
3.969191496823048053e-07
3.969075742943533851e-07
3.824487940673365314e-07
4.966828137112641120e-07
3.764536803817636995e-07
4.293446255219945891e-07
4.174092038623891757e-07
3.993020025471077309e-07
3.922558235212198003e-07
4.356595007663248530e-07
4.380529044316180602e-07
4.453220224512008415e-07
4.511745827433893415e-07
3.928035776904336305e-07
6.477458660895715099e-07
4.138562200730539721e-07
4.901506450994267280e-07
4.005278321922378043e-07
4.258876741432559729e-07
4.257479175222617467e-07
4.258653024463876792e-07
4.280830110514294279e-07
4.300150244980899795e-07
4.363897396704567118e-07
4.335697311590459612e-07
4.956489738919153717e-07
3.201085332108428039e-07
4.698443565373935974e-07
4.211984395261972370e-07
5.219201416250767907e-07
3.568640881127099495e-07
4.712990612257349423e-07
4.256045180727096030e-07
4.365389227436422236e-07
4.427798907656001755e-07
4.438234114720273725e-07
4.437277328271916193e-07
4.494070638567599417e-07
4.289615786775549467e-07
4.606046172053802387e-07
3.471807342616784197e-07
6.104675394576633424e-07
5.015430151761527384e-07
4.857721009555313919e-07
4.359039682346109474e-07
4.204604078375321907e-07
4.229336722161625122e-07
4.189594056796386961e-07
4.171968227950742684e-07
4.152906541939707551e-07
4.118678750920811791e-07
4.154137204219277906e-07
4.067834663731708668e-07
4.589476133816981265e-07
3.978418039259190281e-07
4.440128993013949139e-07
2.971029274866140855e-07
5.196260549427797858e-07
3.275109686730032156e-07
4.437688342241433555e-07
3.758341815298404138e-07
4.126454632762573991e-07
4.155742270721700549e-07
4.231237019799455704e-07
4.002491826386902629e-07
4.457111474692516111e-07
3.942487320147585757e-07
3.899124555150928456e-07
3.792613782877320549e-07
3.784201270529287667e-07
4.076000981237268522e-07
2.826178260845823550e-07
4.419372979491460388e-07
2.981607665586057784e-07
3.944813056771996038e-07
3.848864852270336376e-07
4.070134468061752506e-07
3.616854777237044826e-07
