5.874866462107131843e-02
5.354316924989371840e-02
1.946333832713731393e-02
1.062498789961084829e-02
2.021563141553764029e-02
4.659845309101393052e-03
2.021316997914324957e-03
1.614000672577201381e-03
7.408960002600302810e-04
1.058244889724369768e-03
4.846780872293873386e-04
5.667903020214427531e-04
3.309235673393346941e-04
5.693263030016354909e-04
1.820733721285488311e-04
2.221004998070232473e-04
1.704669576615376397e-04
1.211370907410285581e-04
1.231257247307705922e-04
1.595348108903682743e-04
1.090930015413369439e-04
1.070453398682513291e-04
8.397123157702528272e-05
7.966675572723398539e-05
7.257629187210156536e-05
7.478664727977804713e-05
7.501614990422647089e-05
6.975900227383371674e-05
7.121688712259980313e-05
5.250615473978777783e-05
7.800554893267498669e-05
6.198135819976698211e-05
6.233076010597014415e-05
6.659416110734287279e-05
5.654622643984590877e-05
5.766567926179340988e-05
4.812779332659506516e-05
6.107040369209751471e-05
3.842969826633791292e-05
5.440812247682747226e-05
4.080160117642166401e-05
5.583373265789022717e-05
4.263441931780827113e-05
4.839368051941364329e-05
4.776086182759725998e-05
4.758792660645027749e-05
4.751871054970087279e-05
4.973233472604833577e-05
4.012846571933577599e-05
4.836003732156029584e-05
4.156225394859206033e-05
4.431130446383443015e-05
4.433813539976023249e-05
4.215716885936095882e-05
4.304186588883400586e-05
4.207336687917371040e-05
4.108552560179601099e-05
3.991719044061746294e-05
3.801394346355771632e-05
4.859986633274061910e-05
3.655879569176701655e-05
4.698561955176525600e-05
3.878296296176512585e-05
3.927373122072476619e-05
3.852952121203697343e-05
3.635434880322038813e-05
4.062072521470737915e-05
3.535301531701482618e-05
4.507043119847343250e-05
3.588647715818677050e-05
4.290634481256394421e-05
3.653238625750975698e-05
3.621633014296794296e-05
3.532361870507088019e-05
3.603266317126478007e-05
3.474543661974463873e-05
4.379344359867298444e-05
3.142852760568091704e-05
4.982639401877488316e-05
3.308586060783351115e-05
4.159112866204661539e-05
3.711098520088468842e-05
3.965599606128014713e-05
3.568127324756733345e-05
4.613149271852744616e-05
3.852144110795190866e-05
4.119461397316930836e-05
3.970858621177140611e-05
3.706445682337177670e-05
4.460001343168376397e-05
3.416280437518235644e-05
4.714343113785788317e-05
3.763289656437224468e-05
4.044532546382588955e-05
4.014464915997321319e-05
4.326813410013168103e-05
3.974520077294576740e-05
4.026255866760426548e-05
3.775268612506327314e-05
4.122617032589036962e-05
3.576754542279041301e-05
4.660206407716656541e-05
3.587858146385511029e-05
4.099504291688207378e-05
3.765464814305761191e-05
3.937653503357061325e-05
3.754682962249457270e-05
3.578316298752175320e-05
3.975475220411020316e-05
3.188480378499026222e-05
3.863613225578697060e-05
3.381458689719377912e-05
3.629664692869093482e-05
3.544158800343264859e-05
3.422992010202888311e-05
3.732227506066569743e-05
3.693489919278383310e-05
3.227662344313627561e-05
3.744865433961645101e-05
3.394768007839459896e-05
3.342121548196688220e-05
3.295376634002544888e-05
3.385106744605783800e-05
3.269228268024015525e-05
3.442097297709995003e-05
2.894268052652109951e-05
3.819278407997177635e-05
2.859098313744616070e-05
3.265099045714039744e-05
3.125913996455932463e-05
3.108853643653116609e-05
3.077881762292398478e-05
3.041852935317764428e-05
3.104044239520590512e-05
2.366050146991587557e-05
3.343282987484407686e-05
2.665880856705567790e-05
3.000123343765250173e-05
3.066965202871791091e-05
3.033124491748304807e-05
2.729443566628000911e-05
2.921695043119523880e-05
2.922667168669856506e-05
2.926372820142992257e-05
2.920674605648037570e-05
2.843038672439969988e-05
3.209772796178183202e-05
2.271962048631838286e-05
3.360231241023760041e-05
2.589713413648406825e-05
3.120757409664052807e-05
2.823933490011028703e-05
2.840560664869874369e-05
2.807420311590576033e-05
2.748485316283817064e-05
2.768425525233398349e-05
2.672195529355118684e-05
2.422363763520904252e-05
3.265538848027624589e-05
2.309269710204358563e-05
2.783015719020901288e-05
2.610681780183885585e-05
2.551259062620634484e-05
2.450360045495249582e-05
2.381394991834788659e-05
2.259172344241625079e-05
2.220412031083535652e-05
2.045837468596611481e-05
2.728637623681623393e-05
1.365252799253983193e-05
2.488905908301111241e-05
1.735177249176709748e-05
2.372970460210176123e-05
2.053316048310874727e-05
2.170737881739680404e-05
2.151678102387732862e-05
2.083590754515913336e-05
2.070728151593574260e-05
2.121397944514505308e-05
2.000518593594997861e-05
2.084414893892524490e-05
2.063443380217893801e-05
1.708802130394081263e-05
2.666842641978238118e-05
1.530719510801889751e-05
2.230831246681760834e-05
1.695454779996822251e-05
2.018825174692852724e-05
2.013447928868859239e-05
2.028869278973018838e-05
1.937578118216961049e-05
1.952682284614800889e-05
1.966472179320088203e-05
1.909711956197547681e-05
1.865740656593641554e-05
2.078268523744673937e-05
1.292450660341846139e-05
1.973424747901845330e-05
1.533733015751482802e-05
1.861063266673543707e-05
1.767416948214888315e-05
1.761515182835690716e-05
1.735355027487033906e-05
1.532264563295749704e-05
1.542095288420517680e-05
1.464629144022489417e-05
1.396821061467521158e-05
1.535405036157544360e-05
1.374445308826853946e-05
1.472707791680753404e-05
1.325130745899539609e-05
1.301106538377059345e-05
1.270682541470220483e-05
1.316883786672377436e-05
1.032983158916804954e-05
1.281796856928111387e-05
9.729939727854298388e-06
1.473775224980713310e-05
1.055956924438611521e-05
1.311403908431547069e-05
1.201227874491486349e-05
1.221914657339049902e-05
1.224543719430872374e-05
1.168103994599063468e-05
1.154572599575945293e-05
1.073689717781724607e-05
1.345650452549818501e-05
1.022946461623611089e-05
1.223727526156419644e-05
1.096971884583791108e-05
1.089212279030698862e-05
1.074293183253493301e-05
1.052047732949305929e-05
1.044845714697116073e-05
1.021142589784039771e-05
9.947904284486309517e-06
1.018935428114756571e-05
9.339974372781869154e-06
1.076858935891083512e-05
8.341216537183668110e-06
1.010602135156746416e-05
9.350587569465929958e-06
9.296328211176631138e-06
9.170880516464918373e-06
9.026392608487014259e-06
8.693462361324978604e-06
8.416234281567828166e-06
8.147122696073966786e-06
7.877776072435699992e-06
1.427339545341839269e-05
8.158794758469088928e-06
1.040753257951932988e-05
8.246853202112029471e-06
8.740464427851763019e-06
8.023575718606432329e-06
8.368522080432661098e-06
8.168485023987966738e-06
8.023707454043766275e-06
8.038046293963882897e-06
7.498802780359548142e-06
7.443925838703188035e-06
6.949694193460498077e-06
7.132627965721963260e-06
5.976157874919006955e-06
7.688883215187746522e-06
6.015613103002659093e-06
7.205048221364287648e-06
6.783174658196428522e-06
7.085281181031308009e-06
7.124967239307646421e-06
7.078050577038317882e-06
7.146855696357416919e-06
7.088283037377342749e-06
7.115184802546638436e-06
7.061287239859649112e-06
6.711901675363490104e-06
8.290429611783283780e-06
6.483307173950635995e-06
7.258527610415249471e-06
6.386006524623981098e-06
7.243454933180768770e-06
6.666860301362884535e-06
6.954875988910260393e-06
6.864991180724505506e-06
6.970706212748705238e-06
6.917118199836920083e-06
6.968976362988610392e-06
6.919007384159729081e-06
8.159584056933382406e-06
6.484417781033590081e-06
7.491533063659229175e-06
7.035566897416729742e-06
7.083122334654915621e-06
6.944321780766844728e-06
7.256550334981217947e-06
7.223778230691394238e-06
7.183105034758954374e-06
7.085778021369593284e-06
6.801074101218587816e-06
9.255279569860609226e-06
6.651609813623673641e-06
7.641979524900962374e-06
6.699492274648084081e-06
6.948513167700329019e-06
6.903522908502970428e-06
6.862396117457180034e-06
6.828508404818728838e-06
6.770033496414982554e-06
6.769276921622769286e-06
6.707410270417979128e-06
7.339840367298853566e-06
7.113427478707342274e-06
6.980675447163833442e-06
6.990835795877060672e-06
7.677653123123261595e-06
6.706299233074786797e-06
7.343555973388619290e-06
6.934432950500136041e-06
7.046687011438122936e-06
7.107987708758674971e-06
7.108401113029327357e-06
7.084901140387009386e-06
7.147160973365917107e-06
7.048884557228030758e-06
7.184998983559158682e-06
6.703373215767065401e-06
8.369304964382034168e-06
6.666824184394041330e-06
7.397249076059524206e-06
6.752375580616932071e-06
6.876641370492052748e-06
6.897979401080571457e-06
6.904373570574518695e-06
6.892217418596449396e-06
6.891874546308595938e-06
6.893011012523078035e-06
6.878827139403815738e-06
6.912195593354288547e-06
6.694115798857510660e-06
6.589006271661362819e-06
6.773144473523368390e-06
6.937140358867941222e-06
7.629442069721343626e-06
6.557230981549257799e-06
7.014890784812064022e-06
6.588862829513221794e-06
6.824083372940149662e-06
6.869754108212144307e-06
6.906784070558157136e-06
6.918083074749957995e-06
6.879885078213320436e-06
6.986522648782726986e-06
7.016385613660486301e-06
7.128244598398335871e-06
7.232107790175587663e-06
7.578862958478670251e-06
7.793977046540056559e-06
7.683907401467560794e-06
7.234746413111935477e-06
7.194240407676606761e-06
7.363690488157103986e-06
7.406028425505270395e-06
7.136371278215815711e-06
7.761590630844075574e-06
